10 0.401042 0.863281 0.400391 0.864746 0.401693 0.864746 0.401042 0.863281
10 0.082682 0.509277 0.083984 0.509766 0.086589 0.512207 0.087891 0.513184 0.090495 0.513672 0.095052 0.513672 0.096354 0.514160 0.098307 0.515137 0.100911 0.516602 0.106120 0.520996 0.108724 0.522949 0.111979 0.523438 0.113281 0.523926 0.114583 0.524414 0.115885 0.526367 0.118490 0.528320 0.123047 0.528320 0.125000 0.529785 0.126302 0.530273 0.128906 0.530762 0.130208 0.531250 0.134766 0.534668 0.138021 0.535645 0.139323 0.536621 0.142578 0.539551 0.143229 0.539551 0.145833 0.541504 0.147135 0.543457 0.147786 0.545410 0.148438 0.546387 0.150391 0.547852 0.151042 0.548828 0.151042 0.549805 0.151693 0.550781 0.154297 0.553223 0.156250 0.556641 0.156901 0.559082 0.157552 0.560059 0.159505 0.561523 0.160156 0.562500 0.160807 0.564941 0.162109 0.565918 0.162760 0.566895 0.163411 0.569336 0.166016 0.573242 0.170573 0.576660 0.171224 0.578125 0.172526 0.580078 0.173177 0.582520 0.173828 0.583496 0.175130 0.584473 0.179036 0.586914 0.179688 0.588379 0.179688 0.589844 0.180339 0.591309 0.182943 0.592773 0.183594 0.593262 0.184245 0.594238 0.184245 0.595215 0.186849 0.597168 0.187500 0.598145 0.188151 0.600098 0.190755 0.601562 0.195312 0.605469 0.195964 0.606934 0.196615 0.607422 0.197917 0.607910 0.199219 0.607910 0.203125 0.610840 0.208333 0.615234 0.208984 0.616211 0.209635 0.618164 0.210286 0.622559 0.210286 0.623535 0.210286 0.630371 0.209635 0.636230 0.209635 0.638184 0.210286 0.639160 0.210938 0.640137 0.215495 0.644043 0.217448 0.647461 0.218750 0.648926 0.221354 0.651367 0.222656 0.652344 0.223307 0.652344 0.224609 0.653320 0.225260 0.654785 0.228516 0.657227 0.229818 0.657227 0.231120 0.657715 0.232422 0.658691 0.233073 0.661133 0.233724 0.662109 0.235026 0.663574 0.236328 0.664551 0.240234 0.665527 0.240885 0.666504 0.240885 0.667969 0.241536 0.669434 0.244141 0.671387 0.245443 0.671875 0.246745 0.671875 0.249349 0.673828 0.249349 0.676270 0.250000 0.678223 0.250651 0.679688 0.251953 0.680664 0.255208 0.680664 0.256510 0.681641 0.256510 0.684082 0.257161 0.685059 0.257812 0.685547 0.258464 0.685547 0.259766 0.686523 0.261068 0.687012 0.262370 0.687012 0.263672 0.687500 0.265625 0.688965 0.266276 0.689941 0.266276 0.692871 0.266927 0.693848 0.267578 0.694336 0.268880 0.694824 0.270833 0.695312 0.273438 0.697266 0.273438 0.699707 0.274089 0.700684 0.275391 0.701660 0.276693 0.702148 0.278646 0.702148 0.283203 0.705566 0.283203 0.707031 0.283854 0.708008 0.284505 0.708496 0.289714 0.711914 0.291667 0.712402 0.292969 0.713379 0.294271 0.715332 0.294271 0.716309 0.294922 0.717285 0.298177 0.719727 0.299479 0.720215 0.301432 0.720215 0.302734 0.721191 0.303385 0.723145 0.304036 0.724121 0.307292 0.726562 0.309896 0.727051 0.311198 0.729004 0.311198 0.732422 0.313802 0.734375 0.316406 0.734375 0.318359 0.734863 0.324870 0.739258 0.326172 0.740234 0.328125 0.743164 0.328125 0.748535 0.330078 0.750000 0.332682 0.749023 0.333984 0.749023 0.337891 0.751465 0.341146 0.752441 0.341797 0.753418 0.343750 0.756836 0.346354 0.758789 0.348958 0.759277 0.349609 0.760254 0.349609 0.761230 0.350260 0.762207 0.350911 0.763184 0.353516 0.765137 0.354818 0.765625 0.356120 0.765625 0.357422 0.766113 0.358724 0.767090 0.360677 0.770508 0.366536 0.774414 0.369141 0.776367 0.369141 0.776855 0.371094 0.778320 0.371745 0.778320 0.373047 0.779297 0.373698 0.780762 0.375651 0.782227 0.378255 0.783203 0.380208 0.784668 0.382812 0.788574 0.385417 0.790527 0.386719 0.790527 0.388021 0.791016 0.388021 0.791992 0.388672 0.792480 0.388672 0.794434 0.389323 0.795410 0.390625 0.796387 0.393229 0.797363 0.395182 0.797363 0.396484 0.797852 0.397786 0.798828 0.398438 0.800293 0.402995 0.803223 0.403646 0.803711 0.405599 0.805664 0.406250 0.806641 0.406250 0.810547 0.408203 0.812012 0.411458 0.811523 0.414062 0.813477 0.415365 0.813965 0.416667 0.814453 0.419271 0.814941 0.419922 0.815918 0.420573 0.817871 0.421224 0.818848 0.423828 0.820801 0.425781 0.821289 0.427083 0.821777 0.427734 0.823242 0.430339 0.827148 0.431641 0.828125 0.434896 0.828613 0.436198 0.829102 0.438151 0.830566 0.438802 0.832520 0.440755 0.833984 0.441406 0.833984 0.443359 0.835449 0.450521 0.840820 0.451172 0.842285 0.454427 0.844727 0.456380 0.844727 0.458984 0.845703 0.459635 0.846680 0.459635 0.847656 0.462240 0.849609 0.462240 0.850586 0.462891 0.851562 0.465495 0.852051 0.466797 0.852539 0.467448 0.853516 0.467448 0.857422 0.468750 0.858398 0.470052 0.858887 0.473958 0.858887 0.477865 0.862305 0.481120 0.864258 0.482422 0.865234 0.483073 0.866699 0.485026 0.868164 0.486979 0.868652 0.488932 0.870117 0.490234 0.872070 0.490885 0.874023 0.493490 0.875977 0.494792 0.876465 0.498047 0.876465 0.499349 0.877441 0.500000 0.878906 0.501302 0.879883 0.501302 0.880371 0.501953 0.880859 0.505208 0.882324 0.509766 0.886719 0.510417 0.887207 0.512370 0.887695 0.513021 0.888184 0.513672 0.889648 0.515625 0.891113 0.517578 0.891602 0.520833 0.891602 0.523438 0.893555 0.523438 0.894043 0.525391 0.895508 0.526042 0.895508 0.528646 0.897461 0.529297 0.898438 0.529948 0.899414 0.530599 0.900879 0.529948 0.904785 0.530599 0.905762 0.531901 0.906738 0.533203 0.907227 0.534505 0.907227 0.535156 0.906738 0.536458 0.906738 0.539062 0.907715 0.542318 0.907715 0.544271 0.908203 0.544922 0.911133 0.545573 0.913086 0.546224 0.914062 0.548177 0.915527 0.550130 0.916016 0.552083 0.917480 0.553385 0.919922 0.554688 0.921387 0.555990 0.922363 0.560547 0.922363 0.562500 0.923340 0.563802 0.924316 0.564453 0.926270 0.565104 0.927246 0.567057 0.928711 0.567708 0.930176 0.569661 0.931641 0.570964 0.932129 0.575521 0.932129 0.575521 0.935059 0.576172 0.936523 0.578125 0.937988 0.579427 0.938477 0.583984 0.938477 0.585938 0.938965 0.587240 0.939941 0.587891 0.939941 0.588542 0.940430 0.589844 0.941406 0.591146 0.942383 0.591797 0.943848 0.592448 0.945801 0.592448 0.951660 0.593099 0.953613 0.594401 0.955078 0.594401 0.956543 0.595052 0.958496 0.598307 0.958008 0.598307 0.959961 0.597656 0.960449 0.597656 0.962891 0.599609 0.964355 0.600260 0.965820 0.600260 0.967285 0.599609 0.968750 0.598307 0.969727 0.597005 0.969727 0.596354 0.971191 0.598307 0.971680 0.598958 0.973145 0.598307 0.975098 0.597656 0.975098 0.595703 0.976562 0.595052 0.978027 0.593750 0.981445 0.593099 0.982910 0.591797 0.983887 0.585938 0.983887 0.583333 0.984863 0.578776 0.985352 0.578776 0.985840 0.579427 0.989258 0.579427 0.993652 0.578776 0.994629 0.576823 0.996094 0.576172 0.997070 0.576172 0.999512 0.529297 0.999512 0.529297 0.998535 0.528646 0.997070 0.527344 0.995605 0.526042 0.994141 0.524740 0.993164 0.520833 0.993164 0.518229 0.992676 0.517578 0.990723 0.516927 0.990234 0.516927 0.989258 0.517578 0.985352 0.523438 0.986816 0.524740 0.987793 0.526042 0.986816 0.532552 0.968262 0.535156 0.968262 0.548177 0.967773 0.549479 0.967285 0.550781 0.966797 0.552083 0.965820 0.555339 0.967773 0.557292 0.967773 0.557943 0.968262 0.559245 0.968262 0.561198 0.967773 0.561849 0.964355 0.561198 0.963867 0.561198 0.960938 0.561849 0.956543 0.561198 0.955078 0.560547 0.954102 0.559896 0.953613 0.558594 0.953125 0.557292 0.952637 0.552734 0.953125 0.548828 0.952637 0.547526 0.952148 0.546224 0.951172 0.546224 0.946289 0.545573 0.944824 0.544922 0.943848 0.544271 0.943359 0.542969 0.942871 0.541016 0.942871 0.541016 0.942871 0.542318 0.942383 0.542969 0.941895 0.543620 0.940918 0.543620 0.939453 0.542969 0.938477 0.542318 0.937988 0.541667 0.937988 0.539062 0.937988 0.537109 0.939453 0.537760 0.940918 0.539714 0.942383 0.541016 0.942871 0.541016 0.942871 0.538411 0.943359 0.536458 0.943848 0.534505 0.945312 0.533203 0.946777 0.532552 0.948730 0.531250 0.951660 0.530599 0.953613 0.530599 0.957031 0.531250 0.959961 0.532552 0.961914 0.532552 0.963379 0.530599 0.965820 0.530599 0.966797 0.532552 0.968262 0.526042 0.986816 0.523438 0.986816 0.517578 0.985352 0.516927 0.984375 0.514974 0.982910 0.513672 0.982422 0.507812 0.982422 0.505859 0.981934 0.505208 0.979980 0.503906 0.979004 0.502604 0.979004 0.501302 0.977051 0.501302 0.969727 0.500651 0.968750 0.500000 0.967773 0.499349 0.967285 0.498047 0.966797 0.491536 0.966797 0.490234 0.966309 0.489583 0.965820 0.486979 0.963867 0.486328 0.963379 0.485677 0.962402 0.485026 0.958496 0.485026 0.954102 0.484375 0.953125 0.483073 0.952148 0.481771 0.951660 0.477865 0.951660 0.476562 0.951172 0.475260 0.950684 0.474609 0.950195 0.473958 0.949219 0.473958 0.948730 0.473307 0.947754 0.472656 0.947266 0.472005 0.947266 0.471354 0.946777 0.470703 0.945801 0.470052 0.943848 0.470052 0.938477 0.469401 0.937500 0.467448 0.936035 0.466146 0.935547 0.462891 0.935547 0.461589 0.935059 0.460938 0.933594 0.457682 0.931152 0.455078 0.928711 0.454427 0.927734 0.454427 0.924805 0.453776 0.922852 0.453125 0.921875 0.451172 0.920410 0.449870 0.919922 0.448568 0.919922 0.447266 0.919434 0.446615 0.916992 0.445964 0.916016 0.445312 0.915039 0.444010 0.914062 0.443359 0.914062 0.441406 0.912598 0.439453 0.912109 0.439453 0.909668 0.438802 0.906738 0.438151 0.905762 0.436198 0.904297 0.432943 0.903320 0.430990 0.899414 0.430339 0.898438 0.428385 0.896973 0.424479 0.894531 0.423828 0.893555 0.423177 0.892090 0.423177 0.890625 0.422526 0.889648 0.420573 0.887695 0.420573 0.886719 0.417969 0.883301 0.415365 0.881348 0.414714 0.880371 0.414714 0.878418 0.416667 0.876953 0.414714 0.876465 0.412109 0.876953 0.408854 0.875000 0.407552 0.874023 0.406250 0.872070 0.406250 0.870605 0.404948 0.869629 0.404297 0.868652 0.404297 0.866211 0.404948 0.862793 0.404297 0.860840 0.401693 0.859863 0.396484 0.859863 0.393229 0.858398 0.391927 0.857422 0.391276 0.854980 0.389323 0.853027 0.388672 0.851074 0.386719 0.849609 0.385417 0.849609 0.384766 0.845703 0.383464 0.844727 0.382161 0.844238 0.380859 0.844238 0.377604 0.842285 0.376953 0.841797 0.376302 0.840820 0.376302 0.839355 0.375000 0.837891 0.374349 0.836426 0.374349 0.834473 0.373698 0.833984 0.373698 0.832520 0.374349 0.829590 0.372396 0.828125 0.368490 0.828613 0.365234 0.827148 0.361328 0.824219 0.360677 0.823242 0.360026 0.821777 0.358724 0.818359 0.359375 0.814941 0.358724 0.813477 0.356771 0.812012 0.353516 0.812500 0.350260 0.811035 0.348958 0.810547 0.348307 0.810059 0.347656 0.808594 0.345052 0.806641 0.345052 0.804688 0.343750 0.802734 0.343750 0.797852 0.341797 0.796387 0.338542 0.796387 0.337240 0.795898 0.334635 0.793945 0.333333 0.791992 0.330078 0.789551 0.329427 0.788574 0.328776 0.787109 0.328776 0.782227 0.326172 0.780273 0.323568 0.780273 0.321615 0.779785 0.320312 0.779297 0.318359 0.777832 0.317057 0.775879 0.314453 0.773926 0.312500 0.770996 0.312500 0.768066 0.311849 0.767090 0.308594 0.764648 0.307292 0.764648 0.305339 0.763184 0.305339 0.761719 0.301432 0.758301 0.300130 0.757324 0.299479 0.757324 0.297526 0.755859 0.296875 0.754883 0.296875 0.752441 0.295573 0.750977 0.294271 0.750000 0.291667 0.749023 0.290365 0.748535 0.289062 0.746094 0.287109 0.744629 0.282552 0.741211 0.281901 0.740234 0.281250 0.739258 0.281250 0.737305 0.280599 0.736328 0.277344 0.733887 0.275391 0.733398 0.274740 0.732910 0.274089 0.731934 0.273438 0.730469 0.269531 0.727051 0.268880 0.726562 0.268229 0.726562 0.267578 0.726074 0.266927 0.725098 0.266276 0.723633 0.266276 0.719238 0.265625 0.718262 0.263672 0.716797 0.259115 0.716797 0.257812 0.716309 0.257161 0.715332 0.257161 0.713867 0.256510 0.712891 0.255208 0.711914 0.253255 0.711914 0.251953 0.711426 0.251302 0.710449 0.250651 0.708984 0.250651 0.704590 0.248698 0.703125 0.247396 0.702637 0.244141 0.702148 0.242839 0.701660 0.241536 0.700684 0.240885 0.699219 0.236979 0.696777 0.235677 0.695801 0.234375 0.693848 0.233724 0.688965 0.231771 0.687500 0.230469 0.687012 0.228516 0.687012 0.225911 0.685059 0.225260 0.683105 0.224609 0.682129 0.222656 0.680664 0.220703 0.680176 0.219401 0.678711 0.218750 0.677734 0.218750 0.675293 0.218099 0.673340 0.216146 0.671875 0.214193 0.671875 0.212891 0.671387 0.209635 0.668945 0.208984 0.667480 0.208333 0.666992 0.204427 0.664551 0.201172 0.661133 0.200521 0.659668 0.197917 0.657715 0.196615 0.656738 0.194010 0.654785 0.189453 0.653320 0.188151 0.651855 0.187500 0.650391 0.186198 0.649414 0.184896 0.648926 0.181641 0.648926 0.179036 0.647949 0.175781 0.647461 0.164062 0.647461 0.145833 0.647949 0.138021 0.647461 0.135417 0.646973 0.132812 0.646484 0.128255 0.645508 0.126302 0.645020 0.124349 0.644531 0.119141 0.643066 0.117188 0.642090 0.115234 0.641113 0.111328 0.638672 0.110677 0.638184 0.102214 0.631348 0.101562 0.629883 0.098307 0.627441 0.097005 0.625488 0.093750 0.623047 0.092448 0.621094 0.090495 0.619141 0.086589 0.616211 0.085286 0.613770 0.083333 0.612305 0.082682 0.610840 0.078776 0.607910 0.077474 0.605469 0.075521 0.603027 0.070964 0.599609 0.070312 0.597656 0.069661 0.596680 0.067708 0.594238 0.063802 0.591309 0.061849 0.587402 0.059896 0.585449 0.056641 0.583008 0.055990 0.582031 0.055339 0.581055 0.055339 0.580078 0.054688 0.579102 0.054036 0.578125 0.052083 0.576660 0.050130 0.573242 0.072266 0.564453 0.073568 0.565430 0.074870 0.565918 0.077474 0.565918 0.079427 0.564453 0.075521 0.561523 0.073568 0.562012 0.072266 0.562988 0.072266 0.564453 0.050130 0.573242 0.048177 0.571777 0.047526 0.570312 0.044271 0.567871 0.043620 0.565430 0.042969 0.564453 0.040365 0.562012 0.039714 0.561035 0.039062 0.559082 0.038411 0.558105 0.037109 0.556641 0.035807 0.555176 0.032552 0.552734 0.031901 0.551758 0.031250 0.549316 0.030599 0.548340 0.029948 0.547363 0.028646 0.546387 0.027995 0.545410 0.027344 0.544434 0.026693 0.542480 0.026693 0.538574 0.029948 0.536133 0.031250 0.534180 0.032552 0.533203 0.033854 0.532715 0.036458 0.532715 0.041016 0.531250 0.045573 0.531250 0.046875 0.530762 0.048828 0.529297 0.048828 0.528809 0.050130 0.527832 0.055990 0.523926 0.059896 0.524414 0.063151 0.523438 0.065755 0.523438 0.068359 0.523926 0.069661 0.524414 0.070964 0.525391 0.071615 0.527344 0.072266 0.528320 0.072917 0.528809 0.074219 0.529297 0.075521 0.529785 0.076823 0.528809 0.077474 0.527832 0.077474 0.523926 0.075521 0.521484 0.075521 0.519531 0.076172 0.516602 0.074870 0.514160 0.076172 0.511719 0.077474 0.510254 0.078776 0.509277 0.082682 0.509277
10 0.547526 0.962402 0.547526 0.963379 0.548828 0.964355 0.548828 0.961914 0.547526 0.962402
10 0.534505 0.950684 0.537109 0.952148 0.538411 0.951660 0.537760 0.949707 0.534505 0.950684
3 0.024740 0.536621 0.024740 0.541016 0.032552 0.554199 0.042318 0.564941 0.044271 0.569336 0.060547 0.587402 0.063151 0.592285 0.074870 0.604004 0.076823 0.607910 0.082682 0.612305 0.091146 0.622559 0.111328 0.639648 0.122396 0.643066 0.127604 0.645996 0.138021 0.647949 0.177734 0.647949 0.184896 0.649902 0.184896 0.653809 0.193359 0.656738 0.202474 0.664062 0.206380 0.669434 0.212891 0.673828 0.222656 0.685059 0.227865 0.688965 0.236328 0.699219 0.248047 0.708496 0.252604 0.715332 0.262370 0.722168 0.265625 0.727051 0.307943 0.768555 0.317057 0.779785 0.324219 0.785156 0.328776 0.791504 0.357422 0.820801 0.360677 0.826172 0.371094 0.835938 0.391276 0.859375 0.397786 0.864258 0.408203 0.877930 0.420573 0.891113 0.423828 0.896973 0.430339 0.903809 0.436849 0.908203 0.439453 0.914062 0.451823 0.925293 0.455078 0.931641 0.460286 0.936523 0.467448 0.939941 0.470703 0.948730 0.474609 0.952637 0.481120 0.956055 0.485677 0.964844 0.490234 0.968750 0.498698 0.971191 0.498698 0.975098 0.501302 0.981445 0.504557 0.983887 0.514974 0.986328 0.516927 0.995605 0.521484 0.997559 0.523438 1.000000 0.579427 1.000000 0.580729 0.997559 0.584635 0.997070 0.587891 0.992188 0.592448 0.989746 0.602214 0.975098 0.602214 0.955566 0.599609 0.952148 0.595703 0.951172 0.592448 0.940918 0.588542 0.937988 0.580729 0.936523 0.577474 0.930664 0.567708 0.923340 0.557292 0.917969 0.554688 0.914551 0.550130 0.913086 0.546224 0.907227 0.539062 0.904785 0.522786 0.890625 0.517578 0.888672 0.501302 0.875977 0.496094 0.874023 0.491536 0.868652 0.423177 0.817383 0.421224 0.814453 0.414714 0.810547 0.400391 0.798340 0.393229 0.793945 0.370443 0.773926 0.354167 0.761719 0.352865 0.759277 0.341797 0.751465 0.334635 0.744141 0.306641 0.724121 0.267578 0.687988 0.251302 0.674805 0.242188 0.665039 0.226562 0.653320 0.219401 0.646484 0.212240 0.635742 0.210286 0.630859 0.208333 0.616211 0.201823 0.609863 0.197917 0.608398 0.190755 0.603027 0.184245 0.592773 0.180990 0.591309 0.180990 0.587402 0.173828 0.583984 0.173828 0.579102 0.171224 0.572754 0.165365 0.569824 0.163411 0.564941 0.157552 0.560059 0.156901 0.555664 0.152995 0.548340 0.149089 0.545410 0.146484 0.540527 0.141927 0.538086 0.139974 0.534668 0.130859 0.530273 0.126302 0.529785 0.115234 0.522461 0.111328 0.522461 0.109375 0.520996 0.109375 0.518066 0.099609 0.514648 0.095703 0.514648 0.091797 0.511719 0.088542 0.511719 0.084635 0.507812 0.079427 0.506836 0.072266 0.510742 0.072266 0.518066 0.069661 0.521973 0.055990 0.521973 0.048828 0.525391 0.045573 0.529785 0.031901 0.532227
3 1.000000 0.119141 0.987630 0.110352 0.979167 0.106934 0.970703 0.105469 0.962240 0.105469 0.955729 0.106934 0.947266 0.110840 0.899740 0.141602 0.879557 0.156738 0.876302 0.157715 0.856771 0.171875 0.852865 0.173340 0.834635 0.187012 0.829427 0.188965 0.762370 0.233887 0.720052 0.258789 0.708984 0.267090 0.695312 0.274414 0.685547 0.281250 0.680990 0.282715 0.677734 0.285645 0.652344 0.298828 0.645182 0.304199 0.640625 0.305664 0.629557 0.312988 0.614583 0.321289 0.610677 0.322266 0.600260 0.329102 0.591797 0.332520 0.583984 0.333008 0.569661 0.328613 0.559896 0.324219 0.550130 0.321777 0.533203 0.320312 0.511068 0.321777 0.498047 0.325195 0.491536 0.329102 0.486979 0.330078 0.474609 0.337402 0.462891 0.347656 0.462240 0.352539 0.473958 0.355469 0.488932 0.362793 0.502604 0.373535 0.523438 0.379395 0.529948 0.383789 0.531901 0.388672 0.545573 0.398438 0.551432 0.405762 0.555339 0.408203 0.559896 0.416016 0.563802 0.418945 0.570312 0.419922 0.576823 0.418457 0.585286 0.412598 0.591146 0.406250 0.596354 0.396973 0.601562 0.380859 0.602865 0.357422 0.604818 0.353027 0.612630 0.346680 0.641927 0.331055 0.661458 0.322754 0.681641 0.311523 0.718099 0.295410 0.744141 0.282227 0.761068 0.276367 0.813802 0.253418 0.827474 0.249023 0.846354 0.240234 0.866536 0.232910 0.876953 0.227539 0.947917 0.199219 1.000000 0.175781
4 0.259115 0.311523 0.253906 0.313477 0.239583 0.324219 0.233073 0.325684 0.227214 0.329102 0.216797 0.345703 0.202474 0.358887 0.194010 0.364746 0.184245 0.367188 0.173828 0.367676 0.166016 0.371582 0.160807 0.377930 0.160156 0.387695 0.164062 0.396484 0.167318 0.400391 0.167318 0.404785 0.165365 0.406250 0.161458 0.406738 0.153646 0.411621 0.149089 0.412109 0.149089 0.414551 0.146484 0.415039 0.148438 0.417969 0.146484 0.420898 0.135417 0.426270 0.131510 0.427246 0.128255 0.426270 0.123047 0.426758 0.111328 0.417480 0.108073 0.412598 0.108073 0.407715 0.098958 0.407715 0.098307 0.411621 0.095703 0.413574 0.093099 0.419922 0.079427 0.429688 0.076172 0.436035 0.072917 0.437988 0.070964 0.441406 0.072266 0.452148 0.076823 0.458496 0.080078 0.470215 0.079427 0.476074 0.075521 0.478027 0.075521 0.481445 0.069661 0.483887 0.064453 0.483398 0.063151 0.484375 0.044271 0.485352 0.033203 0.488770 0.030599 0.498535 0.027995 0.500977 0.027995 0.511719 0.029297 0.513184 0.022135 0.513672 0.018229 0.511719 0.007812 0.512207 0.005859 0.518066 0.007812 0.519531 0.008464 0.522949 0.011719 0.524902 0.011719 0.528809 0.016276 0.531250 0.029948 0.530762 0.034505 0.528809 0.031901 0.524902 0.037109 0.520996 0.038411 0.522461 0.042318 0.522949 0.047526 0.516113 0.067057 0.514648 0.069010 0.507324 0.073568 0.505859 0.073568 0.504395 0.070964 0.502930 0.072266 0.500977 0.075521 0.503418 0.078776 0.500977 0.080729 0.500977 0.087240 0.506348 0.091797 0.506348 0.098958 0.509766 0.102865 0.509277 0.109375 0.515137 0.115234 0.517578 0.121094 0.516602 0.123698 0.519043 0.126953 0.528809 0.130208 0.528809 0.133464 0.530273 0.138672 0.529785 0.143880 0.532227 0.156250 0.547852 0.165365 0.555664 0.169922 0.557617 0.171875 0.562500 0.180990 0.564453 0.189453 0.571289 0.193359 0.572266 0.195312 0.577637 0.199870 0.579590 0.203776 0.586426 0.206380 0.587402 0.203125 0.590332 0.203125 0.593262 0.206380 0.594238 0.208984 0.591309 0.215495 0.595215 0.218099 0.602539 0.216797 0.611816 0.218750 0.639648 0.225260 0.645020 0.233724 0.655762 0.241536 0.659668 0.243490 0.663574 0.247396 0.663086 0.248698 0.664062 0.250651 0.671875 0.255859 0.673340 0.259115 0.678223 0.263021 0.678223 0.264323 0.679199 0.266927 0.686523 0.270833 0.686523 0.279948 0.692383 0.283203 0.701660 0.287109 0.701660 0.291667 0.704102 0.295573 0.707520 0.299479 0.714844 0.304688 0.718262 0.308594 0.719238 0.311198 0.721191 0.313151 0.726074 0.318359 0.727539 0.321615 0.732422 0.325521 0.732910 0.332031 0.738281 0.343099 0.738281 0.345703 0.736816 0.350911 0.737793 0.353516 0.736328 0.357422 0.736328 0.365234 0.728027 0.368490 0.728027 0.376302 0.731445 0.380859 0.731445 0.383464 0.732910 0.393229 0.732910 0.395833 0.731934 0.401042 0.732910 0.415365 0.729004 0.429036 0.731445 0.440104 0.731445 0.451823 0.729492 0.483073 0.719727 0.492188 0.714355 0.503255 0.703125 0.506510 0.701660 0.510417 0.701660 0.513021 0.698730 0.517578 0.698730 0.525391 0.695312 0.538411 0.680664 0.542318 0.678711 0.546224 0.673828 0.546224 0.671387 0.549479 0.669922 0.550781 0.667480 0.555990 0.665527 0.561198 0.665527 0.561849 0.664062 0.566406 0.663574 0.568359 0.661621 0.572917 0.663574 0.573568 0.661133 0.570964 0.659668 0.572266 0.656738 0.576172 0.659180 0.578776 0.656738 0.583984 0.656738 0.587891 0.655273 0.588542 0.653809 0.583333 0.646973 0.582682 0.644043 0.580078 0.642578 0.581380 0.637695 0.575521 0.631836 0.578125 0.627441 0.583333 0.625000 0.584635 0.622070 0.587891 0.623047 0.589193 0.621094 0.608073 0.621582 0.621745 0.618652 0.628906 0.615723 0.639974 0.608398 0.645182 0.599609 0.646484 0.589355 0.643880 0.583496 0.639974 0.580566 0.639974 0.567383 0.651693 0.553711 0.653646 0.549316 0.653646 0.541992 0.662760 0.527344 0.665365 0.519043 0.681641 0.506836 0.686198 0.495117 0.685547 0.485352 0.681641 0.482910 0.677734 0.482910 0.673177 0.480469 0.670573 0.480469 0.676432 0.470215 0.675130 0.458496 0.660807 0.446777 0.654948 0.444336 0.647135 0.438477 0.643880 0.437988 0.636068 0.433105 0.619792 0.428223 0.615885 0.429688 0.611328 0.428711 0.607422 0.430664 0.593750 0.432129 0.587891 0.431152 0.581380 0.426758 0.578776 0.426758 0.576172 0.429199 0.574219 0.426270 0.569010 0.423828 0.563802 0.424316 0.561849 0.422852 0.555339 0.423340 0.551432 0.422363 0.546875 0.424805 0.541016 0.424805 0.539714 0.423828 0.541667 0.422363 0.545573 0.422363 0.548177 0.420898 0.546224 0.415527 0.549479 0.413086 0.549479 0.411133 0.545573 0.407227 0.542969 0.407227 0.541016 0.409180 0.539062 0.407715 0.539062 0.404785 0.534505 0.400879 0.533203 0.400879 0.525391 0.408691 0.516927 0.408691 0.514974 0.409668 0.514323 0.412598 0.515625 0.414551 0.518229 0.415039 0.521484 0.413086 0.525391 0.416504 0.508464 0.418457 0.507161 0.416016 0.508464 0.414551 0.512370 0.413574 0.513021 0.411133 0.511719 0.409180 0.507812 0.408203 0.509115 0.407227 0.518880 0.406250 0.518880 0.403809 0.514974 0.401855 0.513021 0.397461 0.513672 0.395996 0.516276 0.397949 0.518880 0.396973 0.518880 0.395020 0.516276 0.393066 0.520833 0.389160 0.518880 0.384766 0.516276 0.384766 0.513021 0.390625 0.510417 0.387207 0.507812 0.388184 0.507812 0.389648 0.511719 0.390137 0.512370 0.392090 0.511068 0.394043 0.507161 0.395020 0.507161 0.397949 0.511068 0.398926 0.512370 0.400391 0.510417 0.401855 0.506510 0.402344 0.500651 0.400879 0.501302 0.399414 0.504557 0.398438 0.505859 0.392578 0.502604 0.393066 0.500000 0.390625 0.496745 0.390625 0.496094 0.392578 0.493490 0.393555 0.492188 0.392090 0.496094 0.389648 0.494792 0.387695 0.490234 0.388672 0.486979 0.386719 0.484375 0.387207 0.483724 0.389648 0.485026 0.392578 0.483073 0.395020 0.483073 0.398438 0.486979 0.400879 0.482422 0.403809 0.481771 0.402344 0.472005 0.400391 0.470052 0.397949 0.467448 0.397949 0.464193 0.395508 0.455078 0.393066 0.451172 0.394531 0.446615 0.393555 0.444661 0.392090 0.449219 0.390137 0.450521 0.387695 0.443359 0.385742 0.438151 0.385742 0.436198 0.386719 0.434896 0.384277 0.436198 0.383301 0.442057 0.383789 0.444010 0.382324 0.447917 0.382812 0.449870 0.381836 0.449870 0.379883 0.438802 0.376953 0.438802 0.372559 0.434245 0.368652 0.428385 0.359863 0.421875 0.354980 0.415365 0.346191 0.414714 0.343262 0.407552 0.337891 0.405599 0.334961 0.390625 0.327637 0.374349 0.325195 0.361328 0.320312 0.352865 0.319824 0.326172 0.336914 0.304036 0.319824 0.292969 0.314453 0.277344 0.310547
4 0.246094 0.704590 0.246094 0.705566 0.247396 0.706543 0.248047 0.704102 0.246094 0.704590
4 0.200521 0.657227 0.199219 0.657715 0.199219 0.658691 0.200521 0.659668 0.200521 0.657227
4 0.419922 0.296387 0.421875 0.297363 0.427734 0.297363 0.429036 0.298340 0.430339 0.299805 0.430990 0.300781 0.431641 0.301758 0.432292 0.303223 0.432943 0.305664 0.434245 0.310547 0.434245 0.314453 0.435547 0.315918 0.436849 0.316895 0.439453 0.317871 0.442708 0.320312 0.444010 0.320312 0.447917 0.319824 0.449219 0.320801 0.449870 0.320801 0.450521 0.321289 0.451172 0.322266 0.451172 0.325684 0.451823 0.327637 0.452474 0.329102 0.453125 0.330078 0.454427 0.331055 0.455078 0.332031 0.455078 0.333008 0.455078 0.334473 0.455078 0.334961 0.454427 0.335449 0.450521 0.337891 0.449870 0.338867 0.447917 0.343750 0.446615 0.345215 0.447266 0.346191 0.448568 0.349121 0.449219 0.352539 0.451823 0.355957 0.452474 0.358398 0.436849 0.361328 0.435547 0.360352 0.432292 0.359863 0.430990 0.359863 0.419922 0.351562 0.421224 0.350586 0.421875 0.348145 0.421875 0.344727 0.420573 0.343750 0.419271 0.343262 0.417969 0.343750 0.416667 0.343750 0.413411 0.339844 0.414062 0.338867 0.414062 0.336914 0.413411 0.335938 0.411458 0.334473 0.410156 0.334961 0.406901 0.333496 0.407552 0.332520 0.407552 0.329590 0.405599 0.328125 0.404297 0.327637 0.402995 0.328125 0.401042 0.328613 0.397786 0.328125 0.395833 0.328125 0.394531 0.329102 0.396484 0.331055 0.398438 0.331055 0.399740 0.331543 0.401042 0.332520 0.401042 0.333008 0.402995 0.334473 0.404297 0.334961 0.405599 0.334473 0.406901 0.333496 0.410156 0.334961 0.409505 0.335938 0.409505 0.337891 0.410156 0.338867 0.410807 0.339844 0.413411 0.339844 0.416667 0.343750 0.415365 0.344727 0.415365 0.346191 0.417969 0.350098 0.419922 0.351562 0.430990 0.359863 0.429688 0.360840 0.429688 0.361816 0.430990 0.363281 0.432943 0.365234 0.435547 0.367188 0.436198 0.366211 0.436849 0.365723 0.436849 0.361328 0.452474 0.358398 0.453125 0.359375 0.455078 0.360840 0.458984 0.360840 0.462240 0.359863 0.466146 0.360352 0.467448 0.360840 0.468750 0.361816 0.469401 0.363770 0.469401 0.370117 0.470052 0.371094 0.472656 0.371582 0.473307 0.371094 0.475260 0.371094 0.477865 0.372070 0.481771 0.372070 0.483724 0.370117 0.486979 0.369629 0.488281 0.370605 0.489583 0.373047 0.490885 0.374023 0.492188 0.374512 0.499349 0.375977 0.500651 0.376465 0.501953 0.376953 0.505208 0.379395 0.506510 0.379883 0.508464 0.379883 0.513021 0.383301 0.514974 0.383301 0.518229 0.382812 0.520182 0.383301 0.521484 0.383789 0.522135 0.384277 0.522786 0.385254 0.523438 0.387207 0.523438 0.393066 0.525391 0.395508 0.526042 0.396484 0.525391 0.397949 0.521484 0.397949 0.519531 0.399414 0.519531 0.401367 0.520182 0.402344 0.521484 0.403320 0.522786 0.402344 0.524740 0.401367 0.526693 0.400879 0.528646 0.400879 0.529948 0.399902 0.530599 0.397461 0.531250 0.396484 0.531901 0.395508 0.533854 0.395996 0.538411 0.399902 0.540365 0.401855 0.542969 0.404785 0.542969 0.405273 0.543620 0.405762 0.544922 0.406250 0.548177 0.407227 0.550130 0.408691 0.550781 0.409668 0.551432 0.411133 0.552083 0.414062 0.552083 0.419434 0.554036 0.420898 0.555339 0.421387 0.557943 0.421875 0.562500 0.422363 0.567708 0.422363 0.572917 0.423828 0.578776 0.423340 0.580078 0.423340 0.583984 0.424316 0.584635 0.425293 0.585286 0.426758 0.587891 0.428711 0.589193 0.429199 0.591146 0.429688 0.595703 0.429688 0.597005 0.430664 0.600260 0.430664 0.602865 0.429688 0.605469 0.430176 0.606771 0.430176 0.608724 0.429688 0.611328 0.428223 0.618490 0.428223 0.621094 0.428711 0.623047 0.429199 0.625000 0.429688 0.626953 0.430664 0.628906 0.431152 0.632812 0.431641 0.634115 0.432129 0.635417 0.432617 0.636719 0.433594 0.638021 0.434082 0.639323 0.434082 0.640625 0.434570 0.642578 0.435547 0.643229 0.436523 0.645182 0.437500 0.647135 0.437988 0.652995 0.442383 0.658203 0.445312 0.671224 0.455078 0.673177 0.457031 0.674479 0.458496 0.675130 0.460449 0.675130 0.463379 0.676432 0.465332 0.676432 0.470215 0.674479 0.474609 0.673828 0.476074 0.671875 0.477539 0.671875 0.479004 0.675130 0.481445 0.677083 0.482422 0.679688 0.482422 0.680990 0.482910 0.682292 0.483398 0.685547 0.485840 0.686198 0.488281 0.686198 0.491211 0.685547 0.493652 0.684896 0.496582 0.682292 0.500000 0.681641 0.502930 0.680339 0.505371 0.679036 0.506836 0.675781 0.508789 0.675130 0.509277 0.675130 0.509766 0.672526 0.512695 0.667969 0.515625 0.666016 0.517090 0.665365 0.518066 0.664714 0.519043 0.664062 0.521484 0.660807 0.525879 0.660156 0.527344 0.659505 0.528809 0.659505 0.530273 0.658854 0.531738 0.658203 0.533203 0.656250 0.537109 0.653646 0.540527 0.653646 0.544434 0.652995 0.547363 0.652344 0.549316 0.651042 0.551758 0.647135 0.557617 0.646484 0.560059 0.642578 0.562988 0.640625 0.565430 0.639974 0.566895 0.639323 0.578613 0.639323 0.580078 0.639974 0.581055 0.640625 0.582031 0.643880 0.585938 0.645833 0.587402 0.645833 0.588867 0.645182 0.589355 0.644531 0.591797 0.644531 0.596680 0.643880 0.599609 0.643229 0.601074 0.642578 0.602539 0.640625 0.606445 0.639974 0.607422 0.634115 0.611816 0.630208 0.614258 0.628255 0.615234 0.626302 0.615723 0.624349 0.617188 0.622396 0.618164 0.621094 0.618164 0.619792 0.619141 0.617839 0.619629 0.611979 0.620605 0.608073 0.621094 0.594401 0.621094 0.593099 0.620605 0.591797 0.619629 0.589844 0.619141 0.587240 0.619141 0.582682 0.617676 0.580078 0.617676 0.578776 0.618652 0.553385 0.607910 0.552083 0.605469 0.548828 0.604004 0.530599 0.590820 0.527344 0.589844 0.526693 0.588379 0.525391 0.587402 0.524089 0.590332 0.526042 0.591797 0.529297 0.591797 0.530599 0.590820 0.548828 0.604004 0.547526 0.604980 0.547526 0.606934 0.548828 0.607910 0.553385 0.607910 0.578776 0.618652 0.578776 0.622559 0.579427 0.623535 0.581380 0.625000 0.582682 0.625000 0.584635 0.626465 0.584635 0.627930 0.583333 0.629395 0.583333 0.633301 0.583333 0.642090 0.583984 0.645508 0.584635 0.646973 0.585286 0.647949 0.586589 0.648926 0.587240 0.648926 0.587891 0.654785 0.587240 0.655762 0.586589 0.656250 0.585938 0.656250 0.584635 0.657227 0.583333 0.657715 0.579427 0.657227 0.578125 0.658203 0.578125 0.661621 0.579427 0.665039 0.577474 0.669434 0.576823 0.670410 0.576172 0.671387 0.572917 0.670410 0.571615 0.667969 0.569661 0.666504 0.567708 0.665527 0.565104 0.664062 0.563802 0.664062 0.561198 0.666016 0.559896 0.666504 0.557943 0.666504 0.555990 0.666992 0.552083 0.669922 0.549479 0.670410 0.546224 0.672852 0.545573 0.674316 0.544922 0.676270 0.544271 0.677246 0.541667 0.679199 0.540365 0.681152 0.537760 0.683105 0.537109 0.684570 0.535807 0.685547 0.533854 0.686035 0.531250 0.687988 0.530599 0.688965 0.529948 0.689941 0.529297 0.691406 0.529297 0.692871 0.528646 0.693848 0.526693 0.694336 0.521484 0.697754 0.512370 0.701172 0.509115 0.701660 0.505208 0.703125 0.502604 0.704102 0.500651 0.705566 0.500000 0.706543 0.499349 0.708496 0.496094 0.710938 0.495443 0.710938 0.492839 0.712891 0.492839 0.713379 0.489583 0.715820 0.483724 0.718750 0.480469 0.719727 0.477214 0.721680 0.475911 0.722168 0.474609 0.722656 0.472656 0.722656 0.470703 0.723145 0.468099 0.725098 0.466797 0.725586 0.465495 0.726074 0.462240 0.726074 0.459635 0.726562 0.457031 0.727051 0.455078 0.727539 0.451823 0.729004 0.448568 0.729980 0.445964 0.730469 0.439453 0.730469 0.436849 0.731445 0.430339 0.731445 0.426432 0.730957 0.423828 0.729980 0.421224 0.729492 0.416667 0.729004 0.413411 0.729492 0.407552 0.730469 0.404297 0.731934 0.391927 0.731934 0.389323 0.732422 0.388672 0.732910 0.387370 0.732910 0.384115 0.732422 0.382161 0.731934 0.380208 0.730957 0.378255 0.730469 0.376302 0.729980 0.373047 0.729980 0.371745 0.729492 0.369141 0.728027 0.367839 0.727539 0.365234 0.727051 0.363932 0.727539 0.363281 0.728027 0.363281 0.728516 0.361979 0.729492 0.361328 0.730469 0.360677 0.732422 0.359375 0.733887 0.357422 0.735840 0.353516 0.737305 0.351562 0.737793 0.345703 0.737793 0.333333 0.737305 0.328776 0.734375 0.324219 0.732910 0.322917 0.731934 0.322266 0.731934 0.321615 0.731445 0.320964 0.729980 0.319661 0.728516 0.317708 0.727051 0.315104 0.726074 0.313802 0.725098 0.312500 0.722168 0.311198 0.720703 0.308594 0.718750 0.305339 0.717773 0.300781 0.714355 0.296875 0.709961 0.294922 0.706543 0.293620 0.705078 0.291667 0.703613 0.289062 0.702637 0.286458 0.701172 0.283854 0.699219 0.279948 0.692871 0.278646 0.691406 0.277344 0.689941 0.275391 0.688477 0.272786 0.687012 0.268229 0.685547 0.266927 0.684570 0.266276 0.683594 0.265625 0.681641 0.264974 0.680664 0.264323 0.679688 0.263672 0.679199 0.262370 0.678711 0.261068 0.678223 0.259115 0.677734 0.257812 0.675781 0.257812 0.674805 0.257161 0.673828 0.255859 0.672852 0.254557 0.672363 0.253255 0.672363 0.251953 0.671875 0.250000 0.670410 0.249349 0.668457 0.249349 0.666504 0.248698 0.665039 0.247396 0.664062 0.246094 0.663574 0.244141 0.663574 0.242839 0.662598 0.242188 0.661621 0.241536 0.659180 0.238281 0.656738 0.235677 0.656250 0.234375 0.655762 0.233073 0.654785 0.229818 0.651855 0.226562 0.648438 0.224609 0.645020 0.222656 0.643066 0.219401 0.640625 0.218750 0.639648 0.218099 0.638184 0.217448 0.634277 0.216797 0.628906 0.217448 0.623535 0.217448 0.622559 0.217448 0.615723 0.216797 0.611816 0.217448 0.609375 0.218750 0.606934 0.218750 0.602539 0.217448 0.600586 0.217448 0.594727 0.215495 0.591797 0.214193 0.590332 0.212891 0.589355 0.210286 0.588867 0.208984 0.586914 0.208984 0.585449 0.208333 0.583984 0.206380 0.582520 0.198568 0.577637 0.195964 0.575684 0.194661 0.574219 0.194661 0.572266 0.194010 0.571289 0.192708 0.570312 0.189453 0.567871 0.188802 0.567383 0.188151 0.567383 0.186198 0.566406 0.184245 0.564941 0.182943 0.564453 0.181641 0.563965 0.175130 0.562500 0.173828 0.562012 0.172526 0.561523 0.171875 0.561035 0.171224 0.560059 0.170573 0.559082 0.169922 0.556641 0.166016 0.555664 0.164714 0.555176 0.163411 0.554199 0.162760 0.552246 0.158854 0.548828 0.158203 0.548340 0.154297 0.545898 0.152995 0.544434 0.151042 0.541016 0.148438 0.538574 0.147786 0.537598 0.147135 0.535156 0.146484 0.534180 0.143880 0.532227 0.142578 0.531738 0.141276 0.531250 0.139323 0.530762 0.134115 0.530273 0.128906 0.528320 0.126953 0.527344 0.125651 0.526367 0.124349 0.523438 0.123047 0.522461 0.123047 0.521973 0.122396 0.521484 0.117839 0.518555 0.114583 0.517578 0.112630 0.516113 0.106771 0.514160 0.102865 0.511230 0.100260 0.509766 0.098307 0.508789 0.097005 0.508301 0.095703 0.507812 0.091797 0.507324 0.089844 0.506836 0.088542 0.506348 0.087240 0.505859 0.083333 0.502930 0.080729 0.502930 0.079427 0.503418 0.078125 0.504395 0.077474 0.505859 0.075521 0.507324 0.072917 0.507324 0.071615 0.507812 0.070964 0.508301 0.070312 0.509277 0.070312 0.512695 0.069661 0.514160 0.069010 0.515137 0.068359 0.516113 0.065755 0.517090 0.063151 0.517090 0.061198 0.516113 0.057292 0.516602 0.055339 0.516602 0.048828 0.516113 0.047526 0.517090 0.046875 0.518066 0.046875 0.520508 0.046224 0.522461 0.045573 0.523438 0.044271 0.524902 0.041667 0.526367 0.041667 0.526855 0.039714 0.528320 0.038411 0.528809 0.037109 0.529297 0.033203 0.529785 0.031901 0.530273 0.027995 0.532715 0.026042 0.533203 0.023438 0.534180 0.020182 0.534180 0.016927 0.532227 0.013672 0.531250 0.010417 0.529297 0.009766 0.528320 0.009115 0.526855 0.008464 0.522949 0.007812 0.520996 0.006510 0.519531 0.005859 0.518066 0.005859 0.513672 0.005208 0.513184 0.005208 0.509277 0.005859 0.508301 0.008464 0.508301 0.011068 0.508789 0.013021 0.509277 0.014323 0.509766 0.016927 0.511719 0.018229 0.512207 0.019531 0.512695 0.020833 0.512695 0.022135 0.513184 0.023438 0.513672 0.024740 0.514648 0.027995 0.512695 0.027995 0.506836 0.027995 0.497070 0.028646 0.495117 0.029297 0.494141 0.029948 0.493164 0.031901 0.491699 0.031901 0.490723 0.032552 0.489746 0.034505 0.489258 0.035807 0.488770 0.037109 0.488281 0.038411 0.487305 0.038411 0.486816 0.039714 0.485840 0.041016 0.485352 0.044271 0.485352 0.047526 0.484375 0.052734 0.484375 0.055339 0.483398 0.059896 0.483887 0.064453 0.482910 0.067708 0.482910 0.069010 0.482422 0.070312 0.481934 0.070964 0.481445 0.071615 0.480469 0.072917 0.478027 0.075521 0.476562 0.080078 0.476562 0.082031 0.475098 0.082031 0.471191 0.081380 0.469727 0.079427 0.467285 0.078776 0.465332 0.078776 0.462402 0.077474 0.459961 0.075521 0.457520 0.073568 0.453125 0.071615 0.447266 0.071615 0.440430 0.072266 0.438477 0.073568 0.437012 0.076823 0.433594 0.076823 0.432617 0.077474 0.431641 0.079427 0.430176 0.081380 0.429688 0.083333 0.428711 0.084635 0.427734 0.085938 0.426270 0.087240 0.424316 0.091797 0.420898 0.093750 0.418945 0.094401 0.417480 0.094401 0.416016 0.095052 0.415039 0.098307 0.412598 0.098958 0.411133 0.098958 0.409180 0.099609 0.408691 0.099609 0.407715 0.101562 0.406738 0.102865 0.406250 0.104167 0.406250 0.106771 0.407227 0.107422 0.408203 0.107422 0.410156 0.108073 0.410645 0.108073 0.412598 0.108724 0.414062 0.110677 0.416016 0.111328 0.416992 0.111328 0.417969 0.111979 0.418945 0.112630 0.419922 0.114583 0.421387 0.122396 0.426758 0.124349 0.427246 0.128906 0.427734 0.131510 0.427734 0.133464 0.427246 0.137370 0.425781 0.143880 0.422852 0.147135 0.421387 0.150391 0.418945 0.151042 0.416016 0.151693 0.415039 0.152344 0.414062 0.156250 0.411133 0.156901 0.411133 0.161458 0.407715 0.167318 0.405762 0.168620 0.404785 0.169271 0.403809 0.169271 0.400879 0.168620 0.399902 0.163411 0.393066 0.162760 0.391602 0.162109 0.389648 0.161458 0.387695 0.160807 0.384277 0.160807 0.380859 0.161458 0.378906 0.162109 0.377441 0.164062 0.374512 0.165365 0.372559 0.167969 0.370605 0.169922 0.369629 0.171224 0.369141 0.173177 0.368652 0.180990 0.367188 0.182943 0.367188 0.183594 0.367676 0.185547 0.367676 0.190755 0.366699 0.192708 0.366211 0.194010 0.365723 0.201172 0.360840 0.202474 0.359863 0.206380 0.356445 0.209635 0.353516 0.210286 0.352051 0.212240 0.350098 0.216146 0.347168 0.218099 0.345215 0.224609 0.335449 0.227214 0.331543 0.227214 0.330566 0.227865 0.329590 0.228516 0.329102 0.229167 0.329102 0.233073 0.326660 0.235026 0.325684 0.236328 0.325195 0.238932 0.324707 0.240234 0.324219 0.242188 0.322754 0.242188 0.322266 0.243490 0.321289 0.245443 0.320801 0.247396 0.319824 0.249349 0.318359 0.250651 0.316406 0.253906 0.313965 0.255859 0.312988 0.259766 0.311523 0.263672 0.311523 0.266276 0.310547 0.270833 0.311035 0.274089 0.310059 0.275391 0.310059 0.279297 0.311523 0.281901 0.311523 0.283854 0.312012 0.286458 0.313477 0.289714 0.313477 0.291016 0.313965 0.292318 0.314453 0.298177 0.317383 0.300130 0.318848 0.303385 0.319824 0.305339 0.320801 0.306641 0.321777 0.309896 0.324707 0.315755 0.328613 0.316406 0.330078 0.323568 0.335449 0.325521 0.336426 0.326823 0.336426 0.332682 0.332520 0.333984 0.331543 0.335286 0.329590 0.337891 0.327637 0.341146 0.326660 0.344401 0.324219 0.348958 0.321777 0.351562 0.320312 0.352865 0.319824 0.360677 0.319824 0.366536 0.321289 0.367839 0.321777 0.371094 0.323730 0.372396 0.324219 0.374349 0.324219 0.375651 0.323242 0.376953 0.322754 0.378255 0.322754 0.380208 0.323730 0.382161 0.322754 0.382161 0.320801 0.381510 0.319336 0.381510 0.317383 0.384115 0.314941 0.386719 0.313965 0.389323 0.313965 0.392578 0.315430 0.395182 0.315918 0.399740 0.315918 0.401693 0.314453 0.402344 0.313477 0.402995 0.312500 0.403646 0.311035 0.403646 0.306152 0.404297 0.305176 0.405599 0.303711 0.406901 0.302734 0.408854 0.302246 0.412109 0.299805 0.412760 0.298340 0.413411 0.297852 0.414062 0.297852 0.415365 0.296875 0.417969 0.296387 0.419922 0.296387
