4 0.314401 0.408193 0.238118 0.396748 0.225404 0.358608 0.304225 0.328096 0.306771 0.301401 0.344909 0.305215 0.372878 0.324282 0.332194 0.368145 0.360163 0.387217
4 0.362708 0.497822 0.398307 0.465400 0.385592 0.440610 0.324570 0.448237 0.319486 0.469214
5 0.456790 0.617964 0.398307 0.600801 0.375423 0.568379 0.377962 0.522612 0.398307 0.490195 0.400846 0.452051 0.332194 0.440610 0.319486 0.412007 0.390677 0.389121 0.398307 0.375771 0.398307 0.343354 0.377962 0.307119 0.515267 0.312842 0.525443 0.270889 0.604264 0.278516 0.642402 0.314746 0.672917 0.270889 0.721224 0.255630 0.805137 0.265166 0.797507 0.350981 0.680540 0.354795 0.637318 0.391030 0.622064 0.408193 0.573750 0.438706 0.576296 0.469214 0.545781 0.490195 0.489844 0.513076 0.474583 0.545498 0.464414 0.583638 0.464414 0.602705
6 0.166921 0.659917 0.210150 0.621777 0.248288 0.627500 0.286426 0.589355 0.296602 0.549312 0.372878 0.556938 0.380508 0.556938 0.375423 0.507358 0.352539 0.503540 0.316940 0.476846 0.304225 0.446333 0.294056 0.423447 0.261003 0.421543 0.210156 0.400586 0.205065 0.396748 0.207604 0.352891 0.220319 0.316655 0.286426 0.312842 0.286426 0.278516 0.324570 0.263257 0.411022 0.228931 0.390677 0.213677 0.322025 0.198423 0.235573 0.240376 0.164382 0.259443 0.177090 0.352891 0.156751 0.373867 0.133867 0.400562 0.108438 0.423447 0.085553 0.463496 0.116068 0.518799 0.116068 0.560752 0.146582 0.602705 0.113529 0.637031 0.118613 0.646567
3 1.000000 0.637207 0.993490 0.636719 0.973958 0.639160 0.945964 0.640625 0.817708 0.656250 0.798828 0.657227 0.748047 0.663086 0.736979 0.663086 0.677083 0.670410 0.626953 0.673828 0.623047 0.675293 0.611979 0.676270 0.606771 0.678223 0.595703 0.679199 0.583333 0.684082 0.571615 0.686035 0.555990 0.694824 0.552734 0.698730 0.538411 0.708496 0.533854 0.709473 0.526042 0.708984 0.516927 0.705078 0.494141 0.701172 0.484375 0.701172 0.482422 0.702148 0.466146 0.701660 0.454427 0.695312 0.440755 0.692871 0.434245 0.693359 0.420573 0.691406 0.408854 0.686523 0.394531 0.683594 0.378906 0.684082 0.371745 0.686035 0.365234 0.685059 0.350260 0.678711 0.333984 0.674805 0.313802 0.674316 0.306641 0.677246 0.300130 0.687012 0.297526 0.695801 0.297526 0.704590 0.302083 0.717773 0.310547 0.732422 0.315104 0.735352 0.330078 0.740234 0.340495 0.745117 0.345703 0.749023 0.364583 0.756836 0.389974 0.764648 0.408203 0.768066 0.419922 0.769043 0.423177 0.770508 0.450521 0.772949 0.468099 0.772949 0.471354 0.771484 0.492839 0.770020 0.520182 0.763672 0.536458 0.755371 0.540365 0.751465 0.544271 0.750977 0.551432 0.747559 0.560547 0.740234 0.563151 0.736328 0.580729 0.725586 0.591146 0.722656 0.597005 0.719727 0.608073 0.719238 0.610677 0.717773 0.623047 0.716797 0.630208 0.714355 0.639323 0.713867 0.644531 0.714844 0.666016 0.712891 0.676432 0.713379 0.689453 0.711914 0.748698 0.711426 0.751302 0.712891 0.764323 0.712402 0.766276 0.713379 0.790365 0.711914 0.804036 0.712891 0.821615 0.711426 0.869141 0.710938 0.909505 0.707031 1.000000 0.706543
6 0.545781 0.694243 0.566120 0.629404 0.594095 0.583638 0.601719 0.535962 0.533066 0.509263 0.472044 0.534053 0.464414 0.568379 0.497467 0.631313 0.413561 0.640845 0.347454 0.640845 0.311855 0.648477 0.423730 0.682803 0.510182 0.690430 0.525443 0.698057
4 0.578835 0.665640 0.561035 0.633218 0.627148 0.568379 0.647487 0.560752 0.683086 0.616055 0.657656 0.648477 0.629688 0.659917
4 0.487298 0.272793 0.464414 0.244189 0.469499 0.232749 0.535612 0.223213 0.566120 0.192700 0.672917 0.175537 0.660202 0.248003 0.555951 0.270889 0.489844 0.272793
4 0.436445 0.166001 0.398307 0.152651 0.360163 0.196514 0.388138 0.221304 0.426276 0.227026 0.459329 0.206050
6 0.634772 0.467310 0.601719 0.406284 0.650033 0.392935 0.678001 0.362422 0.794961 0.362422 0.733939 0.408193 0.726309 0.429170 0.693255 0.473032 0.721224 0.471123 0.657656 0.480659
6 0.650033 0.482563 0.647487 0.545498 0.672917 0.591265 0.678001 0.625591 0.660202 0.656104 0.751738 0.654194 0.789876 0.637031 0.822936 0.610337 0.896673 0.598892 0.896673 0.568379 0.863613 0.541685 0.853444 0.480659 0.840729 0.452051 0.812760 0.442520 0.754284 0.450146 0.718685 0.480659 0.708516 0.486377
6 0.438991 0.209863 0.449160 0.152651 0.550866 0.145024 0.571211 0.190791 0.561035 0.230840 0.494928 0.228931 0.484759 0.227026
