6 0.639863 0.717129 0.606803 0.720942 0.591549 0.760986 0.609349 0.804849 0.705970 0.844897 0.789876 0.823921 0.838190 0.825825 0.868704 0.865874 0.858529 0.814385 0.800052 0.768618 0.733939 0.776245 0.690716 0.774336 0.652572 0.743823
4 0.220319 0.720942 0.225404 0.745732 0.245742 0.766709 0.266087 0.762896 0.278802 0.740010 0.263542 0.715220 0.255918 0.678989 0.250833 0.648477 0.210150 0.669453 0.189805 0.686616 0.194889 0.711406
4 0.347454 0.642754 0.322025 0.635127 0.296602 0.627500 0.281341 0.587451 0.316940 0.574102 0.454245 0.591265 0.464414 0.621777 0.451699 0.661826 0.428815 0.673267 0.388138 0.667544
4 0.594095 0.719033 0.553411 0.699966 0.573750 0.652290 0.596634 0.654194 0.619518 0.680894 0.634772 0.703779
4 0.672917 0.858247 0.652572 0.865874 0.596634 0.862061 0.566120 0.844897 0.553411 0.797222 0.553411 0.776245 0.581380 0.774336 0.637318 0.808662 0.650033 0.816294 0.675456 0.835361
4 0.810221 0.871597 0.782253 0.875410 0.728854 0.875410 0.711055 0.858247 0.733939 0.833457 0.807676 0.825825 0.810221 0.854434
4 0.744108 0.781968 0.723770 0.774336 0.678001 0.745732 0.667832 0.719033 0.657656 0.678989 0.667832 0.640845 0.698340 0.617964 0.662747 0.591265 0.660202 0.581729 0.733939 0.566475 0.723770 0.530239 0.769538 0.522612 0.855990 0.534053 0.861074 0.577915 0.840729 0.617964 0.838190 0.663730 0.845820 0.730479 0.820391 0.766709 0.764453 0.778149 0.754284 0.789595
6 0.189805 0.728569 0.169466 0.701870 0.172005 0.637031 0.192350 0.581729 0.233034 0.547402 0.309310 0.534053 0.296602 0.572192 0.283887 0.623682 0.322025 0.650381 0.324570 0.673267 0.299141 0.699966 0.283887 0.715220 0.283887 0.743823 0.266087 0.665640 0.238118 0.629404 0.202520 0.678989 0.202520 0.701870
6 0.334740 0.652290 0.316940 0.709497 0.294056 0.740010 0.281341 0.783872 0.273717 0.823921 0.352539 0.846802 0.411022 0.835361 0.500013 0.850620 0.533066 0.846802 0.548327 0.825825 0.548327 0.753359 0.576296 0.745732 0.573750 0.724756 0.538151 0.711406 0.527982 0.667544 0.538151 0.638940 0.578835 0.637031 0.568665 0.606519 0.550866 0.539775 0.502559 0.534053 0.449160 0.562661 0.456790 0.648477 0.416107 0.684707 0.329655 0.678989
6 0.589004 0.566475 0.583919 0.545498 0.657656 0.532148 0.726309 0.530239 0.678001 0.577915 0.624603 0.596987 0.629688 0.619868 0.573750 0.637031
