6 0.619518 0.513076 0.510182 0.494009 0.561035 0.467310 0.624603 0.473032 0.657656 0.501636 0.634772 0.524521 0.573750 0.522612 0.568665 0.518799 0.566120 0.499727
3 1.000000 0.182129 0.998047 0.182129 0.985677 0.189453 0.983073 0.192871 0.911458 0.242676 0.848958 0.278809 0.832031 0.287598 0.794922 0.304688 0.783203 0.308594 0.778646 0.311523 0.766276 0.314453 0.755859 0.318848 0.744792 0.321777 0.731771 0.328125 0.720703 0.332031 0.716146 0.335938 0.710286 0.337402 0.688802 0.350586 0.685547 0.356445 0.680990 0.358887 0.672526 0.368164 0.668620 0.389648 0.671875 0.404297 0.679688 0.419434 0.689453 0.428711 0.701172 0.432617 0.705729 0.436523 0.716797 0.439453 0.731120 0.445312 0.736328 0.449707 0.754557 0.459473 0.759766 0.459473 0.764323 0.460938 0.767578 0.464355 0.771484 0.461914 0.773438 0.465332 0.776693 0.465332 0.779297 0.460938 0.780599 0.462891 0.779948 0.466309 0.786458 0.467773 0.792318 0.463867 0.792969 0.461426 0.796224 0.458984 0.796224 0.455566 0.797526 0.454590 0.803385 0.454102 0.807292 0.455078 0.814453 0.453613 0.819661 0.450684 0.832031 0.437500 0.837240 0.429688 0.867188 0.368164 0.891276 0.335938 0.906250 0.319824 0.938802 0.290527 0.983724 0.256836 0.986328 0.252930 1.000000 0.244141
4 0.164382 0.577915 0.118613 0.572192 0.098268 0.560752 0.093184 0.488286 0.126237 0.469214 0.141497 0.495913 0.164382 0.467310 0.205065 0.461587 0.174551 0.499727 0.164382 0.514985 0.230488 0.530239 0.215234 0.568379 0.197435 0.576011
4 0.194889 0.425356 0.174551 0.425356 0.159297 0.392935 0.149121 0.385308 0.151667 0.350981 0.194889 0.358608 0.220319 0.412007 0.255918 0.425356
4 0.309310 0.350981 0.283887 0.341445 0.286426 0.284238 0.316940 0.278516 0.352539 0.291865 0.357624 0.328096 0.319486 0.343354
4 0.441530 0.343354 0.423730 0.339541 0.416107 0.297583 0.479674 0.270889 0.543236 0.282329 0.545781 0.316655 0.543236 0.335728 0.482214 0.347168
4 0.629688 0.469219 0.624603 0.412007 0.655117 0.396748 0.693255 0.427261 0.744108 0.453960 0.777168 0.484473 0.784792 0.495913 0.772077 0.513076 0.695801 0.514985 0.650033 0.499727
4 0.395762 0.556938 0.383047 0.503540 0.464414 0.507358 0.540697 0.530239 0.627148 0.537866 0.614434 0.577915 0.622064 0.602705 0.619518 0.648477 0.573750 0.690430 0.525443 0.705684 0.438991 0.709497 0.370339 0.707593 0.362708 0.656104 0.367793 0.608428 0.390677 0.549312
4 0.627148 0.694243 0.639863 0.637031 0.678001 0.625591 0.728854 0.640845 0.723770 0.698057 0.678001 0.728569 0.637318 0.717129 0.637318 0.709497
6 0.276257 0.570288 0.230488 0.497822 0.230488 0.431074 0.276257 0.408193 0.357624 0.448237 0.355078 0.505449 0.383047 0.524521 0.360163 0.579824 0.322025 0.576011
6 0.255918 0.690430 0.220319 0.656104 0.220319 0.614150 0.250833 0.591265 0.337279 0.587451 0.355078 0.598892 0.332194 0.644663 0.349993 0.665640 0.344909 0.696152 0.301686 0.709497
6 0.342370 0.766709 0.316940 0.741919 0.296602 0.720942 0.352539 0.698057 0.451699 0.713315 0.472044 0.724756 0.484759 0.766709 0.436445 0.781968 0.372878 0.789595
6 0.662747 0.747642 0.642402 0.734292 0.647487 0.724756 0.683086 0.732383 0.683086 0.747642
6 0.782253 0.665640 0.759368 0.648477 0.713600 0.617964 0.698340 0.577915 0.749193 0.526426 0.777168 0.520703 0.863613 0.600801 0.843275 0.650381
