4 0.400846 0.299492 0.446615 0.305215 0.512728 0.278516 0.512728 0.255630 0.469499 0.227026 0.421191 0.270889 0.370339 0.280420 0.360163 0.282329
3 0.658203 0.589355 0.653646 0.593262 0.649089 0.594727 0.634766 0.608398 0.630859 0.615723 0.626953 0.619141 0.620443 0.635254 0.617839 0.648926 0.617839 0.668457 0.625000 0.686523 0.636068 0.696777 0.638672 0.700684 0.660807 0.717773 0.673177 0.724609 0.682292 0.728027 0.690104 0.733398 0.699870 0.737305 0.704427 0.740723 0.716146 0.745605 0.738281 0.758789 0.768880 0.782715 0.787760 0.800293 0.796875 0.810547 0.804036 0.816406 0.813802 0.830078 0.824219 0.840332 0.849609 0.873535 0.855469 0.878418 0.861328 0.888184 0.867839 0.893555 0.868490 0.896484 0.872396 0.899414 0.876302 0.906738 0.880859 0.910156 0.892578 0.926758 0.904948 0.940430 0.908203 0.946289 0.921224 0.961426 0.923828 0.966797 0.929688 0.971191 0.930990 0.975098 0.934245 0.977051 0.938802 0.984375 0.944661 0.989258 0.947266 0.994141 0.954427 0.998535 0.954427 1.000000 1.000000 1.000000 1.000000 0.941406 0.991536 0.935059 0.983073 0.922363 0.972656 0.911133 0.958984 0.892578 0.954427 0.888672 0.951823 0.883789 0.944010 0.875000 0.939453 0.872070 0.935547 0.863770 0.929688 0.858398 0.927734 0.854004 0.923828 0.851562 0.920573 0.844727 0.917318 0.842773 0.910156 0.833984 0.904297 0.823242 0.899740 0.818848 0.897786 0.814453 0.892578 0.810059 0.880208 0.791504 0.876953 0.789062 0.873698 0.781738 0.869792 0.778809 0.863932 0.769531 0.861979 0.763672 0.855469 0.754395 0.850911 0.743164 0.848307 0.740234 0.839193 0.715820 0.832682 0.686523 0.831380 0.666992 0.828776 0.653320 0.819661 0.630859 0.811198 0.617676 0.802083 0.607910 0.783854 0.594727 0.764323 0.586426 0.751302 0.583008 0.720703 0.579102 0.688151 0.579590 0.673177 0.583008 0.669271 0.586426 0.665365 0.586426
6 0.568665 0.480659 0.609349 0.564565 0.619518 0.600801 0.726309 0.595078 0.772077 0.564565 0.774622 0.469214 0.772077 0.431074 0.708516 0.396748 0.716139 0.354795 0.634772 0.352891 0.540697 0.305215 0.538151 0.289956 0.482214 0.305215 0.484759 0.404380 0.530527 0.450146 0.510182 0.488286 0.527982 0.505449
6 0.426276 0.530239 0.461875 0.509263 0.512728 0.520703 0.538151 0.541685 0.624603 0.560752 0.609349 0.589355 0.494928 0.591265 0.408477 0.587451 0.408477 0.555029 0.441530 0.629404 0.482214 0.629404 0.497467 0.608428
6 0.263542 0.370054 0.283887 0.394844 0.360163 0.377681 0.362708 0.339541 0.365254 0.284238 0.344909 0.246094 0.324570 0.244189 0.294056 0.312842 0.294056 0.312842 0.266087 0.276606 0.299141 0.259443
4 0.304225 0.461587 0.299141 0.469214 0.360163 0.408193 0.431361 0.377681 0.477129 0.368145 0.497467 0.425356 0.464414 0.457773 0.413561 0.499727 0.416107 0.534053 0.395762 0.577915 0.431361 0.631313 0.405931 0.659917 0.339824 0.669453 0.278802 0.619868 0.273717 0.585542 0.278802 0.545498 0.276257 0.511172 0.220319 0.505449 0.156751 0.511172 0.123698 0.507358 0.095729 0.499727 0.105898 0.412007 0.233034 0.331909 0.250833 0.354795 0.261003 0.396748 0.266087 0.431074 0.273717 0.452051
4 0.601719 0.356704 0.606803 0.358608 0.634772 0.362422 0.700885 0.330005 0.700885 0.282329 0.634772 0.289956 0.589004 0.314746 0.583919 0.335728
4 0.736484 0.389121 0.746654 0.417725 0.787337 0.452051 0.800052 0.442520 0.810221 0.370054 0.815306 0.326191 0.787337 0.309028 0.751738 0.352891 0.754284 0.360518 0.744108 0.370054
4 0.561035 0.751455 0.550866 0.778149 0.568665 0.799131 0.604264 0.801035 0.644948 0.770522 0.629688 0.717129 0.601719 0.682803 0.589004 0.652290 0.558496 0.619868 0.500013 0.633218 0.500013 0.661826 0.515267 0.686616 0.525443 0.707593 0.525443 0.751455 0.512728 0.778149 0.500013 0.789595 0.512728 0.785781
4 0.388138 0.795312 0.436445 0.812476 0.459329 0.801035 0.487298 0.783872 0.482214 0.747642 0.479674 0.698057 0.472044 0.669453 0.403392 0.698057 0.388138 0.720942 0.370339 0.749546 0.365254 0.778149
