4 0.085614 0.731490 0.154251 0.708605 0.215262 0.723859 0.426264 0.746743 0.515235 0.739120 0.583872 0.760095 0.723682 0.773446 0.835542 0.735301 0.901634 0.660928 0.901634 0.603724 0.866047 0.544604 0.807572 0.508368 0.756733 0.468321 0.749106 0.468321 0.680469 0.437813 0.619458 0.445437 0.545740 0.451158 0.596579 0.443534 0.497437 0.514089 0.398294 0.556046 0.222888 0.573209 0.133917 0.594184 0.067825 0.630420 0.065280 0.720047
5 0.456769 0.376784 0.454224 0.365342 0.426264 0.315762 0.543195 0.249018 0.560993 0.281435 0.609287 0.310041 0.560993 0.407299 0.487274 0.407299
5 0.428800 0.866886 0.324576 0.823026 0.449143 0.798233 0.472022 0.781070 0.566074 0.788700 0.619458 0.809675 0.667762 0.805863 0.614377 0.855443 0.446597 0.845911
5 0.680469 0.493114 0.677924 0.468321 0.680469 0.453067 0.713520 0.453067 0.667762 0.491205
5 0.301697 0.411110 0.230514 0.422552 0.233060 0.407299 0.268646 0.382505 0.322031 0.395856
5 0.316949 0.546513 0.243231 0.550325 0.149170 0.546513 0.235605 0.498835 0.339829 0.483582 0.342374 0.483582 0.355081 0.536974 0.367789 0.540792
5 0.464386 0.533162 0.438971 0.525531 0.459305 0.495024 0.530487 0.475951 0.482184 0.531253 0.479648 0.540792
5 0.604206 0.525531 0.535569 0.521720 0.538114 0.479763 0.583872 0.447346 0.644883 0.451158 0.616913 0.525531
4 0.126291 0.540792 0.057653 0.527441 0.067825 0.472139 0.159341 0.426371 0.184756 0.355809 0.235605 0.306229 0.268646 0.252830 0.444052 0.233758 0.555903 0.224225 0.733854 0.258551 0.695722 0.317671 0.647419 0.380603 0.604206 0.437813 0.474558 0.416831 0.370334 0.424462 0.283899 0.435904 0.235605 0.483582 0.159341 0.510278
5 0.710975 0.613257 0.693177 0.580840 0.713520 0.554137 0.779612 0.548416 0.774531 0.613257 0.759278 0.624699
5 0.319495 0.327204 0.296616 0.327204 0.271191 0.310041 0.255939 0.306229 0.390668 0.281435 0.388132 0.292877 0.347455 0.323392
