5 0.557427 0.133652 0.493031 0.141278 0.493031 0.114584 0.537094 0.099326 0.760760 0.078347 0.798031 0.076442 0.936979 0.074537 0.842094 0.095510 0.689594 0.112673 0.560813 0.127931
5 0.781094 0.141278 0.777698 0.133652 0.842094 0.106952 0.930208 0.110768 0.889542 0.145094 0.835313 0.167978 0.821760 0.162257
5 0.625198 0.190862 0.564198 0.194678 0.554031 0.167978 0.560813 0.143189 0.659094 0.135557 0.662479 0.166073
5 0.635365 0.227093 0.577760 0.229004 0.591313 0.282397 0.611646 0.305281 0.706531 0.312907 0.699760 0.351049 0.767531 0.343423 0.787865 0.305281 0.753979 0.284302 0.723479 0.267140 0.669260 0.253792 0.652313 0.240445
6 0.869208 0.253792 0.798031 0.230909 0.730260 0.229004 0.703146 0.221372 0.696365 0.181325 0.686198 0.141278 0.720094 0.106952 0.770927 0.099326 0.764146 0.171794 0.781094 0.177515 0.855646 0.166073 0.899708 0.137468 0.896313 0.103142 0.862427 0.099326 0.930208 0.099326 0.967479 0.154631 0.950542 0.187046 0.926813 0.206120 0.882760 0.242351
3 0.000000 0.152989 0.000000 0.168816 0.008333 0.173505 0.016667 0.182298 0.026042 0.188746 0.044792 0.192849 0.068750 0.200469 0.084375 0.207503 0.097917 0.216882 0.119792 0.223916 0.139583 0.227433 0.152083 0.228019 0.166667 0.223329 0.182292 0.208089 0.182292 0.203986 0.169792 0.196952 0.070833 0.165885 0.055208 0.162954 0.029167 0.160610
6 0.357479 0.513148 0.232083 0.518869 0.211750 0.495985 0.194812 0.434959 0.157531 0.389191 0.293083 0.358681 0.486260 0.328165 0.676031 0.316723 0.631979 0.404449 0.645531 0.444496 0.482865 0.415891 0.425260 0.415891 0.310031 0.484543 0.333750 0.518869 0.404927 0.518869 0.415094 0.499795 0.411698 0.454027
5 0.594698 0.482632 0.604865 0.473101 0.520146 0.495985 0.540479 0.560821 0.587927 0.602778 0.689594 0.610404 0.696365 0.576079 0.611646 0.507427 0.611646 0.497890
3 0.869792 0.907386 0.832292 0.900352 0.817708 0.899766 0.812500 0.900938 0.792708 0.931419 0.793750 0.951348 0.788542 0.974209 0.782292 0.981829 0.779167 0.990621 0.773958 0.994138 0.773958 1.000000 0.850000 1.000000 0.870833 0.930246 0.871875 0.910317
3 0.756250 0.902696 0.732292 0.902696 0.715625 0.907972 0.696875 0.919109 0.681250 0.935522 0.671875 0.954865 0.670833 0.971864 0.672917 0.982415 0.687500 1.000000 0.775000 1.000000 0.775000 0.994138 0.782292 0.988277 0.791667 0.967761 0.793750 0.956624 0.792708 0.934349 0.779167 0.914420 0.767708 0.906800
3 0.000000 0.186401 0.000000 0.243845 0.032292 0.249121 0.062500 0.249707 0.081250 0.247948 0.100000 0.240328 0.105208 0.229191 0.102083 0.220399 0.094792 0.213365 0.078125 0.203400 0.063542 0.197538 0.037500 0.189918 0.026042 0.187573
3 0.447917 0.417351 0.439583 0.421454 0.438542 0.427315 0.445833 0.443142 0.446875 0.451934 0.450000 0.454865 0.461458 0.498242 0.460417 0.511137 0.455521 0.540445 0.454167 0.564478 0.463542 0.576788 0.470833 0.582063 0.489583 0.589097 0.501042 0.590856 0.510417 0.590270 0.529167 0.584994 0.538542 0.579132 0.545833 0.570926 0.548958 0.562134 0.545833 0.543376 0.538542 0.532239 0.511458 0.507034 0.507292 0.501172 0.501042 0.497655 0.477083 0.448417 0.467708 0.423212 0.460417 0.417937
5 0.421865 0.614220 0.404927 0.619941 0.391365 0.648546 0.445594 0.692403 0.465927 0.713382 0.452365 0.738171 0.676031 0.747708 0.689594 0.711477 0.760760 0.677151 0.804813 0.652356 0.777698 0.612309 0.733646 0.597057 0.696365 0.591336 0.601479 0.595147 0.516760 0.627567 0.469313 0.621846
5 0.384594 0.612309 0.326979 0.595147 0.276146 0.572263 0.303250 0.543658 0.337146 0.524590 0.401531 0.511237 0.425260 0.543658 0.455760 0.574168 0.357479 0.619941
3 0.659375 0.157679 0.654167 0.154748 0.648958 0.154162 0.618750 0.157093 0.603125 0.160023 0.596875 0.162368 0.571875 0.167057 0.560417 0.171747 0.547917 0.172919 0.491667 0.187573 0.478125 0.189332 0.465625 0.193435 0.446875 0.196952 0.436458 0.200469 0.434375 0.205744 0.438542 0.208675 0.448958 0.209261 0.471875 0.202227 0.543750 0.189332 0.581250 0.185229 0.595833 0.181712 0.608333 0.180539 0.612500 0.178781 0.623958 0.178195 0.655208 0.169402 0.659375 0.164127
