3 0.794646 0.415891 0.862427 0.396817 0.930208 0.360586 0.933594 0.358681 0.920042 0.412075 0.903094 0.413980 0.774313 0.413980
2 0.899708 0.171794 0.886146 0.137468 0.875979 0.114584 0.903094 0.089789 0.936979 0.084068 0.997979 0.087884 1.000000 0.093183 1.000000 0.159314 0.991208 0.167978 0.906479 0.171794
6 0.374427 0.753429 0.303250 0.770592 0.147365 0.743892 0.147365 0.743892 0.113479 0.675240 0.127031 0.621846 0.286313 0.606589 0.350698 0.606589 0.415094 0.656172 0.408313 0.686682 0.408313 0.724824
6 0.340531 0.982268 0.340531 0.982268 0.323583 0.913617 0.343917 0.902175 0.509979 0.892644 0.584531 0.881202 0.652313 0.883107 0.713313 0.925059 0.723479 0.949853 0.764146 0.980363 0.706531 0.997526 0.584531 0.999431 0.415094 0.991805 0.347313 0.991805
4 0.828531 0.762966 0.628594 0.730545 0.608260 0.724824 0.631979 0.669519 0.635365 0.629472 0.645531 0.585615 0.757365 0.598962 0.804813 0.633288 0.926813 0.623751 1.000000 0.654191 1.000000 0.682544 0.923427 0.715287 0.842094 0.740082
5 0.303250 0.480727 0.262583 0.495985 0.225312 0.457843 0.174479 0.442585 0.225312 0.413980 0.316812 0.400633 0.350698 0.452122 0.357479 0.463564 0.330365 0.488353
5 0.350698 0.381565 0.276146 0.377749 0.265979 0.339607 0.276146 0.326260 0.371031 0.326260 0.408313 0.347239 0.398146 0.375844
5 0.418479 0.286213 0.333750 0.282397 0.296479 0.261419 0.350698 0.232814 0.425260 0.242351 0.445594 0.274771
5 0.476094 0.187046 0.428646 0.194678 0.377812 0.179420 0.371031 0.173699 0.442198 0.156536 0.472698 0.150815 0.486260 0.185141 0.526927 0.188957 0.554031 0.194678 0.550646 0.206120
5 0.645531 0.232814 0.604865 0.229004 0.584531 0.196583 0.665865 0.175604 0.743812 0.198488 0.733646 0.248072 0.628594 0.248072
5 0.618427 0.333886 0.520146 0.312907 0.513365 0.269050 0.665865 0.255698 0.689594 0.293839 0.662479 0.324349
5 0.547260 0.463564 0.530313 0.450217 0.489646 0.408259 0.567594 0.381565 0.621813 0.400633 0.601479 0.446401 0.591313 0.457843
5 0.852260 0.557005 0.794646 0.534121 0.750594 0.495985 0.787865 0.465469 0.940375 0.469285 0.953927 0.503611 0.906479 0.545563
5 0.801427 0.406354 0.770927 0.408259 0.740427 0.368212 0.838698 0.343423 0.859042 0.377749
5 0.835313 0.316723 0.781094 0.309097 0.750594 0.269050 0.838698 0.253792 0.892927 0.291934 0.882760 0.309097
5 0.903094 0.255698 0.845479 0.246166 0.831927 0.229004 0.862427 0.208025 0.906479 0.213746 0.953927 0.244256
4 0.028750 0.351049 0.055865 0.354865 0.116865 0.339607 0.133813 0.314818 0.120250 0.259513 0.062646 0.230909 0.000000 0.264396 0.000000 0.326782
4 0.069417 0.209930 0.130417 0.206120 0.225312 0.202304 0.181250 0.158441 0.154146 0.156536 0.171083 0.120305 0.137198 0.110768 0.116865 0.148910 0.082979 0.187046 0.055865 0.188957
4 0.255812 0.118394 0.191417 0.105047 0.157531 0.065000 0.184646 0.063089 0.279531 0.063089 0.360865 0.080258 0.354083 0.133652 0.293083 0.124115
4 0.503198 0.118394 0.489646 0.097421 0.564198 0.084068 0.618427 0.089789 0.679427 0.114584 0.682813 0.118394 0.516760 0.133652 0.516760 0.131747
3 0.086365 0.120305 0.072813 0.099326 0.072813 0.084068 0.143979 0.085979 0.184646 0.112673 0.238865 0.126026 0.293083 0.137468 0.306646 0.146999 0.289698 0.156536 0.143979 0.114584 0.137198 0.112673
