3 1.000000 0.110199 0.992708 0.111372 0.959375 0.123095 0.946875 0.125440 0.890625 0.141266 0.860417 0.152989 0.844792 0.162954 0.837500 0.178781 0.837500 0.187573 0.844792 0.200469 0.857292 0.206917 0.883333 0.230363 0.900000 0.240914 0.910417 0.242673 0.935417 0.241501 0.945833 0.243845 0.958333 0.243259 0.968750 0.239742 0.971875 0.236811 0.983333 0.235053 0.987500 0.232708 0.989583 0.233294 1.000000 0.224502
3 0.813542 0.774912 0.790625 0.791325 0.772917 0.836460 0.772917 0.842321 0.781250 0.858734 0.787500 0.861665 0.789583 0.866354 0.794792 0.869285 0.796875 0.873388 0.822917 0.888628 0.870833 0.905627 0.907292 0.913834 1.000000 0.923798 1.000000 0.859906 0.985417 0.855217 0.958333 0.843494 0.937500 0.831770 0.881250 0.793083 0.850000 0.777257 0.832292 0.773740 0.821875 0.773740 0.818750 0.775498
3 1.000000 0.669402 0.993750 0.669402 0.990625 0.671747 0.977083 0.674091 0.965625 0.678195 0.915625 0.688746 0.872917 0.704572 0.844792 0.712192 0.826042 0.719226 0.798958 0.726260 0.770833 0.736225 0.752083 0.740914 0.732292 0.748535 0.719792 0.751465 0.715625 0.754396 0.701042 0.759672 0.700000 0.765533 0.704167 0.776671 0.719792 0.784291 0.732292 0.784291 0.737500 0.786049 0.746875 0.783705 0.753125 0.779601 0.802083 0.767878 0.830208 0.759086 0.858333 0.753224 0.979167 0.719226 1.000000 0.715709
5 0.667219 0.296448 0.590344 0.267186 0.542865 0.217567 0.669479 0.192122 0.787052 0.251923 0.868438 0.309174 0.915917 0.375328 0.768958 0.381694 0.721479 0.300270 0.642354 0.282456
5 0.493125 0.896958 0.355208 0.880422 0.300948 0.849883 0.314521 0.805358 0.529302 0.786272 0.689833 0.809174 0.685302 0.851155 0.542865 0.876600
4 0.481823 0.968206 0.368781 0.987292 0.187906 0.947849 0.160771 0.849883 0.138167 0.758283 0.251208 0.675586 0.436604 0.627239 0.628781 0.625967 0.723740 0.652685 0.714698 0.717567 0.581302 0.737925 0.567740 0.805358 0.314521 0.779912 0.291906 0.800270 0.334865 0.843523 0.504437 0.927491 0.619740 0.930035 0.551917 0.975838
4 0.692094 0.389326 0.619740 0.334619 0.646875 0.264642 0.798354 0.255739 0.823219 0.363880 0.823219 0.374056 0.778000 0.404590
4 0.287385 0.440217 0.441125 0.487292 0.504437 0.465662 0.522521 0.444033 0.646875 0.409683 0.617479 0.377872 0.590344 0.343523 0.640083 0.295176 0.556437 0.260826 0.540604 0.229021 0.567740 0.129783 0.558698 0.122151 0.398167 0.101794 0.237646 0.092890 0.165292 0.118335 0.151729 0.192122 0.153990 0.293904 0.224083 0.403318 0.271562 0.450393
3 1.000000 0.249707 0.977083 0.249121 0.948958 0.250879 0.921875 0.250879 0.907292 0.253810 0.900000 0.257327 0.897917 0.262016 0.896875 0.276084 0.900000 0.281946 0.905208 0.283705 0.937500 0.281360 1.000000 0.279601
6 0.538344 0.781184 0.565479 0.744285 0.674000 0.751923 0.739573 0.792632 0.814177 0.805358 0.791573 0.898230 0.848094 0.933857 0.879750 0.964390 0.723740 0.975838 0.655917 0.950393 0.651396 0.884238 0.716958 0.844795 0.723740 0.824437 0.624260 0.793904
6 0.857135 0.290088 0.791573 0.273552 0.732781 0.222661 0.701135 0.206120 0.631042 0.184490 0.617479 0.129783 0.592604 0.100522 0.438865 0.100522 0.314521 0.082708 0.368781 0.048359 0.547396 0.020369 0.622000 0.017825 0.667219 0.031817 0.726000 0.061079 0.841313 0.078892 0.866177 0.103066 0.854875 0.198488 0.879750 0.254467 0.886531 0.277368
6 0.610698 0.491108 0.479563 0.470750 0.558698 0.452937 0.565479 0.431307 0.712438 0.400774 0.780260 0.388054 0.895573 0.407140 0.872958 0.441489 0.710177 0.480926
