4 0.594094 0.299226 0.457896 0.307743 0.309583 0.234502 0.064417 0.195328 0.179437 0.113576 0.318667 0.048851 0.463948 0.016495 0.591073 0.006272 0.766625 0.047151 0.818073 0.173189 0.812021 0.251536 0.760573 0.289004
0 0.385250 0.363945 0.294448 0.355428 0.239969 0.317960 0.212729 0.258347 0.249052 0.224285 0.370115 0.251536 0.433677 0.289004 0.521458 0.307743 0.624365 0.334994 0.648583 0.370756 0.506323 0.399713 0.460917 0.389496
0 0.215750 0.847655 0.345906 0.847655 0.391302 0.890234 0.512375 0.927708 0.618313 0.880018 0.742406 0.874906 0.784781 0.927708 0.718198 0.990727 0.674250 1.000000 0.416885 1.000000 0.388281 0.999244 0.364042 1.000000 0.275438 1.000000 0.194562 0.944742 0.191542 0.895346
4 0.518427 0.891940 0.418542 0.883423 0.351958 0.845955 0.312615 0.835733 0.270240 0.816999 0.276292 0.776120 0.227865 0.760791 0.218781 0.714807 0.246021 0.644977 0.364063 0.588769 0.518427 0.563224 0.612260 0.561518 0.802938 0.621131 0.936115 0.701184 0.936115 0.779531 0.751490 0.868095 0.636469 0.883423 0.560802 0.885129
3 0.047917 0.610785 0.023958 0.617819 0.000000 0.631887 0.000000 0.780774 0.020833 0.786049 0.041667 0.793669 0.053125 0.800117 0.059375 0.809496 0.063542 0.842907 0.063542 1.000000 0.126042 1.000000 0.119792 0.961313 0.112500 0.935522 0.108333 0.902696 0.097917 0.865182 0.093750 0.827667 0.089583 0.814771 0.089583 0.803634 0.095833 0.790739 0.108333 0.782532 0.117708 0.779015 0.139583 0.763189 0.140625 0.759672 0.136458 0.750293 0.140625 0.743259 0.152083 0.732122 0.157292 0.712778 0.162500 0.707503 0.165625 0.699297 0.165625 0.685815 0.162500 0.673505 0.153125 0.658265 0.137500 0.641266 0.119792 0.627198 0.092708 0.613716 0.073958 0.610199
3 0.145833 0.761430 0.114583 0.781360 0.109375 0.782532 0.096875 0.791325 0.091667 0.799531 0.092708 0.819461 0.097917 0.835287 0.105208 0.844080 0.125000 0.861665 0.132292 0.878077 0.140625 0.917937 0.140625 1.000000 0.186458 1.000000 0.175000 0.938453 0.172917 0.873974 0.176042 0.861079 0.195833 0.833529 0.200000 0.813599 0.196875 0.805979 0.169792 0.767878 0.153125 0.762016
3 0.896875 0.000000 0.852083 0.000000 0.834375 0.098476 0.831250 0.102579 0.826042 0.123095 0.818750 0.134232 0.810417 0.157093 0.783333 0.179367 0.780208 0.185229 0.775000 0.189332 0.770833 0.201641 0.772917 0.202227 0.794792 0.198124 0.805208 0.198710 0.815625 0.197538 0.826042 0.199883 0.830208 0.204572 0.826042 0.224502 0.820833 0.226846 0.817708 0.232708 0.811458 0.236811 0.811458 0.240914 0.797917 0.258499 0.797917 0.263775 0.790625 0.271981 0.784375 0.274912 0.781250 0.280188 0.773958 0.283705 0.771875 0.287808 0.766667 0.290152 0.764583 0.295428 0.758333 0.298359 0.744792 0.314185 0.743750 0.318875 0.747917 0.320633 0.754167 0.320633 0.759375 0.323564 0.764583 0.322978 0.771875 0.317116 0.773958 0.312427 0.790625 0.293669 0.798958 0.289566 0.800000 0.294842 0.790625 0.305393 0.784375 0.318875 0.786458 0.320633 0.795833 0.318875 0.797917 0.314185 0.812500 0.298359 0.826042 0.290739 0.828125 0.294256 0.815625 0.320633 0.815625 0.324150 0.817708 0.325322 0.823958 0.322392 0.844792 0.293083 0.857292 0.282532 0.868750 0.260844 0.877083 0.255569 0.879167 0.245604 0.884375 0.240328 0.889583 0.217468 0.887500 0.206331 0.880208 0.186987 0.857292 0.158265 0.857292 0.150059 0.853125 0.142438 0.853125 0.130715 0.879167 0.052169 0.889583 0.028722
3 0.859375 0.141852 0.854167 0.143025 0.854167 0.153576 0.882292 0.193435 0.887500 0.209848 0.887500 0.225088 0.879167 0.247362 0.868750 0.259086 0.862500 0.271395 0.852083 0.282532 0.853125 0.286049 0.861458 0.283705 0.873958 0.276084 0.897917 0.253224 0.913542 0.229777 0.921875 0.203400 0.921875 0.183470 0.912500 0.164713 0.905208 0.157679 0.888542 0.148886 0.872917 0.144197
3 0.865625 0.144197 0.860417 0.144197 0.856250 0.152989 0.861458 0.158265 0.864583 0.168816 0.873958 0.174091 0.877083 0.185229 0.880208 0.188746 0.884375 0.189918 0.884375 0.199297 0.889583 0.204572 0.889583 0.226846 0.875000 0.257327 0.868750 0.261430 0.864583 0.270223 0.857292 0.276671 0.856250 0.283118 0.865625 0.280188 0.872917 0.275498 0.877083 0.269050 0.889583 0.260258 0.892708 0.252638 0.896875 0.251465 0.901042 0.247362 0.912500 0.228605 0.920833 0.202814 0.920833 0.184056 0.912500 0.166471 0.907292 0.164127 0.904167 0.158265 0.893750 0.154162 0.888542 0.150059
3 0.776042 0.000000 0.796875 0.069168 0.806250 0.109027 0.816667 0.138335 0.818750 0.138335 0.821458 0.116764 0.832292 0.090270 0.825000 0.065064 0.814583 0.000000
