3 0.639583 0.587339 0.636458 0.585580 0.626042 0.585580 0.528125 0.604338 0.516667 0.605510 0.493750 0.610785 0.470833 0.627198 0.467708 0.632474 0.454167 0.644783 0.454167 0.648300 0.460417 0.648886 0.469792 0.646542 0.483333 0.640094 0.486458 0.636577 0.503125 0.626612 0.517708 0.623095 0.533333 0.617233 0.627083 0.596131 0.637500 0.590856
3 0.827083 0.810668 0.825000 0.823564 0.829167 0.831184 0.857292 0.847597 0.876042 0.865768 0.884375 0.869285 0.896875 0.866940 0.928125 0.848183 0.938542 0.844080 0.970833 0.835287 1.000000 0.831770 1.000000 0.797773 0.964583 0.800117 0.937500 0.800117 0.904167 0.797186 0.888542 0.793669 0.864583 0.793083 0.845833 0.797186 0.836458 0.802462
4 0.264188 0.641571 0.291427 0.636460 0.376177 0.650082 0.394333 0.653494 0.312615 0.675633 0.236937 0.668822 0.246021 0.651788
4 0.379198 0.604097 0.391302 0.580252 0.448813 0.575147 0.460917 0.598986 0.400385 0.617726
4 0.524479 0.793154 0.524479 0.757386 0.566854 0.735246 0.603177 0.747169 0.627396 0.794859 0.606208 0.832327 0.500271 0.808482
4 0.482104 0.805076 0.488156 0.793154 0.476052 0.842550 0.542646 0.866395 0.542646 0.828921 0.524479 0.806782
4 0.675823 0.825516 0.681875 0.799965 0.742406 0.784637 0.799917 0.777825 0.796885 0.825516 0.709115 0.845955 0.618313 0.834033
4 0.781760 0.842544 0.809000 0.830627 0.863479 0.847655 0.845313 0.885129 0.757542 0.866395
4 0.715167 0.883423 0.790833 0.891940 0.812021 0.890234 0.815052 0.919191 0.697010 0.937925 0.624365 0.948148 0.542646 0.931114 0.515406 0.888535 0.578969 0.862984 0.651604 0.888535 0.675823 0.880018
5 0.309583 0.568329 0.288396 0.568329 0.391302 0.544484 0.397354 0.549596 0.345906 0.576846 0.321688 0.578552
5 0.660687 0.796559 0.648583 0.793154 0.675823 0.750574 0.690948 0.721618 0.769646 0.745463 0.700031 0.782937 0.684896 0.793154
5 0.763594 0.880018 0.693979 0.885129 0.512375 0.866395 0.512375 0.842550 0.681875 0.834033 0.781760 0.839138 0.790833 0.861284 0.775698 0.876612
4 0.082583 0.798265 0.109823 0.793154 0.191542 0.774420 0.243000 0.767608 0.312615 0.777825 0.315635 0.799965 0.315635 0.823810 0.288396 0.856172 0.206677 0.880018 0.100740 0.878312 0.067448 0.845955 0.091656 0.818705
2 0.845313 0.643271 0.839260 0.621131 0.836240 0.583658 0.851375 0.553001 0.863479 0.527456 0.830187 0.500205 0.815052 0.489982 0.818073 0.471249 0.784781 0.440592 0.724250 0.425264 0.657656 0.420152 0.609229 0.466137 0.594094 0.498499 0.615281 0.532562 0.624365 0.544484 0.606208 0.570035 0.657656 0.597286 0.690948 0.610909 0.693979 0.622831 0.793865 0.626243 0.836240 0.644977
