5 0.300500 0.871501 0.288396 0.815299 0.258125 0.769308 0.300500 0.764197 0.367094 0.810188 0.373146 0.845955 0.351958 0.861284
2 0.863479 0.357134 0.763594 0.338400 0.784781 0.266864 0.742396 0.180012 0.830187 0.149343 0.899802 0.113576 1.000000 0.105955 1.000000 0.333224 0.987573 0.343505 0.902823 0.365651
4 0.554750 0.772714 0.542646 0.815299 0.530531 0.847655 0.412490 0.810188 0.339854 0.767608 0.261156 0.748869 0.233917 0.706290 0.339854 0.648382 0.427625 0.605803 0.494219 0.575147 0.642521 0.604097 0.693979 0.655193 0.557781 0.753980 0.518427 0.777825
4 0.715167 0.116981 0.612260 0.127198 0.427625 0.098247 0.309583 0.103353 0.252073 0.093136 0.227865 0.018195 0.401656 0.000000 0.766479 0.000000 0.845313 0.009678 0.815052 0.082919 0.754510 0.130610 0.721219 0.144232 0.693979 0.140826 0.645552 0.137421
6 0.312615 0.188517 0.288396 0.151043 0.312615 0.128904 0.427625 0.106764 0.545667 0.106764 0.627396 0.128904 0.645552 0.145938 0.591073 0.210657 0.473031 0.215768 0.339854 0.212362 0.327740 0.205545
6 0.218781 0.771014 0.258125 0.740358 0.288396 0.684150 0.309583 0.667116 0.412490 0.644977 0.412490 0.597286 0.433677 0.575147 0.445792 0.524050 0.354990 0.542784 0.270240 0.585363 0.188510 0.617726 0.155219 0.748869 0.158250 0.774420
5 0.551719 0.801671 0.548698 0.776120 0.609229 0.750574 0.657656 0.690961 0.657656 0.622831 0.715167 0.682444 0.727271 0.755686 0.675823 0.828921 0.624365 0.842550 0.563833 0.827216
3 0.415625 0.854045 0.404167 0.865768 0.400000 0.879250 0.400000 0.890973 0.408333 0.912075 0.419792 0.926729 0.438542 0.943142 0.454167 0.952521 0.459375 0.953693 0.482292 0.968933 0.508333 0.995897 0.509375 1.000000 0.604167 1.000000 0.600000 0.978898 0.596875 0.974209 0.590625 0.939625 0.591667 0.903869 0.584375 0.872216 0.577083 0.863423 0.572917 0.861665 0.550000 0.862251 0.509375 0.850528 0.490625 0.848183 0.465625 0.848769 0.457292 0.851114 0.437500 0.851114 0.435417 0.852872 0.431250 0.851700
5 0.775698 0.488283 0.575937 0.488283 0.606208 0.449109 0.624365 0.394601 0.678844 0.358839 0.866500 0.358839 0.878615 0.416747 0.869531 0.455920 0.787812 0.495094
5 0.500271 0.428669 0.439729 0.442292 0.373146 0.408230 0.342875 0.348617 0.485135 0.294115 0.575937 0.374168 0.597125 0.398013 0.515406 0.437186
5 0.273260 0.139121 0.233917 0.139121 0.121927 0.076102 0.134031 0.055668 0.176406 0.047151 0.291427 0.099947 0.306552 0.139121
