5 0.530587 0.402119 0.600966 0.388490 0.678159 0.359540 0.687247 0.308443 0.678159 0.267563 0.582807 0.272674 0.555560 0.284597 0.462473 0.322065 0.439765 0.332282 0.480632 0.369756 0.482906 0.388490
5 0.664540 0.494089 0.639567 0.519634 0.600966 0.577549 0.591877 0.596276 0.725839 0.616723 0.768980 0.623534 0.768980 0.625234 0.768980 0.616723 0.764440 0.551997 0.762166 0.512823 0.750821 0.487278 0.712220 0.490684
5 0.501074 0.601395 0.541940 0.684848 0.596426 0.688253 0.580532 0.664408 0.523773 0.640569
5 0.943800 0.517935 0.950614 0.536669 0.868881 0.584360 0.807581 0.540074 0.780334 0.460027 0.825740 0.420853 0.918827 0.460027 0.939260 0.509418
4 0.274025 0.741056 0.321706 0.727427 0.460199 0.730833 0.507879 0.775118 0.507879 0.824509 0.389819 0.841544 0.242238 0.788747
4 0.530587 0.601395 0.614594 0.597982 0.730379 0.611611 0.787148 0.655897 0.841634 0.705288 0.800767 0.742756 0.682708 0.732539 0.630487 0.696770 0.557834 0.642268
4 0.782599 0.638863 0.796227 0.640569 0.893854 0.609905 0.882500 0.574144 0.846173 0.500900 0.796227 0.478761 0.766706 0.514529 0.784874 0.557109
4 0.539666 0.504306 0.514693 0.519634 0.489720 0.456622 0.682708 0.477055 0.646381 0.543480 0.589621 0.604800 0.462473 0.640569 0.412527 0.643974 0.412527 0.546892 0.480632 0.499201
6 0.203646 0.768307 0.373926 0.776825 0.460199 0.746161 0.507879 0.734245 0.537401 0.783636 0.562374 0.831327 0.675894 0.841544 0.759901 0.781930 0.782599 0.734245 0.625948 0.713805 0.557834 0.701882 0.448854 0.684848 0.383005 0.613318 0.417067 0.514529 0.514693 0.471950 0.648646 0.482167 0.771255 0.461726 0.843908 0.419147 0.825740 0.395301 0.805307 0.378274 0.650921 0.400413 0.464747 0.415741 0.321706 0.386791 0.174125 0.354428 0.076498 0.378274 0.076498 0.471950 0.258132 0.519634 0.205912 0.633751 0.180939 0.705288 0.144612 0.766601
5 0.112825 0.683148 0.117365 0.674631 0.146886 0.626940 0.146886 0.548592 0.110560 0.492383 0.065144 0.529858 0.053791 0.586060 0.065144 0.655897 0.119639 0.678037
3 0.731047 0.312119 0.727437 0.298578 0.715704 0.283006 0.701264 0.271496 0.679603 0.259309 0.652527 0.249154 0.624549 0.249154 0.611011 0.251185 0.611011 0.257955 0.615523 0.259986 0.614621 0.262695 0.611011 0.264726 0.611011 0.280298 0.623646 0.282329 0.626354 0.289777 0.630866 0.290454 0.629964 0.294516 0.631769 0.295870 0.653430 0.298578 0.656137 0.311442 0.668773 0.314150 0.693141 0.314827 0.693141 0.316858 0.688628 0.316858 0.688628 0.325660 0.685018 0.327691 0.658845 0.330399 0.664260 0.333785 0.661552 0.335816 0.657942 0.333785 0.654332 0.350034 0.649819 0.350711 0.648917 0.357481 0.641697 0.360190 0.640794 0.373053 0.638989 0.375085 0.626354 0.377116 0.624549 0.383209 0.625451 0.387949 0.623646 0.389303 0.586643 0.389980 0.572202 0.392688 0.560469 0.399458 0.548736 0.399458 0.545126 0.404198 0.518051 0.404875 0.516245 0.400812 0.511733 0.398781 0.486462 0.400135 0.476534 0.397427 0.465704 0.389303 0.462094 0.388626 0.460289 0.385240 0.454874 0.383209 0.451264 0.379147 0.447653 0.379147 0.437726 0.373731 0.435921 0.366283 0.430505 0.363575 0.430505 0.360190 0.435018 0.358835 0.436823 0.345295 0.457581 0.330399 0.469314 0.327014 0.474729 0.322952 0.486462 0.318213 0.498195 0.318213 0.502708 0.313473 0.511733 0.311442 0.526173 0.297901 0.533394 0.295870 0.541516 0.291131 0.565884 0.287745 0.583935 0.290454 0.587545 0.295870 0.597473 0.295193 0.593863 0.291131 0.592058 0.274882 0.587545 0.270819 0.586643 0.252539 0.592058 0.247123 0.592058 0.239675 0.587545 0.237644 0.539711 0.237644 0.500903 0.242383 0.489170 0.245768 0.477437 0.247123 0.438628 0.257955 0.426895 0.263372 0.423285 0.263372 0.403430 0.271496 0.379964 0.278267 0.357401 0.282329 0.326715 0.285037 0.286101 0.285037 0.216606 0.281652 0.186823 0.277590 0.161552 0.276913 0.120036 0.272173 0.000000 0.263372 0.000000 0.329045 0.080325 0.337170 0.112816 0.342586 0.141697 0.344617 0.183213 0.350711 0.212996 0.352742 0.268953 0.360867 0.303249 0.367637 0.376354 0.387271 0.397112 0.391334 0.431408 0.401490 0.470217 0.409614 0.492780 0.412322 0.530686 0.414353 0.570397 0.412999 0.593863 0.408260 0.623646 0.404875 0.639892 0.400135 0.653430 0.393365 0.663357 0.390657 0.691336 0.374408 0.711191 0.356127 0.722022 0.341232 0.729242 0.327014
