6 0.460199 0.379973 0.348953 0.337393 0.301273 0.281192 0.344413 0.206249 0.455659 0.167075 0.482906 0.170481 0.591886 0.098944 0.700866 0.018896 0.700866 0.017190 0.778060 0.093839 0.868881 0.117678 0.873421 0.160264 0.823475 0.238605 0.694052 0.310142 0.600966 0.342505 0.501074 0.373162
6 0.101471 0.517935 0.201372 0.497495 0.214991 0.514529 0.187753 0.560515 0.158231 0.597982 0.112825 0.592877 0.062879 0.538375
6 0.244513 0.482167 0.294458 0.475355 0.326245 0.478761 0.326245 0.519634 0.253592 0.529858 0.249052 0.529858
6 0.392085 0.495796 0.405713 0.453216 0.487446 0.422552 0.562374 0.466838 0.600966 0.526452 0.603240 0.570731 0.530587 0.642268 0.462473 0.625234 0.417067 0.545186 0.387545 0.511124
6 0.435226 0.700176 0.444305 0.647380 0.478366 0.638863 0.580532 0.645674 0.669079 0.715504 0.684973 0.737651 0.594161 0.754678 0.544206 0.778524 0.519233 0.742756 0.476092 0.689959
6 0.551020 0.781930 0.605505 0.776825 0.680433 0.768307 0.700866 0.776825 0.675894 0.827921 0.625948 0.855173 0.539666 0.913081 0.462473 0.899452 0.469287 0.870501 0.555560 0.787041
6 0.423872 0.867095 0.476092 0.867089 0.478366 0.880718 0.430686 0.911374 0.383005 0.919892 0.312626 0.918186 0.262671 0.955660 0.230884 0.959066 0.155966 0.938626 0.151426 0.894347 0.180939 0.838138 0.228619 0.833026 0.285379 0.829621 0.376200 0.880718 0.389819 0.875606
6 0.162780 0.867095 0.133258 0.877312 0.081038 0.872200 0.065144 0.812586 0.069684 0.761496 0.096931 0.730833 0.160505 0.737651 0.205912 0.815999 0.183213 0.855173
0 0.199106 0.667820 0.169585 0.615017 0.169585 0.558808 0.228619 0.529858 0.373926 0.531557 0.407978 0.536669 0.437500 0.591171 0.423872 0.650785 0.360307 0.684848 0.287653 0.693365 0.226345 0.691659
0 0.260406 0.727427 0.294458 0.703582 0.380740 0.693365 0.469287 0.698477 0.544206 0.725728 0.541940 0.798964 0.526047 0.826215 0.423872 0.858578 0.337599 0.867089 0.296733 0.812586 0.294458 0.775118
3 0.028881 0.540961 0.022563 0.545024 0.020758 0.549763 0.024368 0.553825 0.027076 0.553825 0.024368 0.548409 0.028881 0.548409 0.029783 0.553148 0.027978 0.557211 0.033394 0.568043 0.040614 0.572106 0.041516 0.575491 0.046931 0.578876 0.048736 0.584292 0.063177 0.595125 0.064982 0.600542 0.072202 0.603927 0.073105 0.607312 0.077617 0.608666 0.081227 0.612051 0.081227 0.614760 0.087545 0.617468 0.092058 0.622884 0.107401 0.633717 0.110108 0.639133 0.118231 0.643196 0.125451 0.649966 0.127256 0.654028 0.133574 0.658091 0.136282 0.662830 0.162455 0.682464 0.163357 0.685173 0.180505 0.698037 0.185018 0.703453 0.190433 0.706161 0.203069 0.719025 0.209386 0.722410 0.241877 0.751523 0.250000 0.762356 0.259928 0.807041 0.267148 0.819228 0.276173 0.827353 0.277076 0.821936 0.272563 0.815843 0.268051 0.794854 0.268953 0.782668 0.272563 0.773189 0.273466 0.751523 0.264440 0.737305 0.256318 0.731889 0.251805 0.726473 0.248195 0.718348 0.235560 0.708869 0.233755 0.704130 0.227437 0.700745 0.218412 0.689235 0.186823 0.662153 0.154332 0.629655 0.141697 0.620176 0.116426 0.595802 0.109206 0.591740 0.107401 0.587678 0.075812 0.563304 0.064982 0.557211 0.060469 0.551117 0.048736 0.545701 0.044224 0.540961
