0 0.467013 0.763196 0.387545 0.754678 0.280839 0.662708 0.278565 0.594577 0.355758 0.507718 0.398899 0.451510 0.548745 0.497495 0.580532 0.572437 0.698601 0.575843 0.748547 0.664408 0.750821 0.713805 0.666814 0.787041 0.526047 0.787041
6 0.269486 0.167075 0.407978 0.165369 0.419332 0.221578 0.383005 0.248829 0.287653 0.204543
6 0.501074 0.146635 0.519233 0.143230 0.607780 0.158558 0.646381 0.202844 0.650921 0.240311 0.519233 0.224983 0.507879 0.199438
6 0.721300 0.199438 0.775794 0.178998 0.882500 0.184103 0.939260 0.192620 0.982401 0.299926 0.975587 0.361239 0.855253 0.393602 0.725839 0.397007 0.719034 0.330582 0.712220 0.235200
6 0.719034 0.468544 0.807581 0.461726 0.868881 0.471950 0.950614 0.528152 0.998294 0.681442 0.857527 0.698477 0.807581 0.696770 0.705406 0.626940 0.684973 0.524746 0.684973 0.517935
6 0.637419 0.787590 0.632329 0.788863 0.720523 0.743060 0.803628 0.711253 0.869765 0.749418 0.886724 0.767231 0.898601 0.818125 0.813800 0.865193 0.698475 0.890643 0.574666 0.832119 0.600108 0.811760
6 0.528881 0.795220 0.508529 0.795220 0.289747 0.754509 0.245650 0.685809 0.208339 0.675626 0.065875 0.660359 0.021787 0.703615 0.016697 0.776134 0.167635 0.855017 0.371155 0.869012 0.486480 0.866466 0.488177 0.837204
6 0.176119 0.615829 0.174422 0.620921 0.072662 0.624739 0.021787 0.595477 0.003123 0.507691 0.065875 0.424990 0.160848 0.399546 0.277870 0.452979 0.206643 0.567488 0.193078 0.620921
0 0.469287 0.436181 0.430686 0.449804 0.333060 0.388490 0.287653 0.306737 0.369386 0.243717 0.464747 0.226689 0.585072 0.231794 0.694052 0.391896 0.644106 0.458321 0.491986 0.473649
3 0.173285 0.122546 0.170578 0.126608 0.172383 0.146919 0.176895 0.159106 0.178700 0.171293 0.181408 0.174678 0.181408 0.178741 0.184116 0.180095 0.184116 0.186865 0.191336 0.216655 0.194946 0.221395 0.204874 0.256601 0.213899 0.276236 0.234657 0.335816 0.240072 0.345972 0.245487 0.365606 0.258123 0.393365 0.260830 0.405552 0.275271 0.440081 0.283394 0.467840 0.287004 0.471903 0.288809 0.482058 0.293321 0.492214 0.295126 0.503047 0.293321 0.528097 0.279783 0.560596 0.272563 0.572106 0.268953 0.586324 0.268051 0.601896 0.270758 0.620853 0.282491 0.654705 0.291516 0.669601 0.296931 0.671632 0.298736 0.681110 0.302347 0.684496 0.305054 0.684496 0.305957 0.681787 0.302347 0.677725 0.302347 0.673663 0.296029 0.670955 0.296931 0.664861 0.293321 0.661476 0.284296 0.634394 0.278881 0.624915 0.277076 0.615437 0.278881 0.595802 0.283394 0.591740 0.287004 0.580907 0.292419 0.575491 0.295126 0.566012 0.306859 0.559242 0.314079 0.549086 0.322202 0.545024 0.337545 0.526743 0.339350 0.505755 0.336643 0.483412 0.324910 0.445498 0.309567 0.407583 0.308664 0.399458 0.296029 0.366283 0.274368 0.288422 0.257220 0.240352 0.251805 0.232227 0.249097 0.220041 0.241877 0.203791 0.238267 0.200406 0.229242 0.176032 0.222022 0.164523 0.209386 0.136087 0.194946 0.125254 0.182310 0.121869
