4 0.571875 0.535937 0.578906 0.536719 0.580469 0.538281 0.584375 0.542969 0.585938 0.545312 0.588281 0.548438 0.589063 0.552344 0.591406 0.556250 0.591406 0.558594 0.593750 0.564844 0.594531 0.566406 0.596094 0.567969 0.597656 0.568750 0.600000 0.567969 0.600781 0.565625 0.605469 0.561719 0.607812 0.559375 0.608594 0.557813 0.608594 0.556250 0.610156 0.553906 0.611719 0.552344 0.615625 0.549219 0.617969 0.547656 0.619531 0.546875 0.625000 0.545312 0.630469 0.545312 0.634375 0.543750 0.638281 0.543750 0.643750 0.545312 0.651563 0.545312 0.655469 0.546094 0.660937 0.547656 0.662500 0.548438 0.668750 0.552344 0.672656 0.554688 0.674219 0.555469 0.676562 0.555469 0.678125 0.556250 0.685156 0.563281 0.685937 0.564844 0.686719 0.567187 0.687500 0.570312 0.687500 0.574219 0.688281 0.575000 0.688281 0.578125 0.687500 0.586719 0.686719 0.592969 0.685156 0.596875 0.685156 0.601562 0.684375 0.606250 0.683594 0.608594 0.678906 0.618750 0.677344 0.622656 0.677344 0.625000 0.676562 0.626563 0.672656 0.630469 0.671875 0.632812 0.671094 0.635938 0.671094 0.638281 0.672656 0.640625 0.673438 0.646094 0.674219 0.647656 0.676562 0.650000 0.676562 0.654687 0.675000 0.659375 0.675000 0.667969 0.672656 0.679688 0.671875 0.688281 0.671875 0.704688 0.671094 0.715625 0.669531 0.719531 0.669531 0.729688 0.668750 0.734375 0.666406 0.743750 0.614062 0.727344 0.612500 0.725781 0.610156 0.725781 0.610156 0.725000 0.610156 0.723437 0.609375 0.721875 0.607031 0.721875 0.607031 0.722656 0.607031 0.725000 0.607031 0.725781 0.610156 0.725000 0.610156 0.725781 0.609375 0.728125 0.611719 0.730469 0.613281 0.728906 0.614062 0.727344 0.666406 0.743750 0.665625 0.748437 0.664844 0.753906 0.664844 0.760938 0.664062 0.767969 0.663281 0.771875 0.661719 0.775000 0.661719 0.785937 0.660156 0.796094 0.658594 0.800781 0.657813 0.805469 0.657031 0.817969 0.656250 0.821094 0.653906 0.826562 0.654687 0.849219 0.653906 0.860156 0.651563 0.868750 0.651563 0.878906 0.650000 0.884375 0.650000 0.909375 0.651563 0.925781 0.651563 0.933594 0.650781 0.937500 0.650000 0.939844 0.647656 0.942187 0.642969 0.944531 0.639844 0.945312 0.632812 0.946094 0.625000 0.946094 0.621094 0.945312 0.617969 0.944531 0.615625 0.943750 0.611719 0.942187 0.610156 0.941406 0.607031 0.938281 0.603125 0.937500 0.601562 0.936719 0.599219 0.935156 0.596094 0.932031 0.595313 0.932031 0.592969 0.929688 0.591406 0.925781 0.586719 0.921875 0.585156 0.920312 0.584375 0.917969 0.579688 0.913281 0.578906 0.911719 0.578125 0.910156 0.577344 0.907813 0.577344 0.905469 0.576562 0.903125 0.575000 0.901563 0.573438 0.900781 0.571875 0.900781 0.570312 0.904687 0.570312 0.910937 0.569531 0.914844 0.568750 0.919531 0.567969 0.921094 0.565625 0.924219 0.564063 0.927344 0.562500 0.932813 0.561719 0.934375 0.559375 0.936719 0.556250 0.938281 0.552344 0.941406 0.545312 0.948438 0.542188 0.950781 0.539844 0.952344 0.538281 0.953125 0.535937 0.953906 0.532813 0.953906 0.531250 0.955469 0.529687 0.956250 0.524219 0.957031 0.521094 0.957031 0.515625 0.956250 0.513281 0.954688 0.509375 0.953906 0.496875 0.953906 0.492188 0.953125 0.486719 0.951562 0.479687 0.947656 0.472656 0.945312 0.471094 0.944531 0.469531 0.942969 0.468750 0.942969 0.467969 0.942187 0.466406 0.939063 0.465625 0.938281 0.460938 0.934375 0.457031 0.928906 0.456250 0.926562 0.453125 0.923438 0.452344 0.921875 0.451562 0.920312 0.451562 0.918750 0.450781 0.917188 0.447656 0.913281 0.446094 0.910937 0.444531 0.907031 0.443750 0.904687 0.441406 0.894531 0.440625 0.890625 0.440625 0.883594 0.444531 0.872656 0.444531 0.868750 0.443750 0.867188 0.442188 0.864844 0.439063 0.861719 0.438281 0.858594 0.438281 0.846094 0.442969 0.837500 0.444531 0.834375 0.445312 0.830469 0.445312 0.820312 0.443750 0.817187 0.443750 0.811719 0.444531 0.809375 0.445312 0.807031 0.446094 0.805469 0.447656 0.804688 0.450781 0.804688 0.451562 0.806250 0.452344 0.810156 0.455469 0.813281 0.457813 0.814063 0.459375 0.815625 0.459375 0.817969 0.461719 0.821875 0.464062 0.828906 0.464062 0.832812 0.464844 0.835938 0.466406 0.838281 0.467969 0.843750 0.468750 0.847656 0.468750 0.853906 0.469531 0.858594 0.471875 0.860938 0.474219 0.860938 0.475781 0.859375 0.478906 0.852344 0.482031 0.848437 0.483594 0.844531 0.487500 0.840625 0.488281 0.840625 0.492969 0.835938 0.493750 0.834375 0.493750 0.832812 0.492969 0.831250 0.489844 0.827344 0.489844 0.825781 0.483594 0.819531 0.482812 0.817969 0.482031 0.814063 0.479687 0.810937 0.477344 0.805469 0.476562 0.803125 0.475781 0.799219 0.475000 0.791406 0.473438 0.787500 0.472656 0.783594 0.472656 0.763281 0.475000 0.757031 0.475000 0.753906 0.475781 0.750000 0.477344 0.747656 0.477344 0.742969 0.478906 0.735938 0.480469 0.731250 0.482031 0.724219 0.482812 0.717969 0.483594 0.698438 0.483594 0.693750 0.482812 0.688281 0.481250 0.685937 0.484375 0.684375 0.494531 0.685156 0.496875 0.682813 0.501563 0.682813 0.503906 0.682031 0.505469 0.681250 0.507031 0.679688 0.509375 0.678906 0.517188 0.678125 0.518750 0.677344 0.522656 0.673438 0.523438 0.671094 0.525000 0.667969 0.525781 0.665625 0.525000 0.664062 0.520312 0.658594 0.518750 0.657031 0.517969 0.657031 0.515625 0.654687 0.514844 0.653125 0.514844 0.650781 0.514062 0.649219 0.512500 0.647656 0.511719 0.646094 0.510938 0.642188 0.508594 0.639844 0.507812 0.638281 0.507031 0.635156 0.505469 0.629687 0.504687 0.625781 0.504687 0.615625 0.506250 0.612500 0.507031 0.608594 0.507031 0.604688 0.507812 0.601562 0.510156 0.595313 0.510938 0.593750 0.513281 0.591406 0.514062 0.589844 0.514844 0.584375 0.515625 0.582031 0.517188 0.579688 0.521094 0.575000 0.521875 0.573438 0.522656 0.569531 0.524219 0.565625 0.525000 0.564063 0.529687 0.559375 0.530469 0.555469 0.531250 0.553906 0.535937 0.548438 0.539062 0.545312 0.544531 0.542969 0.548438 0.539844 0.550781 0.539062 0.553125 0.539062 0.555469 0.537500 0.558594 0.536719 0.567187 0.535937 0.571875 0.535937
4 0.294531 0.067187 0.293750 0.071094 0.292969 0.072656 0.290625 0.074219 0.289844 0.075781 0.291406 0.077344 0.292187 0.077344 0.293750 0.078906 0.294531 0.081250 0.295312 0.079687 0.295312 0.071094 0.294531 0.070312 0.294531 0.067187
4 0.341406 0.000000 0.341406 0.001563 0.339844 0.003125 0.337500 0.003906 0.335938 0.004687 0.335156 0.005469 0.335156 0.006250 0.331250 0.010156 0.329688 0.011719 0.324219 0.015625 0.321094 0.018750 0.319531 0.020313 0.316406 0.023438 0.315625 0.024219 0.313281 0.027344 0.311719 0.030469 0.310156 0.032813 0.309375 0.038281 0.308594 0.043750 0.308594 0.048438 0.310156 0.051562 0.310156 0.054688 0.309375 0.060937 0.310156 0.075781 0.308594 0.078906 0.309375 0.091406 0.310937 0.092188 0.314063 0.093750 0.317969 0.093750 0.321094 0.095312 0.324219 0.095312 0.326562 0.096094 0.329688 0.099219 0.333594 0.099219 0.339844 0.101562 0.342969 0.103125 0.346094 0.105469 0.347656 0.106250 0.353125 0.108594 0.355469 0.108594 0.359375 0.110156 0.363281 0.111719 0.365625 0.112500 0.368750 0.115625 0.370312 0.115625 0.372656 0.117969 0.378906 0.121875 0.382812 0.124219 0.392188 0.128906 0.394531 0.129688 0.400000 0.129688 0.403906 0.127344 0.406250 0.125781 0.408594 0.123438 0.408594 0.120313 0.404687 0.114062 0.404687 0.112500 0.405469 0.107031 0.406250 0.103906 0.413281 0.096875 0.414062 0.095312 0.415625 0.091406 0.417187 0.086719 0.418750 0.079687 0.421094 0.075781 0.421094 0.071875 0.422656 0.068750 0.421875 0.057031 0.422656 0.053125 0.422656 0.051562 0.421094 0.049219 0.421094 0.046094 0.421875 0.039062 0.423438 0.036719 0.422656 0.035156 0.421094 0.032813 0.421094 0.025781 0.420312 0.024219 0.419531 0.023438 0.416406 0.021094 0.412500 0.017969 0.411719 0.017969 0.407031 0.017969 0.405469 0.016406 0.402344 0.011719 0.403125 0.009375 0.400000 0.007031 0.397656 0.003906 0.396875 0.002344 0.396875 0.000000 0.341406 0.000000
5 0.040625 0.589844 0.038281 0.591406 0.036719 0.591406 0.040625 0.594531 0.040625 0.596094 0.042188 0.598437 0.043750 0.600000 0.046094 0.599219 0.046094 0.597656 0.048438 0.596094 0.046875 0.593750 0.046875 0.592187 0.044531 0.589844 0.040625 0.589844
5 0.407813 0.560937 0.412500 0.561719 0.414062 0.562500 0.415625 0.563281 0.417969 0.565625 0.420312 0.566406 0.421875 0.567969 0.422656 0.569531 0.422656 0.571094 0.423438 0.572656 0.427344 0.576562 0.426563 0.580469 0.428125 0.583594 0.426563 0.586719 0.426563 0.591406 0.429688 0.594531 0.432031 0.596094 0.434375 0.596875 0.437500 0.600000 0.439063 0.600781 0.441406 0.601562 0.448437 0.603125 0.453906 0.604688 0.460156 0.607812 0.462500 0.609375 0.464844 0.610938 0.467187 0.613281 0.469531 0.617188 0.478906 0.625781 0.480469 0.627344 0.483594 0.631250 0.485156 0.633594 0.485156 0.635156 0.485938 0.636719 0.488281 0.639062 0.490625 0.640625 0.491406 0.640625 0.492188 0.641406 0.492969 0.643750 0.497656 0.649219 0.498437 0.650781 0.498437 0.653125 0.499219 0.655469 0.502344 0.658594 0.501563 0.660937 0.500000 0.661719 0.496875 0.661719 0.494531 0.662500 0.492969 0.663281 0.489844 0.666406 0.489844 0.667188 0.486719 0.670312 0.485938 0.670312 0.482031 0.674219 0.478906 0.674219 0.475000 0.675781 0.472656 0.678125 0.470313 0.681250 0.469531 0.683594 0.467187 0.685937 0.465625 0.686719 0.462500 0.686719 0.457031 0.688281 0.455469 0.689063 0.453125 0.691406 0.452344 0.692969 0.450781 0.696875 0.450781 0.700781 0.449219 0.703906 0.449219 0.707031 0.450000 0.712500 0.452344 0.716406 0.453125 0.721094 0.453125 0.727344 0.454688 0.732031 0.454688 0.737500 0.457813 0.748437 0.458594 0.754687 0.458594 0.764062 0.459375 0.772656 0.460156 0.776563 0.460938 0.779687 0.462500 0.785156 0.465625 0.792969 0.467187 0.797656 0.467187 0.802344 0.466406 0.805469 0.465625 0.807031 0.464062 0.807813 0.462500 0.808594 0.457813 0.806250 0.454688 0.803125 0.454688 0.802344 0.450781 0.798438 0.446094 0.798438 0.443750 0.800000 0.439844 0.803906 0.439063 0.805469 0.438281 0.809375 0.439063 0.822656 0.440625 0.828125 0.439844 0.832031 0.439063 0.833594 0.438281 0.835156 0.435156 0.838281 0.432812 0.838281 0.426563 0.835938 0.424219 0.835156 0.419531 0.831250 0.414844 0.831250 0.410938 0.835156 0.410156 0.836719 0.410156 0.839844 0.411719 0.843750 0.414062 0.846875 0.417187 0.850000 0.417969 0.850000 0.421875 0.853906 0.422656 0.856250 0.424219 0.857812 0.427344 0.858594 0.428906 0.859375 0.429688 0.860156 0.429688 0.860938 0.431250 0.863281 0.435937 0.867969 0.436719 0.869531 0.436719 0.871094 0.436719 0.873437 0.435937 0.877344 0.429688 0.883594 0.428906 0.885938 0.428906 0.888281 0.426563 0.892188 0.425781 0.897656 0.425781 0.914844 0.427344 0.918750 0.427344 0.925781 0.428125 0.930469 0.429688 0.934375 0.434375 0.942969 0.435156 0.945312 0.435156 0.951562 0.429688 0.957812 0.427344 0.962500 0.427344 0.967187 0.422656 0.982031 0.421875 0.984375 0.421094 0.986719 0.420312 0.988281 0.417969 0.992188 0.413281 0.996094 0.410938 0.999219 0.077344 0.998437 0.075000 0.998437 0.000000 0.999219 0.000000 0.623437 0.002344 0.621094 0.003125 0.617969 0.003906 0.612500 0.003906 0.605469 0.005469 0.603125 0.005469 0.599219 0.007031 0.596875 0.007031 0.590625 0.007812 0.587500 0.008594 0.585156 0.010156 0.582031 0.010937 0.580469 0.011719 0.579688 0.013281 0.578906 0.017188 0.576562 0.018750 0.578125 0.021094 0.581250 0.021875 0.582812 0.021875 0.586719 0.022656 0.589844 0.023438 0.592969 0.028125 0.597656 0.029687 0.597656 0.032031 0.600000 0.033594 0.600000 0.035937 0.598437 0.038281 0.598437 0.039062 0.603906 0.040625 0.607031 0.040625 0.611719 0.039844 0.615625 0.038281 0.617969 0.038281 0.621094 0.039062 0.621875 0.039062 0.625000 0.037500 0.632031 0.035156 0.632812 0.034375 0.633594 0.033594 0.635156 0.034375 0.638281 0.035937 0.641406 0.035937 0.646094 0.035156 0.647656 0.032813 0.650000 0.032813 0.652344 0.032813 0.662500 0.032031 0.662500 0.030469 0.664062 0.029687 0.665625 0.028906 0.671875 0.028906 0.675000 0.029687 0.675781 0.029687 0.678906 0.027344 0.681250 0.028906 0.683594 0.028906 0.686719 0.027344 0.688281 0.027344 0.689844 0.029687 0.692969 0.029687 0.697656 0.031250 0.700000 0.032813 0.701562 0.034375 0.701562 0.039062 0.700000 0.043750 0.697656 0.045312 0.696094 0.046094 0.692187 0.046875 0.689844 0.049219 0.687500 0.051562 0.686719 0.054688 0.683594 0.056250 0.682813 0.059375 0.682031 0.060937 0.680469 0.060937 0.679688 0.061719 0.678906 0.063281 0.678125 0.067187 0.676562 0.069531 0.675000 0.073438 0.671094 0.080469 0.671094 0.083594 0.669531 0.086719 0.668750 0.092969 0.668750 0.096094 0.670312 0.127344 0.670312 0.134375 0.671094 0.138281 0.671875 0.141406 0.672656 0.143750 0.673438 0.146875 0.675000 0.150000 0.677344 0.151562 0.678125 0.153125 0.678125 0.154688 0.678906 0.156250 0.679688 0.161719 0.682813 0.165625 0.686719 0.167969 0.686719 0.169531 0.687500 0.176563 0.695312 0.180469 0.699219 0.190625 0.705469 0.192969 0.707812 0.193750 0.709375 0.193750 0.710938 0.194531 0.712500 0.196094 0.714063 0.200000 0.714063 0.201563 0.713281 0.203125 0.711719 0.204687 0.710938 0.207031 0.710938 0.208594 0.710156 0.211719 0.707031 0.215625 0.705469 0.217969 0.702344 0.219531 0.700781 0.221094 0.700000 0.222656 0.700000 0.224219 0.699219 0.228125 0.696094 0.229687 0.696094 0.231250 0.695312 0.235937 0.690625 0.240625 0.688281 0.243750 0.686719 0.246094 0.686719 0.247656 0.685937 0.251563 0.682031 0.253125 0.681250 0.261719 0.678125 0.263281 0.677344 0.264844 0.676562 0.271875 0.672656 0.278125 0.668750 0.283594 0.663281 0.285156 0.663281 0.287500 0.661719 0.289844 0.659375 0.289844 0.658594 0.291406 0.657031 0.293750 0.657031 0.296094 0.654687 0.298438 0.653125 0.303125 0.653125 0.305469 0.652344 0.309375 0.650781 0.311719 0.648438 0.313281 0.644531 0.314063 0.639844 0.314844 0.634375 0.316406 0.635938 0.317969 0.635938 0.318750 0.632031 0.317969 0.631250 0.317969 0.628906 0.320312 0.623437 0.320312 0.620313 0.321094 0.617188 0.322656 0.613281 0.323437 0.611719 0.324219 0.610156 0.326562 0.607812 0.327344 0.606250 0.328125 0.600000 0.328906 0.597656 0.329688 0.595313 0.330469 0.593750 0.335156 0.589063 0.335938 0.587500 0.335938 0.585938 0.339062 0.582812 0.340625 0.580469 0.341406 0.578906 0.342187 0.577344 0.342187 0.575781 0.344531 0.572656 0.345313 0.570312 0.344531 0.565625 0.344531 0.563281 0.346094 0.563281 0.347656 0.564844 0.347656 0.565625 0.349219 0.567187 0.349219 0.568750 0.346875 0.571094 0.349219 0.573438 0.350781 0.571875 0.350781 0.570312 0.349219 0.568750 0.349219 0.567187 0.351562 0.568750 0.353906 0.569531 0.356250 0.570312 0.359375 0.570312 0.361719 0.571094 0.364063 0.573438 0.365625 0.573438 0.368750 0.571094 0.371875 0.571094 0.374219 0.569531 0.376563 0.569531 0.378906 0.568750 0.380469 0.567969 0.384375 0.564844 0.385937 0.564063 0.387500 0.564063 0.389062 0.562500 0.390625 0.561719 0.396875 0.560937 0.407813 0.560937
5 0.066406 0.351562 0.063281 0.352344 0.060156 0.353906 0.057031 0.357031 0.058594 0.357812 0.060937 0.358594 0.064844 0.358594 0.067187 0.360156 0.070312 0.357031 0.070312 0.353906 0.069531 0.352344 0.066406 0.351562
5 0.075781 0.339062 0.074219 0.339844 0.072656 0.340625 0.071875 0.342187 0.074219 0.344531 0.074219 0.347656 0.072656 0.349219 0.075000 0.348438 0.075781 0.346875 0.076563 0.342969 0.078906 0.341406 0.077344 0.340625 0.075781 0.339062
5 0.259375 0.181250 0.256250 0.182031 0.252344 0.182812 0.248438 0.185156 0.244531 0.185156 0.240625 0.187500 0.238281 0.188281 0.235937 0.188281 0.232813 0.189062 0.230469 0.190625 0.228125 0.192188 0.225000 0.195312 0.223438 0.196094 0.217969 0.197656 0.211719 0.197656 0.208594 0.194531 0.208594 0.193750 0.206250 0.191406 0.203125 0.189062 0.201563 0.188281 0.200000 0.187500 0.195312 0.186719 0.189062 0.186719 0.185938 0.187500 0.184375 0.188281 0.182031 0.190625 0.181250 0.190625 0.179688 0.192188 0.178125 0.194531 0.175000 0.199219 0.174219 0.200781 0.173437 0.205469 0.169531 0.206250 0.167187 0.208594 0.164844 0.210156 0.158594 0.210938 0.155469 0.212500 0.150781 0.214844 0.149219 0.215625 0.148438 0.216406 0.144531 0.221094 0.142969 0.223438 0.140625 0.228125 0.139844 0.231250 0.139844 0.235937 0.140625 0.240625 0.142969 0.242969 0.142969 0.246875 0.142187 0.248438 0.139063 0.249219 0.137500 0.250000 0.133594 0.253906 0.127344 0.257031 0.125000 0.257812 0.121875 0.258594 0.117969 0.259375 0.111719 0.258594 0.110156 0.259375 0.110156 0.263281 0.110937 0.264844 0.112500 0.266406 0.112500 0.275781 0.110156 0.278906 0.108594 0.277344 0.102344 0.277344 0.100000 0.275000 0.096875 0.274219 0.092969 0.274219 0.089063 0.273438 0.086719 0.272656 0.083594 0.269531 0.083594 0.267969 0.079687 0.267969 0.075781 0.265625 0.071875 0.265625 0.068750 0.262500 0.067187 0.261719 0.061719 0.260156 0.055469 0.260937 0.055469 0.261719 0.053906 0.263281 0.052344 0.266406 0.052344 0.267969 0.053906 0.269531 0.054688 0.271094 0.050781 0.274219 0.050781 0.277344 0.051562 0.278906 0.056250 0.283594 0.057031 0.287500 0.060156 0.288281 0.060156 0.291406 0.061719 0.293750 0.061719 0.297656 0.066406 0.302344 0.067969 0.303125 0.069531 0.303906 0.071094 0.303906 0.072656 0.304688 0.078906 0.310156 0.081250 0.310937 0.086719 0.312500 0.089844 0.314844 0.092188 0.315625 0.094531 0.316406 0.100000 0.316406 0.103906 0.314063 0.107813 0.314844 0.109375 0.312500 0.115625 0.312500 0.117969 0.310937 0.121875 0.310937 0.124219 0.310156 0.126562 0.309375 0.130469 0.305469 0.132812 0.303906 0.135156 0.303125 0.139063 0.303125 0.141406 0.300781 0.141406 0.300000 0.142969 0.298438 0.146875 0.299219 0.149219 0.297656 0.150781 0.297656 0.161719 0.298438 0.164062 0.296094 0.166406 0.295312 0.173437 0.296094 0.178125 0.297656 0.192188 0.297656 0.199219 0.298438 0.205469 0.299219 0.210938 0.300000 0.214062 0.300781 0.216406 0.301563 0.225000 0.304688 0.226562 0.305469 0.228125 0.306250 0.232031 0.308594 0.234375 0.310937 0.236719 0.311719 0.239063 0.313281 0.246094 0.319531 0.250000 0.323437 0.250000 0.324219 0.253906 0.328125 0.260156 0.333594 0.261719 0.333594 0.264844 0.336719 0.265625 0.339062 0.266406 0.350000 0.266406 0.359375 0.267188 0.364844 0.267969 0.371094 0.268750 0.373437 0.269531 0.375000 0.271875 0.378125 0.272656 0.379688 0.272656 0.386719 0.273438 0.388281 0.275000 0.389844 0.276562 0.390625 0.278125 0.390625 0.279687 0.392188 0.282031 0.396094 0.283594 0.399219 0.283594 0.400781 0.281250 0.403125 0.282031 0.405469 0.289844 0.404687 0.296094 0.411719 0.296875 0.412500 0.299219 0.413281 0.303125 0.417187 0.310937 0.417187 0.314844 0.416406 0.317188 0.415625 0.318750 0.414844 0.320312 0.413281 0.321875 0.412500 0.326562 0.411719 0.328125 0.410938 0.331250 0.408594 0.332813 0.408594 0.336719 0.405469 0.340625 0.404687 0.346094 0.399219 0.351562 0.396094 0.354687 0.395313 0.357812 0.393750 0.360156 0.391406 0.364063 0.389844 0.365625 0.389062 0.366406 0.388281 0.367188 0.385937 0.369531 0.383594 0.374219 0.381250 0.380469 0.375781 0.382812 0.373437 0.383594 0.371094 0.386719 0.367969 0.389844 0.366406 0.391406 0.364844 0.396094 0.360156 0.398438 0.357031 0.399219 0.354687 0.402344 0.351562 0.403125 0.351562 0.405469 0.349219 0.406250 0.346875 0.412500 0.340625 0.412500 0.338281 0.413281 0.336719 0.419531 0.330469 0.421094 0.328125 0.422656 0.325781 0.427344 0.316406 0.428906 0.312500 0.429688 0.310156 0.429688 0.305469 0.428125 0.299219 0.424219 0.286719 0.424219 0.276562 0.421875 0.271875 0.421094 0.269531 0.421094 0.264844 0.417969 0.257031 0.417969 0.252344 0.416406 0.249219 0.414844 0.247656 0.410938 0.246875 0.403906 0.247656 0.402344 0.246094 0.401562 0.243750 0.400781 0.240625 0.400781 0.234375 0.401562 0.227344 0.403125 0.224219 0.403125 0.218750 0.402344 0.214844 0.401562 0.212500 0.400781 0.210156 0.399219 0.206250 0.397656 0.203125 0.396094 0.201563 0.389844 0.201563 0.385937 0.202344 0.383594 0.203125 0.381250 0.203906 0.375000 0.207031 0.372656 0.209375 0.371094 0.210156 0.369531 0.210156 0.367969 0.210938 0.364844 0.214062 0.362500 0.214844 0.356250 0.217188 0.351562 0.217969 0.347656 0.217969 0.345313 0.217188 0.342969 0.215625 0.335156 0.207813 0.332031 0.206250 0.329688 0.203906 0.329688 0.199219 0.332031 0.196875 0.332813 0.196875 0.335938 0.193750 0.338281 0.193750 0.339062 0.192969 0.341406 0.192188 0.333594 0.192188 0.330469 0.193750 0.328906 0.196094 0.324219 0.196094 0.321094 0.196875 0.318750 0.198437 0.312500 0.198437 0.310937 0.196875 0.310937 0.196094 0.310156 0.195312 0.308594 0.194531 0.305469 0.194531 0.303125 0.196094 0.298438 0.196875 0.293750 0.195312 0.289844 0.195312 0.285938 0.193750 0.281250 0.191406 0.278906 0.189062 0.276562 0.189062 0.275000 0.188281 0.274219 0.187500 0.273438 0.185156 0.271875 0.183594 0.271875 0.182812 0.271094 0.182031 0.269531 0.181250 0.259375 0.181250
5 0.246875 0.505469 0.248438 0.506250 0.253125 0.510156 0.254688 0.510938 0.258594 0.512500 0.260156 0.512500 0.261719 0.513281 0.259375 0.516406 0.260937 0.517969 0.262500 0.518750 0.264062 0.518750 0.265625 0.519531 0.266406 0.520312 0.269531 0.524219 0.271094 0.525781 0.273438 0.526563 0.275781 0.528906 0.276562 0.533594 0.278125 0.534375 0.279687 0.535156 0.285938 0.535156 0.289062 0.537500 0.292969 0.538281 0.295312 0.539062 0.298438 0.542188 0.300000 0.544531 0.300781 0.546094 0.301563 0.550000 0.302344 0.552344 0.303906 0.553906 0.306250 0.560156 0.306250 0.564063 0.307812 0.566406 0.310937 0.569531 0.311719 0.571094 0.313281 0.575000 0.312500 0.580469 0.312500 0.582031 0.313281 0.584375 0.315625 0.587500 0.316406 0.589844 0.316406 0.592969 0.314844 0.595313 0.313281 0.598437 0.310937 0.600781 0.308594 0.601562 0.306250 0.603906 0.305469 0.605469 0.304688 0.608594 0.304688 0.611719 0.303906 0.614062 0.299219 0.621875 0.299219 0.624219 0.301563 0.626563 0.300000 0.628125 0.298438 0.628906 0.295312 0.628906 0.290625 0.632812 0.289062 0.634375 0.289062 0.637500 0.288281 0.639062 0.282813 0.641406 0.280469 0.644531 0.278125 0.646094 0.274219 0.647656 0.271875 0.650000 0.266406 0.655469 0.260937 0.657813 0.257031 0.660937 0.254688 0.662500 0.251563 0.663281 0.248438 0.665625 0.245312 0.666406 0.242188 0.667969 0.239844 0.670312 0.235156 0.672656 0.232031 0.673438 0.230469 0.674219 0.227344 0.676562 0.224219 0.677344 0.221875 0.678125 0.217969 0.678906 0.211719 0.678906 0.208594 0.680469 0.205469 0.680469 0.202344 0.683594 0.197656 0.684375 0.195312 0.685937 0.192969 0.686719 0.185156 0.689063 0.180469 0.689063 0.178125 0.688281 0.173437 0.685937 0.170313 0.684375 0.167187 0.682031 0.164062 0.678906 0.160156 0.677344 0.155469 0.673438 0.153906 0.672656 0.152344 0.671875 0.168750 0.637500 0.170313 0.635156 0.168750 0.633594 0.166406 0.632812 0.164844 0.634375 0.166406 0.635938 0.167187 0.635938 0.168750 0.637500 0.152344 0.671875 0.146875 0.670312 0.142969 0.670312 0.140625 0.669531 0.138281 0.667969 0.135156 0.667969 0.132031 0.666406 0.126562 0.665625 0.120313 0.665625 0.113281 0.664062 0.110156 0.663281 0.108594 0.662500 0.107813 0.660156 0.107031 0.658594 0.106250 0.657031 0.104688 0.655469 0.103906 0.655469 0.102344 0.653906 0.102344 0.649219 0.101562 0.647656 0.100781 0.646094 0.098437 0.642969 0.096094 0.640625 0.092188 0.639062 0.091406 0.637500 0.091406 0.634375 0.089063 0.632031 0.087500 0.631250 0.084375 0.631250 0.082031 0.630469 0.080469 0.629687 0.079687 0.628906 0.078906 0.627344 0.077344 0.624219 0.076563 0.622656 0.077344 0.617969 0.079687 0.611719 0.079687 0.607812 0.080469 0.606250 0.082812 0.603906 0.083594 0.601562 0.085938 0.599219 0.086719 0.590625 0.089063 0.587500 0.124219 0.596875 0.124219 0.603125 0.125000 0.605469 0.127344 0.607812 0.128906 0.608594 0.133594 0.609375 0.135156 0.608594 0.136719 0.608594 0.138281 0.607031 0.139063 0.605469 0.139063 0.602344 0.138281 0.601562 0.139063 0.597656 0.139063 0.595313 0.137500 0.593750 0.132812 0.592969 0.128906 0.592969 0.126562 0.593750 0.125000 0.595313 0.124219 0.596875 0.089063 0.587500 0.089063 0.582031 0.089844 0.579688 0.092188 0.576562 0.092969 0.575000 0.092969 0.573438 0.093750 0.571875 0.094531 0.570312 0.098437 0.566406 0.100000 0.564063 0.103906 0.557031 0.103906 0.555469 0.101562 0.552344 0.101562 0.549219 0.102344 0.546875 0.103125 0.545312 0.107813 0.541406 0.110156 0.539062 0.110156 0.538281 0.111719 0.536719 0.114844 0.535937 0.115625 0.533594 0.118750 0.532031 0.122656 0.531250 0.124219 0.530469 0.126562 0.528125 0.130469 0.527344 0.134375 0.526563 0.142187 0.526563 0.146094 0.524219 0.150000 0.523438 0.155469 0.521875 0.158594 0.521875 0.161719 0.520312 0.168750 0.520312 0.170313 0.519531 0.173437 0.516406 0.178125 0.516406 0.181250 0.515625 0.185938 0.513281 0.188281 0.512500 0.192188 0.511719 0.197656 0.510938 0.205469 0.510938 0.208594 0.510156 0.210938 0.508594 0.214062 0.507812 0.219531 0.507031 0.226562 0.506250 0.234375 0.505469 0.246875 0.505469
5 0.129688 0.604688 0.131250 0.604688 0.131250 0.602344 0.129688 0.604688
5 0.860156 0.360156 0.865625 0.360938 0.873437 0.368750 0.874219 0.371875 0.874219 0.378125 0.873437 0.387500 0.869531 0.387500 0.861719 0.387500 0.864062 0.385937 0.866406 0.385937 0.867188 0.383594 0.865625 0.382031 0.863281 0.382812 0.862500 0.384375 0.864062 0.385937 0.861719 0.387500 0.860156 0.387500 0.857812 0.389062 0.856250 0.389062 0.854688 0.388281 0.853906 0.387500 0.853125 0.385937 0.852344 0.383594 0.852344 0.380469 0.851562 0.377344 0.850000 0.375781 0.846875 0.374219 0.845313 0.372656 0.844531 0.369531 0.844531 0.366406 0.845313 0.365625 0.845313 0.361719 0.848437 0.360156 0.860156 0.360156
5 0.642969 0.214062 0.646094 0.214844 0.650000 0.217188 0.652344 0.217969 0.653906 0.218750 0.658594 0.217188 0.668750 0.217188 0.671875 0.218750 0.676562 0.218750 0.678906 0.219531 0.681250 0.220312 0.682813 0.221094 0.684375 0.222656 0.685156 0.225000 0.685156 0.228125 0.686719 0.233594 0.687500 0.235156 0.688281 0.236719 0.689844 0.238281 0.692187 0.239063 0.698438 0.239844 0.700781 0.239844 0.702344 0.238281 0.703125 0.235937 0.709375 0.235156 0.711719 0.233594 0.715625 0.234375 0.717187 0.233594 0.717969 0.233594 0.718750 0.232813 0.719531 0.231250 0.719531 0.226562 0.721094 0.225000 0.721875 0.228125 0.723437 0.229687 0.725000 0.229687 0.726562 0.227344 0.728906 0.226562 0.732031 0.229687 0.735938 0.232031 0.739844 0.232813 0.742188 0.234375 0.743750 0.235937 0.746094 0.237500 0.748437 0.237500 0.754687 0.231250 0.756250 0.231250 0.759375 0.228125 0.764062 0.228125 0.764844 0.228906 0.766406 0.228906 0.767969 0.231250 0.771875 0.231250 0.775000 0.233594 0.776563 0.233594 0.778125 0.234375 0.780469 0.236719 0.781250 0.238281 0.782031 0.241406 0.783594 0.245312 0.785156 0.246875 0.786719 0.247656 0.785937 0.249219 0.784375 0.250781 0.783594 0.257031 0.784375 0.261719 0.786719 0.262500 0.788281 0.266406 0.789844 0.268750 0.793750 0.272656 0.798438 0.268750 0.800781 0.267969 0.806250 0.268750 0.810156 0.267969 0.813281 0.266406 0.819531 0.266406 0.829688 0.267188 0.833594 0.267969 0.835156 0.268750 0.835938 0.270313 0.835938 0.271875 0.836719 0.273438 0.838281 0.275000 0.838281 0.276562 0.841406 0.277344 0.842969 0.275781 0.842969 0.274219 0.843750 0.272656 0.845313 0.271094 0.846094 0.267969 0.854688 0.267969 0.856250 0.268750 0.857031 0.269531 0.857812 0.271094 0.858594 0.272656 0.859375 0.275000 0.859375 0.280469 0.861719 0.282813 0.864062 0.283594 0.864844 0.285156 0.864844 0.287500 0.864062 0.288281 0.864062 0.291406 0.864844 0.292187 0.864062 0.296875 0.861719 0.295312 0.860156 0.296875 0.860938 0.304688 0.860938 0.306250 0.860156 0.310156 0.863281 0.309375 0.864844 0.309375 0.865625 0.310937 0.866406 0.314063 0.867188 0.323437 0.867188 0.326562 0.865625 0.328906 0.865625 0.334375 0.864062 0.335938 0.857812 0.336719 0.856250 0.336719 0.855469 0.335938 0.852344 0.335156 0.846094 0.334375 0.836719 0.334375 0.835156 0.335156 0.833594 0.336719 0.835156 0.339062 0.835938 0.340625 0.833594 0.343750 0.828125 0.343750 0.825781 0.345313 0.824219 0.345313 0.823438 0.344531 0.820312 0.343750 0.816406 0.343750 0.810156 0.341406 0.807031 0.341406 0.806250 0.340625 0.804688 0.340625 0.803906 0.338281 0.802344 0.336719 0.799219 0.336719 0.796094 0.332813 0.792969 0.332031 0.792188 0.332813 0.789844 0.332813 0.788281 0.330469 0.786719 0.330469 0.785156 0.328906 0.783594 0.328125 0.782031 0.328125 0.780469 0.329688 0.775000 0.329688 0.770312 0.327344 0.763281 0.327344 0.759375 0.325781 0.753125 0.325000 0.751563 0.323437 0.755469 0.324219 0.757031 0.323437 0.756250 0.320312 0.758594 0.315625 0.761719 0.317188 0.763281 0.317188 0.764844 0.315625 0.764844 0.314063 0.763281 0.312500 0.759375 0.312500 0.758594 0.315625 0.756250 0.320312 0.754687 0.320312 0.752344 0.321094 0.751563 0.323437 0.753125 0.325000 0.750000 0.325000 0.749219 0.325781 0.745313 0.325781 0.738281 0.327344 0.734375 0.328125 0.732031 0.329688 0.726562 0.330469 0.724219 0.331250 0.721875 0.332031 0.716406 0.335156 0.714063 0.335156 0.711719 0.335938 0.707031 0.338281 0.702344 0.341406 0.700781 0.342187 0.697656 0.342187 0.696094 0.342969 0.692969 0.346094 0.689063 0.347656 0.677344 0.358594 0.671875 0.364063 0.666406 0.370312 0.662500 0.375781 0.660156 0.378125 0.659375 0.378125 0.656250 0.381250 0.655469 0.383594 0.654687 0.388281 0.653906 0.392188 0.653906 0.396875 0.653125 0.400000 0.650781 0.406250 0.650000 0.409375 0.650000 0.414844 0.649219 0.415625 0.649219 0.420312 0.651563 0.424219 0.652344 0.427344 0.653125 0.430469 0.653125 0.435156 0.654687 0.439063 0.654687 0.445312 0.657031 0.455469 0.657031 0.465625 0.657813 0.467969 0.660156 0.470313 0.660937 0.471875 0.661719 0.473438 0.661719 0.475000 0.660156 0.477344 0.663281 0.481250 0.659375 0.482812 0.657031 0.483594 0.654687 0.485156 0.652344 0.485938 0.647656 0.486719 0.642188 0.486719 0.639062 0.485156 0.630469 0.485156 0.625781 0.483594 0.620313 0.482812 0.612500 0.482812 0.610156 0.482031 0.607031 0.479687 0.603906 0.479687 0.596875 0.477344 0.591406 0.474219 0.585156 0.472656 0.580469 0.471094 0.577344 0.468750 0.575000 0.467969 0.572656 0.467187 0.568750 0.467187 0.565625 0.466406 0.558594 0.459375 0.554688 0.458594 0.552344 0.457031 0.546875 0.452344 0.545312 0.451562 0.538281 0.450781 0.536719 0.450000 0.533594 0.447656 0.532813 0.446875 0.530469 0.442969 0.530469 0.441406 0.529687 0.439844 0.528125 0.438281 0.526563 0.437500 0.524219 0.436719 0.521875 0.436719 0.519531 0.435937 0.517969 0.435156 0.516406 0.433594 0.516406 0.432031 0.514844 0.429688 0.511719 0.426563 0.510938 0.424219 0.510156 0.423438 0.509375 0.423438 0.507812 0.421875 0.503125 0.420312 0.501563 0.419531 0.501563 0.417969 0.500781 0.417187 0.500000 0.412500 0.499219 0.410156 0.497656 0.407813 0.492969 0.403125 0.492188 0.400781 0.492188 0.398438 0.491406 0.396094 0.489063 0.391406 0.485156 0.387500 0.485156 0.385156 0.482812 0.381250 0.482031 0.378906 0.480469 0.373437 0.480469 0.366406 0.479687 0.364063 0.478906 0.362500 0.478125 0.360938 0.476562 0.359375 0.475781 0.357812 0.475000 0.356250 0.472656 0.349219 0.472656 0.342187 0.475000 0.332813 0.475781 0.329688 0.477344 0.326562 0.479687 0.323437 0.480469 0.321875 0.480469 0.313281 0.478906 0.310156 0.478125 0.303906 0.478125 0.298438 0.482031 0.294531 0.482812 0.291406 0.483594 0.289844 0.485156 0.289062 0.497656 0.289844 0.512500 0.289844 0.516406 0.289844 0.517188 0.289062 0.521875 0.289062 0.525781 0.285938 0.528906 0.282813 0.531250 0.281250 0.533594 0.279687 0.535937 0.278906 0.537500 0.277344 0.538281 0.275781 0.538281 0.267969 0.535937 0.261719 0.535156 0.257812 0.535156 0.252344 0.536719 0.250781 0.539062 0.249219 0.542188 0.247656 0.544531 0.245312 0.546875 0.241406 0.549219 0.239063 0.550781 0.238281 0.552344 0.237500 0.554688 0.236719 0.558594 0.235937 0.569531 0.235937 0.574219 0.237500 0.578125 0.237500 0.581250 0.236719 0.583594 0.235937 0.587500 0.233594 0.590625 0.233594 0.592969 0.231250 0.593750 0.228906 0.595313 0.227344 0.601562 0.226562 0.607812 0.226562 0.610156 0.225000 0.613281 0.224219 0.617188 0.223438 0.622656 0.223438 0.624219 0.221875 0.624219 0.221094 0.625000 0.220312 0.626563 0.219531 0.630469 0.219531 0.633594 0.217969 0.638281 0.217969 0.639844 0.217188 0.641406 0.214844 0.642969 0.214062
5 0.403906 0.000000 0.403906 0.001563 0.404687 0.005469 0.405469 0.010156 0.406250 0.011719 0.407031 0.013281 0.407813 0.014063 0.411719 0.017188 0.414062 0.017969 0.414844 0.018750 0.415625 0.021094 0.418750 0.024219 0.419531 0.025781 0.420312 0.028125 0.421094 0.031250 0.421094 0.035156 0.421875 0.035937 0.421875 0.039062 0.421094 0.046094 0.421875 0.055469 0.423438 0.063281 0.423438 0.065625 0.422656 0.072656 0.421875 0.076563 0.420312 0.083594 0.418750 0.089063 0.417969 0.091406 0.416406 0.093750 0.413281 0.097656 0.407813 0.102344 0.407031 0.103906 0.406250 0.107031 0.406250 0.114844 0.407813 0.117969 0.408594 0.121094 0.408594 0.123438 0.407813 0.125781 0.405469 0.128125 0.404687 0.129688 0.404687 0.131250 0.403906 0.135156 0.403906 0.136719 0.406250 0.141406 0.408594 0.144531 0.415625 0.152344 0.423438 0.160156 0.425781 0.163281 0.426563 0.165625 0.429688 0.168750 0.430469 0.171094 0.433594 0.174219 0.434375 0.177344 0.439844 0.182812 0.441406 0.183594 0.446875 0.184375 0.450000 0.183594 0.454688 0.181250 0.457813 0.181250 0.466406 0.178906 0.471875 0.176563 0.480469 0.175000 0.485156 0.172656 0.489844 0.172656 0.492188 0.171094 0.497656 0.170313 0.499219 0.168750 0.500000 0.166406 0.503125 0.163281 0.507031 0.161719 0.510156 0.158594 0.514062 0.157812 0.517969 0.155469 0.520312 0.154688 0.522656 0.154688 0.525000 0.153906 0.526563 0.153125 0.528125 0.151562 0.528906 0.151562 0.529687 0.150781 0.529687 0.150000 0.531250 0.147656 0.535156 0.143750 0.537500 0.143750 0.539844 0.142187 0.544531 0.142187 0.548438 0.139844 0.552344 0.139063 0.553906 0.138281 0.557031 0.135156 0.559375 0.133594 0.560156 0.133594 0.560937 0.132812 0.560937 0.132031 0.562500 0.130469 0.563281 0.128125 0.564063 0.125781 0.564063 0.120313 0.562500 0.113281 0.562500 0.095312 0.563281 0.093750 0.564844 0.092188 0.567969 0.091406 0.567969 0.085938 0.567187 0.078906 0.564063 0.076563 0.563281 0.075000 0.561719 0.068750 0.561719 0.064062 0.562500 0.062500 0.564063 0.060937 0.567187 0.060937 0.567969 0.060156 0.569531 0.059375 0.567969 0.057031 0.567969 0.055469 0.569531 0.052344 0.568750 0.046875 0.570312 0.044531 0.569531 0.042969 0.568750 0.042188 0.566406 0.041406 0.565625 0.040625 0.565625 0.039844 0.564063 0.038281 0.563281 0.032813 0.560937 0.028906 0.560937 0.026562 0.560156 0.025000 0.559375 0.024219 0.557813 0.023438 0.552344 0.021094 0.546094 0.016406 0.544531 0.015625 0.539062 0.014844 0.532031 0.014844 0.528906 0.011719 0.528906 0.010156 0.525000 0.006250 0.524219 0.004687 0.524219 0.002344 0.523438 0.001563 0.523438 0.000000 0.403906 0.000000
