5 0.450361 0.532837 0.446751 0.534191 0.446751 0.537576 0.448556 0.540284 0.448556 0.544347 0.449458 0.545701 0.451264 0.546378 0.452166 0.545024 0.452166 0.536222 0.450361 0.532837
5 0.276173 0.424509 0.278881 0.425863 0.280686 0.423832 0.276173 0.424509
5 0.384477 0.351388 0.382671 0.352065 0.381769 0.353419 0.379964 0.354096 0.373646 0.354096 0.370036 0.356804 0.367329 0.358158 0.365523 0.358835 0.360108 0.359513 0.352888 0.359513 0.349278 0.361544 0.342058 0.362221 0.339350 0.362898 0.337545 0.363575 0.335740 0.364252 0.333032 0.366283 0.328520 0.367637 0.324910 0.371022 0.321300 0.373053 0.320397 0.373731 0.319495 0.375085 0.318592 0.376439 0.315884 0.382532 0.314982 0.383886 0.313177 0.385240 0.309567 0.385240 0.308664 0.384563 0.305054 0.384563 0.301444 0.385917 0.296931 0.385917 0.295126 0.386594 0.289711 0.390657 0.283394 0.389980 0.281588 0.390657 0.280686 0.391334 0.279783 0.392688 0.279783 0.402167 0.280686 0.404198 0.283394 0.406229 0.294224 0.406229 0.298736 0.409614 0.299639 0.410968 0.299639 0.412999 0.302347 0.415708 0.302347 0.417062 0.300542 0.418416 0.297834 0.419093 0.301444 0.419770 0.303249 0.421124 0.303249 0.424509 0.301444 0.425863 0.300542 0.425863 0.297834 0.427894 0.296931 0.429248 0.296029 0.430603 0.296029 0.435342 0.296931 0.436696 0.297834 0.438050 0.299639 0.439404 0.299639 0.440081 0.300542 0.440758 0.301444 0.440758 0.302347 0.441435 0.302347 0.442112 0.304152 0.444144 0.309567 0.448206 0.310469 0.449560 0.314079 0.456330 0.316787 0.458362 0.319495 0.463101 0.324007 0.465809 0.324910 0.467840 0.331227 0.473257 0.333032 0.475965 0.335740 0.478673 0.340253 0.482735 0.357401 0.495599 0.361011 0.498984 0.364621 0.502370 0.366426 0.504401 0.367329 0.506432 0.369134 0.508463 0.371841 0.510494 0.373646 0.512525 0.374549 0.514557 0.375451 0.515911 0.376354 0.516588 0.379061 0.517265 0.387184 0.522681 0.389892 0.523358 0.394404 0.524035 0.398917 0.524712 0.413357 0.524712 0.425993 0.526743 0.433213 0.527420 0.435921 0.527420 0.448556 0.527420 0.452166 0.527420 0.460289 0.526066 0.466606 0.526066 0.469314 0.528097 0.470217 0.530129 0.471119 0.530806 0.472924 0.531483 0.479242 0.531483 0.482852 0.532837 0.484657 0.534191 0.485560 0.536222 0.485560 0.537576 0.484657 0.541638 0.485560 0.542993 0.488267 0.542316 0.490975 0.540284 0.491877 0.536222 0.494585 0.536222 0.497292 0.537576 0.499097 0.537576 0.504513 0.536899 0.508123 0.535545 0.510830 0.535545 0.511733 0.536222 0.514440 0.536222 0.529783 0.535545 0.532491 0.534868 0.537906 0.532837 0.544224 0.530806 0.551444 0.528097 0.555957 0.525389 0.560469 0.522004 0.561372 0.520650 0.562274 0.516588 0.564079 0.514557 0.564982 0.512525 0.565884 0.501016 0.566787 0.498984 0.568592 0.495599 0.572202 0.492214 0.573105 0.490183 0.573105 0.486121 0.572202 0.483412 0.570397 0.481381 0.569495 0.479350 0.569495 0.471225 0.570397 0.468517 0.572202 0.465809 0.572202 0.463778 0.573105 0.463101 0.573105 0.461747 0.572202 0.458362 0.571300 0.454976 0.569495 0.451591 0.568592 0.445498 0.567690 0.442112 0.566787 0.440081 0.565884 0.438050 0.563177 0.435342 0.562274 0.431957 0.561372 0.428571 0.561372 0.424509 0.560469 0.422478 0.558664 0.420447 0.554152 0.416385 0.552347 0.412999 0.545126 0.407583 0.543321 0.406906 0.538809 0.406229 0.535199 0.404875 0.533394 0.404198 0.532491 0.403521 0.528881 0.400135 0.528881 0.398781 0.527978 0.397427 0.526173 0.397427 0.524368 0.396750 0.523466 0.394719 0.526173 0.393365 0.526173 0.392011 0.524368 0.391334 0.521661 0.391334 0.518051 0.392011 0.514440 0.394719 0.511733 0.394719 0.508123 0.397427 0.507220 0.399458 0.507220 0.401490 0.506318 0.403521 0.505415 0.404875 0.503610 0.406229 0.500903 0.406229 0.497292 0.402844 0.495487 0.402167 0.493682 0.402167 0.492780 0.402844 0.490072 0.402844 0.488267 0.401490 0.487365 0.398104 0.484657 0.396073 0.484657 0.394042 0.482852 0.392011 0.482852 0.385917 0.483755 0.378470 0.482852 0.376439 0.481949 0.375085 0.477437 0.372376 0.475632 0.371022 0.475632 0.368991 0.474729 0.368314 0.473827 0.366960 0.471119 0.368991 0.469314 0.366283 0.469314 0.364252 0.467509 0.362898 0.464801 0.362221 0.455776 0.362221 0.446751 0.363575 0.441336 0.363575 0.435018 0.362898 0.432310 0.360867 0.432310 0.360190 0.429603 0.358158 0.427798 0.358158 0.425993 0.357481 0.423285 0.355450 0.417870 0.353419 0.414260 0.353419 0.410650 0.354773 0.404332 0.354096 0.401625 0.353419 0.399819 0.352742 0.397112 0.354096 0.395307 0.354096 0.392599 0.352065 0.386282 0.351388 0.384477 0.351388
5 0.417870 0.322952 0.412455 0.324983 0.413357 0.326337 0.415162 0.327014 0.417870 0.327014 0.424188 0.326337 0.423285 0.324983 0.422383 0.324983 0.419675 0.322952 0.417870 0.322952
5 0.402527 0.322952 0.401625 0.324983 0.405235 0.326337 0.408845 0.324306 0.405235 0.322275 0.402527 0.322952
5 0.490072 0.572783 0.488267 0.573460 0.486462 0.574137 0.481047 0.578199 0.479242 0.578876 0.476534 0.579553 0.462996 0.582261 0.461191 0.582938 0.459386 0.584292 0.459386 0.584970 0.458484 0.585647 0.455776 0.586324 0.451264 0.589709 0.450361 0.591063 0.449458 0.592417 0.449458 0.596479 0.451264 0.600542 0.451264 0.603927 0.449458 0.607312 0.447653 0.608666 0.444043 0.610697 0.441336 0.614760 0.437726 0.617468 0.436823 0.618822 0.435921 0.621530 0.435018 0.622884 0.434116 0.623561 0.433213 0.623561 0.430505 0.624915 0.428700 0.626269 0.426895 0.629655 0.423285 0.632363 0.421480 0.634394 0.420578 0.637102 0.420578 0.643196 0.421480 0.645227 0.422383 0.647258 0.425993 0.651997 0.428700 0.657414 0.429603 0.660122 0.429603 0.662830 0.430505 0.665538 0.433213 0.669601 0.434116 0.671632 0.435018 0.674340 0.435921 0.677725 0.436823 0.681110 0.436823 0.686527 0.437726 0.689235 0.438628 0.691266 0.439531 0.692620 0.440433 0.693974 0.441336 0.694651 0.443141 0.695328 0.451264 0.697360 0.455776 0.698037 0.465704 0.698714 0.470217 0.698714 0.473827 0.698037 0.480144 0.696005 0.485560 0.693974 0.490072 0.691266 0.491877 0.689912 0.492780 0.687881 0.496390 0.685173 0.497292 0.683142 0.500903 0.683142 0.504513 0.683819 0.507220 0.685850 0.507220 0.687204 0.505415 0.688558 0.500903 0.689235 0.501805 0.690589 0.503610 0.689912 0.507220 0.687881 0.509928 0.687881 0.511733 0.689912 0.509025 0.691266 0.509025 0.693297 0.511733 0.692620 0.511733 0.691943 0.513538 0.689912 0.516245 0.687881 0.519856 0.687204 0.529783 0.687204 0.533394 0.686527 0.536101 0.685850 0.537906 0.685173 0.538809 0.684496 0.541516 0.681787 0.550542 0.679079 0.552347 0.678402 0.555054 0.676371 0.555957 0.674340 0.560469 0.670955 0.561372 0.668923 0.561372 0.656737 0.560469 0.653351 0.559567 0.649289 0.557762 0.647935 0.556859 0.646581 0.556859 0.642519 0.553249 0.637779 0.553249 0.634394 0.550542 0.631686 0.550542 0.626269 0.547834 0.623561 0.546931 0.621530 0.546931 0.619499 0.546029 0.618145 0.545126 0.616791 0.544224 0.616114 0.538809 0.612729 0.537906 0.610697 0.537004 0.610020 0.534296 0.609343 0.531588 0.607312 0.529783 0.603927 0.525271 0.601219 0.523466 0.599865 0.521661 0.596479 0.519856 0.594448 0.514440 0.590386 0.513538 0.588355 0.509025 0.584970 0.507220 0.582938 0.506318 0.581584 0.506318 0.580230 0.504513 0.578876 0.498195 0.574814 0.496390 0.574137 0.492780 0.574137 0.490072 0.572783
0 0.619134 0.304672 0.614621 0.306026 0.607401 0.306026 0.602888 0.306703 0.596570 0.308057 0.593863 0.308734 0.590253 0.310088 0.587545 0.310765 0.584838 0.312796 0.578520 0.314827 0.574910 0.317536 0.571300 0.320921 0.569495 0.323629 0.564982 0.329722 0.564079 0.331077 0.562274 0.334462 0.561372 0.336493 0.559567 0.341232 0.557762 0.348680 0.555054 0.353419 0.554152 0.360867 0.552347 0.363575 0.551444 0.370345 0.551444 0.383209 0.552347 0.388626 0.554152 0.393365 0.555054 0.396750 0.556859 0.399458 0.560469 0.404875 0.564079 0.409614 0.565884 0.411645 0.569495 0.414353 0.570397 0.416385 0.574007 0.419770 0.574910 0.420447 0.575812 0.420447 0.577617 0.421801 0.579422 0.422478 0.586643 0.423832 0.588448 0.424509 0.594765 0.424509 0.596570 0.424509 0.597473 0.423832 0.599278 0.423832 0.601986 0.425186 0.607401 0.424509 0.611913 0.425186 0.621841 0.424509 0.629061 0.423155 0.630866 0.423155 0.642599 0.423832 0.650722 0.423155 0.653430 0.422478 0.656137 0.421124 0.658845 0.419093 0.660650 0.416385 0.665162 0.409614 0.667870 0.404875 0.668773 0.402844 0.668773 0.400812 0.671480 0.396750 0.671480 0.394042 0.672383 0.392011 0.675090 0.389303 0.675993 0.387949 0.675993 0.383886 0.677798 0.381178 0.676895 0.377116 0.676895 0.375762 0.677798 0.375085 0.677798 0.373053 0.676895 0.360867 0.675993 0.356804 0.675090 0.354096 0.672383 0.348680 0.672383 0.345972 0.671480 0.343263 0.670578 0.341232 0.669675 0.339878 0.667870 0.338524 0.667870 0.337170 0.666968 0.335816 0.662455 0.331077 0.656137 0.326337 0.654332 0.323629 0.650722 0.320244 0.648917 0.319567 0.648917 0.318890 0.647112 0.316858 0.646209 0.316181 0.640794 0.312796 0.638087 0.312119 0.633574 0.309411 0.630866 0.306703 0.629061 0.306026 0.627256 0.305349 0.622744 0.304672 0.619134 0.304672
4 0.435018 0.590386 0.437726 0.592417 0.439531 0.593094 0.443141 0.593094 0.445848 0.595125 0.447653 0.597156 0.448556 0.598510 0.449458 0.605958 0.448556 0.607989 0.446751 0.609343 0.444946 0.610020 0.443141 0.610020 0.440433 0.612051 0.438628 0.615437 0.437726 0.617468 0.437726 0.620176 0.436823 0.622884 0.434116 0.624915 0.429603 0.625592 0.427798 0.626269 0.426895 0.626947 0.425993 0.628301 0.425993 0.630332 0.424188 0.632363 0.422383 0.633717 0.419675 0.633717 0.417870 0.635071 0.417870 0.642519 0.420578 0.644550 0.421480 0.645904 0.423285 0.649966 0.424188 0.651997 0.426895 0.654028 0.427798 0.657414 0.427798 0.661476 0.428700 0.666215 0.429603 0.668246 0.432310 0.671632 0.432310 0.674340 0.434116 0.677048 0.434116 0.679756 0.436823 0.687881 0.439531 0.692620 0.439531 0.695328 0.440433 0.697360 0.443141 0.699391 0.446751 0.698037 0.449458 0.698037 0.454874 0.700068 0.457581 0.700745 0.465704 0.700745 0.470217 0.704130 0.471119 0.705484 0.472022 0.707515 0.472022 0.710223 0.471119 0.712932 0.470217 0.714963 0.469314 0.716994 0.467509 0.719025 0.466606 0.723087 0.465704 0.724441 0.462996 0.726473 0.462094 0.727827 0.461191 0.729181 0.461191 0.731212 0.460289 0.733243 0.458484 0.734597 0.457581 0.737305 0.456679 0.738659 0.455776 0.739336 0.448556 0.744076 0.442238 0.748138 0.437726 0.748138 0.435018 0.749492 0.427798 0.750169 0.398014 0.750169 0.391697 0.749492 0.388989 0.748815 0.386282 0.748138 0.384477 0.747461 0.383574 0.742722 0.379964 0.740691 0.377256 0.740691 0.379964 0.736628 0.379061 0.735274 0.379061 0.734597 0.378159 0.733920 0.377256 0.733920 0.376354 0.731212 0.379061 0.728504 0.378159 0.727150 0.376354 0.726473 0.376354 0.721056 0.377256 0.719702 0.379061 0.719702 0.379964 0.719025 0.381769 0.719025 0.382671 0.719702 0.385379 0.719702 0.387184 0.718348 0.391697 0.718348 0.392599 0.719025 0.396209 0.719025 0.398014 0.718348 0.400722 0.716317 0.401625 0.714963 0.402527 0.713609 0.402527 0.712255 0.404332 0.711578 0.406137 0.711578 0.405235 0.714963 0.407040 0.716317 0.408845 0.716994 0.412455 0.716317 0.413357 0.714963 0.413357 0.712932 0.410650 0.710900 0.406137 0.711578 0.404332 0.711578 0.423285 0.715640 0.424188 0.717671 0.425993 0.718348 0.427798 0.718348 0.429603 0.716994 0.429603 0.715640 0.428700 0.713609 0.423285 0.715640 0.404332 0.711578 0.406137 0.706838 0.406137 0.704807 0.404332 0.703453 0.398917 0.703453 0.395307 0.702776 0.392599 0.702099 0.390794 0.700745 0.390794 0.688558 0.389892 0.687204 0.388087 0.685850 0.383574 0.685850 0.381769 0.686527 0.379964 0.687204 0.377256 0.689235 0.375451 0.689912 0.375451 0.685850 0.374549 0.684496 0.371841 0.684496 0.370939 0.685850 0.370939 0.690589 0.372744 0.691943 0.374549 0.691266 0.375451 0.689912 0.377256 0.689235 0.377256 0.690589 0.378159 0.693297 0.377256 0.693974 0.376354 0.695328 0.374549 0.693297 0.371841 0.693297 0.369134 0.693974 0.365523 0.696682 0.367329 0.699391 0.367329 0.701422 0.364621 0.703453 0.364621 0.705484 0.367329 0.707515 0.367329 0.712932 0.366426 0.719025 0.365523 0.723764 0.363718 0.725796 0.362816 0.728504 0.362816 0.731889 0.361913 0.733243 0.359206 0.735274 0.358303 0.738659 0.353791 0.742722 0.351083 0.747461 0.348375 0.749492 0.347473 0.749492 0.343863 0.752200 0.337545 0.757617 0.332130 0.761002 0.329422 0.762356 0.326715 0.763710 0.324910 0.764387 0.322202 0.764387 0.317690 0.766418 0.314079 0.766418 0.310469 0.767773 0.306859 0.768450 0.302347 0.768450 0.297834 0.770481 0.295126 0.771158 0.284296 0.771158 0.280686 0.770481 0.277978 0.769804 0.275271 0.769127 0.273466 0.768450 0.271661 0.767773 0.268953 0.766418 0.265343 0.764387 0.263538 0.761679 0.262635 0.759648 0.261733 0.756263 0.260830 0.748138 0.261733 0.745430 0.262635 0.742045 0.263538 0.740014 0.264440 0.738659 0.266245 0.737305 0.267148 0.735951 0.267148 0.734597 0.266245 0.733243 0.264440 0.731889 0.259025 0.731889 0.255415 0.733243 0.253610 0.733243 0.250903 0.732566 0.244585 0.727827 0.243682 0.726473 0.242780 0.725118 0.242780 0.720379 0.243682 0.718348 0.245487 0.714963 0.247292 0.711578 0.248195 0.710223 0.250000 0.708869 0.250000 0.707515 0.252708 0.704807 0.257220 0.701422 0.258123 0.699391 0.260830 0.697360 0.261733 0.695328 0.264440 0.693297 0.264440 0.692620 0.266245 0.691266 0.267148 0.691266 0.268953 0.689912 0.269856 0.688558 0.268051 0.687204 0.283394 0.676371 0.284296 0.675017 0.281588 0.674340 0.283394 0.676371 0.268051 0.687204 0.266245 0.687204 0.261733 0.688558 0.259928 0.689235 0.258123 0.690589 0.257220 0.692620 0.256318 0.693297 0.254513 0.693974 0.251805 0.693974 0.249097 0.696682 0.248195 0.697360 0.246390 0.698037 0.244585 0.698037 0.239170 0.702099 0.236462 0.702099 0.234657 0.701422 0.230144 0.698037 0.227437 0.694651 0.227437 0.689912 0.228339 0.687204 0.229242 0.685173 0.233755 0.679079 0.235560 0.676371 0.238267 0.674340 0.240975 0.669601 0.245487 0.666215 0.249097 0.662830 0.250000 0.660122 0.250903 0.658768 0.252708 0.656737 0.257220 0.652674 0.262635 0.648612 0.267148 0.645904 0.270758 0.644550 0.273466 0.641842 0.274368 0.641165 0.276173 0.640487 0.278881 0.639810 0.280686 0.638456 0.280686 0.637779 0.282491 0.636425 0.287906 0.634394 0.290614 0.633717 0.294224 0.633717 0.296931 0.632363 0.304152 0.632363 0.306859 0.631009 0.309567 0.630332 0.314982 0.626947 0.316787 0.626269 0.319495 0.626269 0.322202 0.626947 0.325812 0.628978 0.329422 0.630332 0.334838 0.629655 0.334838 0.628978 0.336643 0.627624 0.336643 0.626269 0.339350 0.624238 0.340253 0.624238 0.342058 0.622884 0.344765 0.618822 0.349278 0.618145 0.351083 0.616791 0.352888 0.614083 0.355596 0.613406 0.359206 0.610020 0.361011 0.608666 0.362816 0.608666 0.364621 0.607989 0.369134 0.605281 0.370939 0.605281 0.372744 0.604604 0.374549 0.602573 0.376354 0.601896 0.380866 0.601896 0.384477 0.599188 0.386282 0.598510 0.388087 0.598510 0.391697 0.596479 0.397112 0.596479 0.399819 0.595125 0.403430 0.595802 0.406137 0.594448 0.411552 0.594448 0.415162 0.593094 0.418773 0.593094 0.425090 0.590386 0.435018 0.590386
6 0.007220 0.404875 0.006318 0.405552 0.000000 0.405552 0.000000 0.569397 0.001805 0.570074 0.004513 0.570752 0.008123 0.573460 0.009025 0.574814 0.009928 0.576168 0.010830 0.580230 0.011733 0.582938 0.012635 0.584292 0.014440 0.585647 0.018051 0.587001 0.020758 0.586324 0.024368 0.584970 0.030686 0.582261 0.033394 0.581584 0.036101 0.580907 0.040614 0.580907 0.046029 0.579553 0.052347 0.578199 0.055054 0.577522 0.067690 0.574137 0.072202 0.572783 0.074007 0.572106 0.075812 0.571429 0.078520 0.570074 0.081227 0.568720 0.083935 0.566689 0.085740 0.563981 0.093863 0.557211 0.094765 0.555179 0.099278 0.551794 0.100181 0.549763 0.105596 0.545024 0.107401 0.542993 0.109206 0.539607 0.111913 0.537576 0.113718 0.534191 0.116426 0.532160 0.118231 0.530129 0.119134 0.528775 0.120036 0.527420 0.120036 0.526066 0.120939 0.524712 0.121841 0.523358 0.124549 0.521327 0.125451 0.519973 0.126354 0.517942 0.127256 0.515911 0.128159 0.510494 0.129061 0.499661 0.129061 0.485443 0.127256 0.482735 0.127256 0.479350 0.124549 0.470548 0.123646 0.468517 0.120939 0.463101 0.120036 0.461070 0.115523 0.454976 0.107401 0.444821 0.103791 0.442112 0.101986 0.438727 0.098375 0.436696 0.097473 0.436019 0.090253 0.429926 0.087545 0.429248 0.083032 0.426540 0.077617 0.422478 0.074910 0.421124 0.072202 0.419770 0.055054 0.413676 0.050542 0.412999 0.047834 0.412322 0.046029 0.410968 0.044224 0.410291 0.041516 0.409614 0.038809 0.408937 0.035199 0.408937 0.032491 0.408260 0.026173 0.405552 0.023466 0.404875 0.007220 0.404875
6 0.738267 0.488829 0.735560 0.489506 0.733755 0.490183 0.731949 0.492214 0.730144 0.492891 0.728339 0.492891 0.726534 0.493568 0.722924 0.495599 0.721119 0.495599 0.719314 0.496276 0.712996 0.499661 0.709386 0.502370 0.707581 0.504401 0.707581 0.505755 0.703971 0.509140 0.698556 0.516588 0.695848 0.520650 0.693141 0.526066 0.692238 0.528775 0.691336 0.534868 0.688628 0.540961 0.687726 0.548409 0.687726 0.557211 0.686823 0.561273 0.685018 0.564658 0.684116 0.568720 0.685018 0.572106 0.687726 0.576845 0.688628 0.578199 0.690433 0.579553 0.691336 0.580907 0.692238 0.582261 0.692238 0.584292 0.694946 0.587678 0.695848 0.591740 0.697653 0.593094 0.703069 0.595125 0.705776 0.595802 0.710289 0.595802 0.711191 0.595125 0.716606 0.595125 0.719314 0.597156 0.720217 0.599865 0.722924 0.603250 0.724729 0.604604 0.726534 0.605958 0.728339 0.607312 0.730144 0.607989 0.732852 0.608666 0.735560 0.609343 0.745487 0.610697 0.749097 0.611374 0.752708 0.613406 0.755415 0.613406 0.758123 0.614760 0.760830 0.615437 0.765343 0.616114 0.775271 0.616791 0.779783 0.616114 0.781588 0.615437 0.783394 0.614083 0.788809 0.609343 0.792419 0.607312 0.797834 0.604604 0.801444 0.602573 0.803249 0.601896 0.805957 0.601219 0.808664 0.601219 0.811372 0.600542 0.813177 0.599865 0.816787 0.597833 0.818592 0.597156 0.821300 0.596479 0.824007 0.595802 0.826715 0.595802 0.829422 0.595125 0.832130 0.594448 0.837545 0.592417 0.841155 0.590386 0.842960 0.588355 0.843863 0.587001 0.843863 0.585647 0.845668 0.584292 0.846570 0.582938 0.850181 0.576845 0.851083 0.574814 0.851083 0.572106 0.851986 0.570074 0.853791 0.568043 0.854693 0.565335 0.855596 0.561950 0.855596 0.557211 0.857401 0.553825 0.858303 0.549086 0.858303 0.532837 0.857401 0.528097 0.856498 0.524035 0.855596 0.521327 0.854693 0.518619 0.853791 0.516588 0.851986 0.515234 0.851083 0.515234 0.849278 0.513202 0.848375 0.512525 0.844765 0.511171 0.841155 0.507786 0.838448 0.507109 0.835740 0.505078 0.828520 0.502370 0.817690 0.499661 0.814079 0.499661 0.811372 0.498307 0.808664 0.497630 0.802347 0.497630 0.797834 0.496953 0.793321 0.495599 0.787906 0.495599 0.783394 0.494922 0.779783 0.493568 0.769856 0.493568 0.763538 0.492891 0.759025 0.492214 0.752708 0.490860 0.748195 0.488829 0.738267 0.488829
3 0.281588 0.425863 0.279783 0.426540 0.277978 0.427894 0.277978 0.436019 0.278881 0.437373 0.280686 0.438727 0.281588 0.442112 0.283394 0.444144 0.286101 0.446175 0.287004 0.447529 0.287906 0.448883 0.287906 0.450237 0.288809 0.451591 0.289711 0.452945 0.293321 0.455653 0.297834 0.461070 0.300542 0.465809 0.307762 0.474611 0.311372 0.477319 0.312274 0.478673 0.313177 0.482058 0.314079 0.483412 0.316787 0.486121 0.317690 0.489506 0.323105 0.497630 0.326715 0.501016 0.328520 0.504401 0.330325 0.506432 0.333032 0.508463 0.334838 0.510494 0.334838 0.511848 0.337545 0.515234 0.340253 0.518619 0.346570 0.525389 0.348375 0.528775 0.352888 0.532837 0.354693 0.536222 0.358303 0.538930 0.360108 0.541638 0.364621 0.545701 0.365523 0.546378 0.368231 0.548409 0.369134 0.549086 0.372744 0.551117 0.376354 0.553148 0.379061 0.554502 0.381769 0.555179 0.384477 0.557211 0.388087 0.558565 0.397112 0.561950 0.400722 0.561950 0.404332 0.563304 0.407942 0.563981 0.411552 0.563981 0.415162 0.565335 0.424188 0.566012 0.431408 0.565335 0.434116 0.564658 0.435921 0.563981 0.437726 0.563304 0.440433 0.561950 0.443141 0.560596 0.444043 0.558565 0.445848 0.556534 0.446751 0.552471 0.445848 0.547055 0.444946 0.544347 0.443141 0.540961 0.440433 0.538253 0.438628 0.536222 0.435921 0.533514 0.435018 0.532837 0.431408 0.530806 0.425993 0.528775 0.417870 0.526743 0.407040 0.526743 0.398014 0.526066 0.391697 0.525389 0.388087 0.524035 0.382671 0.522004 0.371841 0.513879 0.370036 0.510494 0.368231 0.508463 0.365523 0.505755 0.362816 0.503047 0.358303 0.499661 0.357401 0.497630 0.350181 0.491537 0.342960 0.486121 0.334838 0.479350 0.333935 0.477319 0.328520 0.472580 0.325812 0.467840 0.320397 0.463101 0.317690 0.458362 0.315884 0.456330 0.313177 0.454299 0.311372 0.452268 0.309567 0.448883 0.307762 0.446852 0.305054 0.444821 0.303249 0.441435 0.301444 0.439404 0.296029 0.435342 0.296029 0.433988 0.295126 0.432634 0.287004 0.426540 0.285199 0.425863 0.281588 0.425863
3 0.657942 0.592417 0.652527 0.593094 0.650722 0.593771 0.648917 0.595125 0.648014 0.596479 0.647112 0.598510 0.646209 0.600542 0.646209 0.607989 0.647112 0.611374 0.648014 0.614760 0.649819 0.617468 0.650722 0.618822 0.651625 0.619499 0.653430 0.620176 0.657040 0.621530 0.660650 0.621530 0.664260 0.623561 0.671480 0.623561 0.677798 0.624238 0.681408 0.625592 0.690433 0.625592 0.696751 0.626947 0.700361 0.627624 0.703069 0.629655 0.703069 0.631009 0.702166 0.633040 0.699458 0.637779 0.698556 0.641842 0.697653 0.648612 0.698556 0.653351 0.698556 0.654705 0.697653 0.658768 0.698556 0.663507 0.699458 0.666215 0.702166 0.668923 0.705776 0.672309 0.709386 0.675017 0.712094 0.676371 0.713899 0.677048 0.716606 0.677725 0.723827 0.677725 0.726534 0.677048 0.731949 0.675017 0.736462 0.671632 0.739170 0.670955 0.744585 0.666892 0.746390 0.664861 0.748195 0.662830 0.749097 0.661476 0.750000 0.658091 0.752708 0.654705 0.753610 0.650643 0.753610 0.649289 0.752708 0.641842 0.750000 0.638456 0.750000 0.633040 0.752708 0.631009 0.755415 0.630332 0.759025 0.631686 0.767148 0.631686 0.772563 0.632363 0.781588 0.633717 0.786101 0.634394 0.789711 0.635748 0.795126 0.636425 0.799639 0.636425 0.804152 0.637102 0.809567 0.637779 0.818592 0.640487 0.825812 0.641165 0.833935 0.641842 0.843863 0.642519 0.850181 0.642519 0.851986 0.641842 0.854693 0.639810 0.855596 0.638456 0.855596 0.635071 0.854693 0.633717 0.852888 0.632363 0.850181 0.631009 0.847473 0.629655 0.844765 0.628978 0.841155 0.628978 0.833935 0.626947 0.826715 0.625592 0.817690 0.624915 0.811372 0.623561 0.808664 0.622207 0.805957 0.621530 0.801444 0.620853 0.795126 0.620853 0.790614 0.619499 0.783394 0.618822 0.776173 0.618145 0.762635 0.618145 0.753610 0.617468 0.751805 0.616791 0.748195 0.614760 0.746390 0.614083 0.742780 0.614083 0.739170 0.612729 0.734657 0.612729 0.732852 0.611374 0.728339 0.610697 0.724729 0.610020 0.719314 0.610020 0.714801 0.608666 0.712996 0.607989 0.711191 0.607312 0.703971 0.602573 0.703069 0.601896 0.698556 0.597833 0.695848 0.597156 0.693141 0.595802 0.689531 0.595802 0.685921 0.594448 0.680505 0.593771 0.671480 0.593771 0.665162 0.592417 0.657942 0.592417
