4 0.516245 0.499661 0.509025 0.500339 0.505415 0.501016 0.501805 0.501693 0.498195 0.503047 0.492780 0.505078 0.490072 0.507109 0.487365 0.507786 0.485560 0.508463 0.483755 0.512525 0.479242 0.515234 0.477437 0.516588 0.476534 0.518619 0.475632 0.522681 0.474729 0.524712 0.472924 0.527420 0.470217 0.530129 0.469314 0.531483 0.468412 0.532837 0.467509 0.534868 0.467509 0.540284 0.468412 0.543670 0.469314 0.545701 0.472924 0.549086 0.472924 0.549763 0.473827 0.550440 0.475632 0.551117 0.481949 0.551794 0.483755 0.552471 0.486462 0.553825 0.490072 0.556534 0.490975 0.557888 0.491877 0.560596 0.493682 0.566012 0.492780 0.571429 0.493682 0.574814 0.494585 0.576168 0.495487 0.576845 0.496390 0.576845 0.498195 0.578199 0.499097 0.579553 0.499097 0.580907 0.500000 0.582261 0.500903 0.582938 0.502708 0.583615 0.505415 0.584292 0.511733 0.587001 0.514440 0.589032 0.515343 0.591063 0.521661 0.595802 0.522563 0.597156 0.523466 0.598510 0.527076 0.607312 0.529783 0.610697 0.530686 0.617468 0.531588 0.619499 0.533394 0.620853 0.537906 0.620853 0.540614 0.620176 0.544224 0.618822 0.549639 0.616114 0.551444 0.615437 0.554152 0.615437 0.556859 0.614760 0.559567 0.613406 0.564982 0.610020 0.567690 0.609343 0.572202 0.608666 0.574007 0.607989 0.577617 0.605958 0.580325 0.603250 0.586643 0.599865 0.588448 0.598510 0.593863 0.593771 0.595668 0.591740 0.601083 0.583615 0.602888 0.578876 0.604693 0.572783 0.607401 0.568720 0.608303 0.566012 0.609206 0.562627 0.610108 0.558565 0.610108 0.537576 0.609206 0.534191 0.608303 0.532160 0.607401 0.530806 0.605596 0.528775 0.601083 0.524712 0.599278 0.523358 0.598375 0.523358 0.596570 0.522004 0.593863 0.518619 0.591155 0.513879 0.586643 0.508463 0.582130 0.504401 0.579422 0.502370 0.576715 0.501016 0.574910 0.500339 0.562274 0.500339 0.561372 0.501016 0.547834 0.501016 0.545126 0.502370 0.537004 0.502370 0.534296 0.503047 0.532491 0.503724 0.530686 0.502370 0.530686 0.501693 0.527978 0.499661 0.516245 0.499661
4 0.750903 0.412322 0.750903 0.413676 0.749097 0.415030 0.743682 0.416385 0.743682 0.417062 0.741877 0.419093 0.739170 0.421124 0.736462 0.421124 0.734657 0.422478 0.733755 0.423832 0.732852 0.430603 0.732852 0.443466 0.737365 0.446852 0.738267 0.448883 0.738267 0.451591 0.740072 0.454299 0.740975 0.457007 0.742780 0.465809 0.743682 0.467840 0.746390 0.471225 0.746390 0.473257 0.747292 0.474611 0.752708 0.478673 0.754513 0.482058 0.761733 0.489506 0.763538 0.490860 0.773466 0.497630 0.777076 0.499661 0.784296 0.503047 0.792419 0.506432 0.796029 0.507109 0.797834 0.507786 0.801444 0.509817 0.808664 0.511848 0.810469 0.512525 0.812274 0.513879 0.814079 0.514557 0.815884 0.515234 0.819495 0.515911 0.823105 0.516588 0.828520 0.517265 0.841155 0.517265 0.844765 0.515911 0.848375 0.515911 0.851083 0.515234 0.858303 0.511848 0.866426 0.505755 0.870939 0.500339 0.872744 0.497630 0.874549 0.493568 0.878159 0.490183 0.881769 0.484766 0.882671 0.482735 0.883574 0.477996 0.883574 0.473934 0.882671 0.470548 0.881769 0.468517 0.878159 0.462424 0.877256 0.461070 0.873646 0.456330 0.870939 0.454299 0.870036 0.452268 0.868231 0.450237 0.865523 0.448206 0.864621 0.446175 0.858303 0.442112 0.856498 0.441435 0.853791 0.440758 0.851986 0.440758 0.850181 0.442112 0.847473 0.442789 0.842058 0.442112 0.838448 0.442112 0.836643 0.442789 0.835740 0.446852 0.833935 0.448206 0.822202 0.448206 0.819495 0.446852 0.817690 0.445498 0.817690 0.444821 0.815884 0.443466 0.812274 0.440758 0.809567 0.438727 0.813177 0.435342 0.812274 0.433988 0.809567 0.430603 0.809567 0.428571 0.808664 0.427217 0.805957 0.424509 0.799639 0.419093 0.798736 0.418416 0.795126 0.416385 0.793321 0.415708 0.791516 0.415030 0.786101 0.415030 0.782491 0.413676 0.777978 0.413676 0.774368 0.412322 0.769856 0.412999 0.768953 0.412322 0.762635 0.412999 0.759928 0.411645 0.758123 0.411645 0.752708 0.411645 0.750903 0.412322
4 0.665162 0.138118 0.661552 0.139472 0.657942 0.139472 0.653430 0.141503 0.650722 0.141503 0.640794 0.144888 0.635379 0.146919 0.631769 0.149628 0.627256 0.150982 0.621841 0.155044 0.619134 0.155044 0.616426 0.157075 0.611913 0.158429 0.608303 0.161814 0.606498 0.163169 0.601986 0.164523 0.594765 0.169939 0.593863 0.171293 0.592960 0.173324 0.592058 0.178064 0.592058 0.192959 0.592960 0.196344 0.593863 0.197698 0.597473 0.200406 0.597473 0.201083 0.600181 0.203114 0.607401 0.205146 0.610108 0.207177 0.611913 0.207854 0.614621 0.207854 0.617329 0.209208 0.620036 0.209885 0.623646 0.210562 0.627256 0.210562 0.628159 0.211239 0.630866 0.211239 0.645307 0.210562 0.649819 0.209885 0.658845 0.207177 0.668773 0.206500 0.670578 0.207854 0.670578 0.209208 0.668773 0.210562 0.666968 0.211239 0.663357 0.216655 0.661552 0.218009 0.659747 0.218687 0.657942 0.219364 0.655235 0.219364 0.649819 0.218687 0.645307 0.219364 0.643502 0.220718 0.638989 0.220041 0.637184 0.220041 0.634477 0.221395 0.627256 0.222072 0.625451 0.222072 0.620036 0.222072 0.617329 0.222072 0.614621 0.220718 0.611011 0.222072 0.608303 0.220041 0.601083 0.219364 0.593863 0.219364 0.589350 0.218687 0.587545 0.217332 0.583032 0.218009 0.580325 0.216655 0.578520 0.216655 0.577617 0.217332 0.574910 0.217332 0.573105 0.215978 0.570397 0.216655 0.568592 0.218687 0.566787 0.218687 0.564079 0.216655 0.564079 0.224103 0.566787 0.224103 0.569495 0.226134 0.572202 0.228842 0.574007 0.230873 0.574910 0.232905 0.575812 0.234259 0.583032 0.234936 0.587545 0.236290 0.592058 0.236290 0.594765 0.238321 0.600181 0.238321 0.603791 0.239675 0.615523 0.240352 0.632671 0.241029 0.653430 0.241706 0.661552 0.240352 0.667870 0.241706 0.670578 0.241706 0.685921 0.241029 0.692238 0.239675 0.695848 0.240352 0.697653 0.240352 0.702166 0.239675 0.705776 0.237644 0.710289 0.236967 0.712094 0.236290 0.718412 0.232905 0.721119 0.230873 0.728339 0.225457 0.729242 0.224780 0.729242 0.224103 0.731047 0.222749 0.731949 0.220718 0.736462 0.216655 0.737365 0.215301 0.740975 0.207177 0.740975 0.203791 0.742780 0.201083 0.743682 0.192959 0.743682 0.184157 0.742780 0.176032 0.741877 0.172647 0.740975 0.170616 0.739170 0.167231 0.732852 0.157752 0.729242 0.154367 0.727437 0.153013 0.726534 0.153013 0.724729 0.151659 0.724729 0.150982 0.722924 0.149628 0.719314 0.147596 0.715704 0.145565 0.707581 0.142857 0.701264 0.141503 0.697653 0.141503 0.691336 0.140149 0.685921 0.138118 0.665162 0.138118
4 0.535199 0.124577 0.541516 0.125254 0.544224 0.126608 0.549639 0.127285 0.552347 0.127962 0.556859 0.129316 0.564079 0.132024 0.568592 0.134056 0.571300 0.135410 0.574007 0.136764 0.576715 0.138795 0.578520 0.140826 0.580325 0.142857 0.583032 0.146242 0.583935 0.148274 0.585740 0.153690 0.588448 0.157075 0.589350 0.159783 0.589350 0.171970 0.588448 0.176710 0.587545 0.179418 0.585740 0.182126 0.585740 0.184834 0.584838 0.186188 0.583935 0.186865 0.583032 0.186865 0.581227 0.188219 0.580325 0.188219 0.579422 0.188896 0.578520 0.190251 0.578520 0.191605 0.577617 0.192959 0.576715 0.194313 0.574910 0.195667 0.567690 0.199729 0.562274 0.203791 0.561372 0.205146 0.560469 0.206500 0.556859 0.212593 0.555957 0.215978 0.554152 0.217332 0.553249 0.217332 0.550542 0.219364 0.547834 0.220718 0.546029 0.220718 0.536101 0.209208 0.537004 0.207177 0.536101 0.205146 0.533394 0.203114 0.531588 0.203114 0.529783 0.203791 0.527978 0.205146 0.527076 0.206500 0.527076 0.210562 0.528881 0.211916 0.532491 0.208531 0.536101 0.209208 0.546029 0.220718 0.544224 0.222072 0.543321 0.224103 0.537906 0.225457 0.536101 0.227488 0.534296 0.228165 0.523466 0.228165 0.518953 0.226811 0.509025 0.226134 0.505415 0.224780 0.501805 0.224780 0.499097 0.222749 0.497292 0.222072 0.495487 0.221395 0.490975 0.220718 0.489170 0.220041 0.482852 0.217332 0.475632 0.211916 0.472924 0.209208 0.472022 0.207854 0.470217 0.204469 0.469314 0.201760 0.468412 0.198375 0.467509 0.192282 0.467509 0.183480 0.468412 0.176710 0.469314 0.172647 0.470217 0.170616 0.472924 0.165200 0.475632 0.161814 0.476534 0.158429 0.477437 0.157075 0.481949 0.153690 0.482852 0.150305 0.486462 0.144888 0.490975 0.141503 0.490975 0.140826 0.495487 0.138118 0.498195 0.136087 0.499097 0.134056 0.502708 0.131347 0.508123 0.128639 0.513538 0.127962 0.516245 0.126608 0.518953 0.125931 0.529783 0.125931 0.531588 0.124577 0.535199 0.124577
6 0.680505 0.688558 0.679603 0.689235 0.677798 0.689912 0.683213 0.691266 0.685018 0.691266 0.686823 0.689235 0.685018 0.688558 0.680505 0.688558
6 0.592058 0.320921 0.588448 0.320921 0.584838 0.322275 0.579422 0.322275 0.575812 0.323629 0.569495 0.324306 0.561372 0.324983 0.553249 0.325660 0.551444 0.325660 0.545126 0.325660 0.543321 0.325660 0.542419 0.324983 0.539711 0.324983 0.533394 0.325660 0.528881 0.327691 0.525271 0.327691 0.521661 0.329045 0.517148 0.330399 0.509928 0.333108 0.507220 0.335139 0.505415 0.335816 0.501805 0.336493 0.500000 0.337847 0.500000 0.338524 0.498195 0.339878 0.492780 0.340555 0.485560 0.340555 0.481949 0.341909 0.477437 0.341232 0.468412 0.341909 0.462996 0.342586 0.461191 0.343263 0.455776 0.346649 0.453069 0.347326 0.450361 0.349357 0.444043 0.351388 0.436823 0.351388 0.433213 0.350711 0.428700 0.350034 0.426895 0.349357 0.422383 0.346649 0.420578 0.345972 0.414260 0.345295 0.405235 0.345295 0.403430 0.345972 0.400722 0.348003 0.397112 0.354096 0.394404 0.356127 0.393502 0.356804 0.391697 0.357481 0.386282 0.356804 0.381769 0.358835 0.379061 0.359513 0.375451 0.359513 0.370036 0.361544 0.368231 0.362898 0.367329 0.362898 0.366426 0.364252 0.364621 0.365606 0.361913 0.365606 0.360108 0.366960 0.359206 0.368314 0.358303 0.369668 0.358303 0.371022 0.357401 0.372376 0.355596 0.373731 0.350181 0.377116 0.350181 0.378470 0.349278 0.379824 0.346570 0.381178 0.345668 0.383209 0.342960 0.387271 0.342058 0.388626 0.339350 0.389303 0.337545 0.389980 0.335740 0.390657 0.333032 0.392688 0.331227 0.392688 0.329422 0.393365 0.327617 0.394719 0.326715 0.396750 0.323105 0.397427 0.321300 0.398781 0.320397 0.401490 0.319495 0.402844 0.316787 0.404875 0.314982 0.404875 0.313177 0.406229 0.312274 0.406229 0.311372 0.406906 0.303249 0.413676 0.301444 0.414353 0.296931 0.414353 0.292419 0.415708 0.290614 0.416385 0.286101 0.419093 0.283394 0.419093 0.281588 0.420447 0.277978 0.423832 0.275271 0.426540 0.274368 0.427894 0.273466 0.432634 0.270758 0.436019 0.269856 0.438050 0.269856 0.440081 0.268953 0.442112 0.265343 0.446852 0.259928 0.457007 0.259928 0.459716 0.262635 0.461747 0.263538 0.463778 0.267148 0.462424 0.269856 0.464455 0.270758 0.465809 0.271661 0.470548 0.274368 0.473934 0.274368 0.476642 0.273466 0.480027 0.272563 0.482058 0.270758 0.483412 0.266245 0.484766 0.262635 0.484766 0.261733 0.485443 0.259928 0.485443 0.259928 0.494922 0.258123 0.498984 0.259025 0.509817 0.259025 0.513879 0.257220 0.517265 0.257220 0.522004 0.256318 0.524712 0.254513 0.526066 0.251805 0.526066 0.250903 0.527420 0.250903 0.534191 0.249097 0.537576 0.244585 0.540284 0.243682 0.541638 0.243682 0.545024 0.244585 0.546378 0.245487 0.547732 0.249097 0.550440 0.250000 0.552471 0.250903 0.553148 0.252708 0.553825 0.254513 0.553825 0.262635 0.559242 0.272563 0.567366 0.275271 0.569397 0.278881 0.570752 0.284296 0.574137 0.287004 0.576168 0.288809 0.578199 0.290614 0.580230 0.290614 0.582938 0.293321 0.587001 0.293321 0.588355 0.290614 0.591740 0.289711 0.593771 0.289711 0.599188 0.288809 0.600542 0.285199 0.603250 0.282491 0.603927 0.277978 0.607989 0.275271 0.608666 0.274368 0.610020 0.274368 0.613406 0.276173 0.618822 0.274368 0.622207 0.276173 0.623561 0.280686 0.626269 0.280686 0.629655 0.281588 0.631009 0.283394 0.631686 0.287004 0.632363 0.297834 0.633040 0.301444 0.634394 0.306859 0.636425 0.309567 0.638456 0.309567 0.639133 0.312274 0.641165 0.314982 0.641842 0.320397 0.645227 0.322202 0.646581 0.324007 0.648612 0.324910 0.649966 0.324910 0.651320 0.320397 0.657414 0.320397 0.665538 0.321300 0.677048 0.325812 0.677048 0.328520 0.678402 0.333032 0.679079 0.338448 0.679079 0.341155 0.680433 0.342960 0.679079 0.342960 0.678402 0.345668 0.677048 0.351083 0.681110 0.351083 0.693297 0.353791 0.695328 0.356498 0.696005 0.358303 0.697360 0.358303 0.699391 0.359206 0.700745 0.360108 0.701422 0.361913 0.702099 0.369134 0.704807 0.370939 0.704807 0.372744 0.705484 0.384477 0.704807 0.388087 0.708192 0.388989 0.706838 0.390794 0.705484 0.392599 0.705484 0.395307 0.707515 0.395307 0.708192 0.397112 0.709546 0.398917 0.709546 0.404332 0.714286 0.406137 0.714963 0.408845 0.715640 0.408845 0.716317 0.410650 0.717671 0.415162 0.716994 0.419675 0.718348 0.428700 0.718348 0.435921 0.717671 0.442238 0.716994 0.444043 0.716317 0.446751 0.714286 0.449458 0.713609 0.453971 0.713609 0.456679 0.712932 0.460289 0.710900 0.462094 0.710223 0.466606 0.710223 0.469314 0.708192 0.469314 0.706838 0.471119 0.705484 0.472924 0.704807 0.478339 0.705484 0.481949 0.704807 0.484657 0.703453 0.489170 0.703453 0.491877 0.702776 0.494585 0.701422 0.497292 0.701422 0.500000 0.700068 0.502708 0.700068 0.505415 0.699391 0.509025 0.697360 0.510830 0.696682 0.517148 0.694651 0.520758 0.694651 0.525271 0.692620 0.528881 0.692620 0.530686 0.691943 0.535199 0.689235 0.537004 0.688558 0.539711 0.687881 0.543321 0.687881 0.547834 0.685850 0.550542 0.685850 0.552347 0.685173 0.555957 0.682464 0.562274 0.680433 0.565884 0.679756 0.569495 0.679756 0.575812 0.678402 0.577617 0.677725 0.580325 0.675694 0.582130 0.675694 0.583935 0.675017 0.587545 0.672309 0.592058 0.672309 0.596570 0.670278 0.602888 0.669601 0.605596 0.668923 0.607401 0.668246 0.611011 0.665538 0.612816 0.664861 0.615523 0.664184 0.618231 0.663507 0.621841 0.663507 0.623646 0.662830 0.626354 0.660799 0.628159 0.660122 0.629964 0.659445 0.636282 0.658768 0.641697 0.656737 0.647112 0.656060 0.654332 0.656060 0.657942 0.654705 0.663357 0.654705 0.672383 0.652674 0.677798 0.652674 0.682310 0.649966 0.685018 0.649966 0.689531 0.646581 0.692238 0.646581 0.694043 0.645904 0.694946 0.642519 0.697653 0.641165 0.701264 0.643873 0.703069 0.647258 0.704874 0.648612 0.708484 0.649966 0.712094 0.652674 0.714801 0.653351 0.718412 0.654028 0.725632 0.654705 0.729242 0.656060 0.732852 0.656060 0.736462 0.656737 0.739170 0.657414 0.746390 0.660799 0.748195 0.660799 0.751805 0.658091 0.755415 0.658091 0.759928 0.658768 0.762635 0.660799 0.769856 0.661476 0.771661 0.661476 0.773466 0.660122 0.776173 0.660122 0.777076 0.660799 0.779783 0.660799 0.782491 0.658768 0.784296 0.658091 0.787004 0.657414 0.790614 0.656737 0.797834 0.656060 0.807762 0.656737 0.811372 0.656737 0.817690 0.656060 0.823105 0.654705 0.826715 0.653351 0.827617 0.651997 0.827617 0.650643 0.828520 0.649289 0.831227 0.647258 0.833935 0.646581 0.833935 0.644550 0.834838 0.642519 0.835740 0.641165 0.840253 0.638456 0.841155 0.637102 0.841155 0.618822 0.843863 0.613406 0.844765 0.612051 0.846570 0.610697 0.850181 0.610020 0.851986 0.609343 0.854693 0.607989 0.861011 0.603250 0.863718 0.603250 0.866426 0.605281 0.868231 0.605958 0.870939 0.606635 0.874549 0.607312 0.878159 0.607312 0.880866 0.606635 0.884477 0.603927 0.888087 0.602573 0.889892 0.601219 0.892599 0.596479 0.894404 0.595125 0.897112 0.594448 0.901625 0.591063 0.903430 0.587678 0.904332 0.584292 0.904332 0.578876 0.905235 0.572783 0.907040 0.570074 0.908845 0.568720 0.916065 0.563981 0.918773 0.563304 0.924188 0.561950 0.935921 0.561273 0.939531 0.559919 0.942238 0.560596 0.943141 0.557888 0.942238 0.548409 0.940433 0.547732 0.935921 0.547055 0.930505 0.547055 0.928700 0.546378 0.926895 0.545701 0.923285 0.542993 0.923285 0.540284 0.925090 0.538253 0.925090 0.535545 0.925993 0.532837 0.928700 0.529452 0.928700 0.526743 0.926895 0.521327 0.926895 0.513202 0.925090 0.510494 0.925993 0.497630 0.925090 0.492214 0.926895 0.490860 0.927798 0.489506 0.927798 0.488152 0.926895 0.487475 0.926895 0.486121 0.927798 0.480027 0.926895 0.477319 0.925993 0.474611 0.925090 0.472580 0.924188 0.470548 0.918773 0.459039 0.914260 0.451591 0.913357 0.449560 0.912455 0.446175 0.912455 0.441435 0.911552 0.438727 0.910650 0.436019 0.907942 0.432634 0.907040 0.430603 0.906137 0.428571 0.907040 0.424509 0.907040 0.422478 0.904332 0.419093 0.903430 0.418416 0.902527 0.418416 0.900722 0.417062 0.895307 0.417062 0.888989 0.412322 0.885379 0.410968 0.878159 0.406229 0.874549 0.403521 0.874549 0.402844 0.870939 0.400135 0.867329 0.398104 0.866426 0.398104 0.864621 0.396750 0.862816 0.394719 0.861011 0.391334 0.859206 0.389303 0.854693 0.385917 0.851986 0.382532 0.849278 0.378470 0.847473 0.376439 0.838448 0.370345 0.836643 0.368314 0.835740 0.367637 0.834838 0.367637 0.832130 0.366283 0.828520 0.362898 0.825812 0.362221 0.817690 0.356804 0.815884 0.356127 0.814079 0.355450 0.809567 0.355450 0.806859 0.353419 0.805054 0.351388 0.804152 0.348680 0.800542 0.345972 0.799639 0.343940 0.798736 0.343263 0.796931 0.342586 0.787906 0.339201 0.785199 0.338524 0.778881 0.337847 0.774368 0.335816 0.765343 0.335139 0.757220 0.333785 0.752708 0.333108 0.750000 0.331754 0.744585 0.331077 0.741877 0.330399 0.740072 0.329722 0.736462 0.327691 0.731047 0.327691 0.729242 0.327014 0.725632 0.324983 0.720217 0.324983 0.717509 0.326337 0.713899 0.327014 0.710289 0.327691 0.695848 0.327691 0.683213 0.325660 0.674188 0.325660 0.670578 0.327014 0.664260 0.327691 0.644404 0.327691 0.638989 0.327014 0.633574 0.324983 0.629061 0.324983 0.625451 0.323629 0.612816 0.322952 0.611011 0.321598 0.607401 0.321598 0.604693 0.320244 0.595668 0.319567 0.592058 0.320921
0 0.711191 0.068382 0.702166 0.069736 0.688628 0.069059 0.674188 0.069736 0.668773 0.071767 0.666065 0.072444 0.660650 0.073121 0.656137 0.073121 0.655235 0.072444 0.651625 0.072444 0.635379 0.073121 0.631769 0.071767 0.627256 0.071090 0.617329 0.071090 0.610108 0.071767 0.606498 0.072444 0.603791 0.074475 0.600181 0.075152 0.596570 0.076506 0.592058 0.079892 0.591155 0.081923 0.589350 0.083277 0.579422 0.089370 0.577617 0.092079 0.575812 0.093433 0.571300 0.094787 0.566787 0.098172 0.562274 0.102234 0.561372 0.103588 0.560469 0.106974 0.555054 0.110359 0.553249 0.112390 0.554152 0.115775 0.555054 0.117129 0.555957 0.118483 0.558664 0.120515 0.564079 0.123900 0.568592 0.125254 0.573105 0.125254 0.576715 0.125931 0.580325 0.125931 0.583032 0.127962 0.585740 0.128639 0.586643 0.129316 0.586643 0.129993 0.589350 0.129993 0.592058 0.130670 0.592960 0.132701 0.594765 0.134056 0.597473 0.135410 0.600181 0.136087 0.603791 0.138795 0.606498 0.138118 0.609206 0.138795 0.611011 0.139472 0.611913 0.140149 0.612816 0.142180 0.616426 0.142857 0.618231 0.141503 0.621841 0.143534 0.625451 0.144211 0.630866 0.144211 0.633574 0.143534 0.638087 0.143534 0.640794 0.141503 0.642599 0.140826 0.645307 0.140826 0.647112 0.139472 0.649819 0.138795 0.652527 0.138795 0.657040 0.136764 0.659747 0.136087 0.666968 0.136087 0.670578 0.135410 0.672383 0.134056 0.682310 0.134733 0.687726 0.134056 0.689531 0.134056 0.692238 0.134733 0.696751 0.136764 0.700361 0.136764 0.703971 0.138795 0.705776 0.139472 0.708484 0.139472 0.715704 0.142180 0.718412 0.143534 0.722022 0.146242 0.724729 0.146919 0.727437 0.148951 0.733755 0.154367 0.740975 0.162492 0.743682 0.167231 0.745487 0.168585 0.748195 0.169262 0.749097 0.169939 0.751805 0.173324 0.753610 0.174001 0.757220 0.174678 0.761733 0.176710 0.765343 0.179418 0.767148 0.180095 0.768953 0.180772 0.775271 0.182803 0.779783 0.183480 0.787004 0.183480 0.789711 0.184834 0.794224 0.184834 0.797834 0.186188 0.802347 0.186188 0.804152 0.186865 0.805957 0.188219 0.808664 0.188219 0.814982 0.190251 0.816787 0.190928 0.818592 0.191605 0.821300 0.193636 0.825812 0.195667 0.832130 0.197021 0.837545 0.201083 0.841155 0.201760 0.845668 0.199729 0.847473 0.199729 0.849278 0.199052 0.852888 0.201760 0.858303 0.201760 0.865523 0.201083 0.870939 0.203114 0.879964 0.203114 0.884477 0.200406 0.889892 0.196344 0.892599 0.193636 0.896209 0.190251 0.897112 0.188896 0.897112 0.187542 0.899819 0.184834 0.901625 0.181449 0.903430 0.178064 0.904332 0.176032 0.905235 0.174001 0.906137 0.170616 0.907040 0.165877 0.906137 0.164523 0.903430 0.161137 0.903430 0.157752 0.900722 0.157752 0.898917 0.157075 0.895307 0.155044 0.894404 0.155044 0.892599 0.154367 0.890794 0.150305 0.885379 0.146242 0.883574 0.143534 0.880866 0.139472 0.879964 0.136087 0.879061 0.134056 0.877256 0.132701 0.876354 0.131347 0.875451 0.126608 0.874549 0.124577 0.872744 0.122546 0.872744 0.120515 0.870036 0.116452 0.866426 0.113067 0.865523 0.110359 0.864621 0.109005 0.860108 0.103588 0.858303 0.101557 0.853791 0.098172 0.849278 0.095464 0.846570 0.094787 0.842960 0.092079 0.841155 0.091401 0.838448 0.090724 0.831227 0.090724 0.824910 0.089370 0.814982 0.089370 0.809567 0.088016 0.784296 0.088016 0.776173 0.085985 0.771661 0.084631 0.767148 0.082600 0.761733 0.079215 0.755415 0.074475 0.750903 0.072444 0.749097 0.071767 0.747292 0.071090 0.739170 0.069059 0.728339 0.068382 0.726534 0.068382 0.722924 0.069059 0.722022 0.068382 0.719314 0.068382 0.713899 0.068382 0.711191 0.068382
5 0.086643 0.173324 0.088448 0.173324 0.101083 0.173324 0.104693 0.173324 0.115523 0.172647 0.126354 0.173324 0.127256 0.174001 0.132671 0.174001 0.135379 0.176032 0.139892 0.176710 0.138989 0.179418 0.138989 0.180095 0.126354 0.180095 0.125451 0.184834 0.129061 0.184157 0.129964 0.184157 0.135379 0.184157 0.138087 0.182803 0.138087 0.184834 0.140794 0.186865 0.142599 0.187542 0.150722 0.186865 0.153430 0.185511 0.156137 0.188219 0.157942 0.188896 0.168773 0.188219 0.172383 0.186865 0.180505 0.186188 0.182310 0.186188 0.188628 0.186865 0.190433 0.185511 0.189531 0.183480 0.188628 0.182803 0.187726 0.182126 0.187726 0.180095 0.188628 0.178741 0.189531 0.182803 0.191336 0.184157 0.194946 0.184157 0.196751 0.182803 0.197653 0.181449 0.200361 0.183480 0.202166 0.182126 0.202166 0.181449 0.204874 0.180095 0.204874 0.182803 0.202166 0.184157 0.202166 0.185511 0.204874 0.187542 0.207581 0.185511 0.209386 0.185511 0.210289 0.190251 0.213899 0.193636 0.215704 0.194990 0.212094 0.197021 0.209386 0.194313 0.206679 0.194990 0.203971 0.196344 0.204874 0.197698 0.205776 0.198375 0.207581 0.199052 0.209386 0.199052 0.212094 0.197021 0.215704 0.194990 0.218412 0.193636 0.217509 0.189573 0.225632 0.189573 0.227437 0.190928 0.229242 0.190928 0.230144 0.190251 0.231949 0.190251 0.232852 0.191605 0.233755 0.195667 0.233755 0.200406 0.234657 0.201760 0.236462 0.203114 0.205776 0.241706 0.203971 0.241706 0.202166 0.243060 0.186823 0.239675 0.184116 0.237644 0.184116 0.236290 0.183213 0.234936 0.179603 0.234259 0.177798 0.235613 0.176895 0.236290 0.174188 0.233582 0.169675 0.232227 0.166968 0.233582 0.165162 0.233582 0.162455 0.230873 0.164260 0.229519 0.165162 0.228165 0.163357 0.226811 0.160650 0.226134 0.157942 0.226134 0.156137 0.227488 0.156137 0.228842 0.157942 0.230196 0.159747 0.230873 0.162455 0.230873 0.165162 0.233582 0.164260 0.236290 0.166065 0.237644 0.171480 0.238321 0.174188 0.238321 0.176895 0.236290 0.177798 0.235613 0.177798 0.236967 0.180505 0.238998 0.183213 0.239675 0.183213 0.240352 0.186823 0.239675 0.202166 0.243060 0.202166 0.245091 0.203971 0.246445 0.205776 0.246445 0.207581 0.245091 0.207581 0.243060 0.205776 0.241706 0.236462 0.203114 0.238267 0.202437 0.240072 0.202437 0.242780 0.200406 0.243682 0.198375 0.243682 0.197021 0.245487 0.197698 0.246390 0.197698 0.248195 0.201760 0.250903 0.203791 0.263538 0.203791 0.266245 0.205146 0.273466 0.205146 0.275271 0.205823 0.277076 0.206500 0.279783 0.208531 0.280686 0.209885 0.280686 0.214624 0.281588 0.215978 0.288809 0.215978 0.291516 0.215978 0.293321 0.216655 0.296931 0.219364 0.298736 0.220041 0.303249 0.220041 0.305957 0.221395 0.309567 0.221395 0.311372 0.224103 0.312274 0.226134 0.312274 0.228842 0.316787 0.232227 0.322202 0.233582 0.328520 0.238998 0.328520 0.241706 0.327617 0.242383 0.327617 0.245091 0.331227 0.247123 0.332130 0.247800 0.333032 0.249154 0.333032 0.251185 0.336643 0.253893 0.339350 0.254570 0.341155 0.256601 0.342960 0.255247 0.342960 0.254570 0.344765 0.253216 0.348375 0.255247 0.347473 0.259986 0.349278 0.262018 0.350181 0.270819 0.347473 0.275559 0.348375 0.278267 0.343863 0.279621 0.342058 0.280975 0.341155 0.283683 0.341155 0.289100 0.339350 0.291131 0.338448 0.294516 0.336643 0.295193 0.335740 0.295193 0.333032 0.296547 0.328520 0.296547 0.327617 0.297901 0.326715 0.303318 0.326715 0.309411 0.325812 0.310765 0.321300 0.310765 0.317690 0.312119 0.314079 0.312119 0.311372 0.314150 0.310469 0.316181 0.308664 0.317536 0.300542 0.318213 0.298736 0.318890 0.296029 0.320921 0.295126 0.322952 0.294224 0.324306 0.290614 0.325660 0.287906 0.326337 0.282491 0.326337 0.280686 0.327014 0.279783 0.327691 0.279783 0.328368 0.277978 0.329722 0.271661 0.332431 0.269856 0.333108 0.268051 0.333108 0.266245 0.334462 0.264440 0.337170 0.263538 0.339878 0.262635 0.341232 0.258123 0.341909 0.255415 0.343263 0.251805 0.343263 0.248195 0.344617 0.246390 0.344617 0.245487 0.343940 0.242780 0.343940 0.239170 0.346649 0.236462 0.345295 0.235560 0.348680 0.234657 0.349357 0.234657 0.350711 0.231949 0.351388 0.228339 0.354096 0.227437 0.356127 0.224729 0.358158 0.217509 0.358835 0.215704 0.358835 0.195848 0.358158 0.192238 0.359513 0.187726 0.358835 0.183213 0.356804 0.180505 0.356127 0.176895 0.355450 0.171480 0.354773 0.166968 0.354096 0.165162 0.354096 0.162455 0.355450 0.148917 0.355450 0.146209 0.356804 0.137184 0.355450 0.133574 0.355450 0.131769 0.356804 0.130866 0.356804 0.125451 0.356804 0.122744 0.358158 0.116426 0.358835 0.092058 0.359513 0.090253 0.359513 0.079422 0.358835 0.077617 0.358158 0.072202 0.354773 0.069495 0.352742 0.064982 0.348680 0.063177 0.348003 0.061372 0.347326 0.057762 0.346649 0.049639 0.346649 0.034296 0.345295 0.027076 0.344617 0.023466 0.343940 0.019856 0.343263 0.017148 0.341909 0.011733 0.341232 0.006318 0.339878 0.003610 0.338524 0.000000 0.337847 0.000000 0.213270 0.002708 0.213270 0.005415 0.211239 0.006318 0.207177 0.010830 0.207854 0.012635 0.209885 0.014440 0.207854 0.016245 0.206500 0.018051 0.206500 0.021661 0.204469 0.025271 0.203114 0.028881 0.202437 0.039711 0.202437 0.045126 0.202437 0.047834 0.203791 0.052347 0.203791 0.054152 0.204469 0.055957 0.205823 0.060469 0.205823 0.063177 0.205146 0.102888 0.220041 0.111913 0.220718 0.114621 0.220041 0.116426 0.221395 0.118231 0.222072 0.121841 0.221395 0.129964 0.221395 0.132671 0.223426 0.137184 0.225457 0.140794 0.224780 0.141697 0.223426 0.141697 0.222072 0.140794 0.219364 0.137184 0.218009 0.134477 0.217332 0.132671 0.217332 0.131769 0.218009 0.129964 0.218009 0.124549 0.217332 0.115523 0.218687 0.114621 0.220041 0.111913 0.220718 0.109206 0.218687 0.102888 0.220041 0.063177 0.205146 0.064079 0.203114 0.070397 0.205146 0.072202 0.206500 0.074007 0.205146 0.071300 0.203791 0.070397 0.205146 0.064079 0.203114 0.063177 0.202437 0.063177 0.200406 0.064079 0.198375 0.065884 0.197021 0.064079 0.194990 0.064079 0.190928 0.064982 0.189573 0.067690 0.187542 0.068592 0.187542 0.071300 0.185511 0.071300 0.176032 0.073105 0.174001 0.074910 0.173324 0.078520 0.172647 0.086643 0.173324
3 0.000000 0.340555 0.000000 0.404875 0.001805 0.404875 0.004513 0.403521 0.006318 0.403521 0.009928 0.404875 0.018051 0.404198 0.019856 0.402844 0.021661 0.402167 0.023466 0.403521 0.025271 0.403521 0.027978 0.401490 0.029783 0.401490 0.032491 0.402844 0.035199 0.402167 0.039711 0.400812 0.045126 0.400812 0.047834 0.398104 0.049639 0.397427 0.051444 0.397427 0.053249 0.396750 0.058664 0.397427 0.065884 0.396073 0.074910 0.395396 0.079422 0.396073 0.083032 0.394719 0.087545 0.395396 0.091155 0.394719 0.094765 0.394042 0.097473 0.392688 0.107401 0.392011 0.111913 0.389980 0.119134 0.389303 0.121841 0.387949 0.124549 0.387949 0.129964 0.385917 0.136282 0.385240 0.138989 0.384563 0.141697 0.382532 0.146209 0.382532 0.148917 0.381178 0.154332 0.380501 0.157040 0.379824 0.159747 0.377793 0.165162 0.375762 0.169675 0.375762 0.174188 0.373731 0.175993 0.373731 0.179603 0.372376 0.184116 0.368314 0.184116 0.363575 0.183213 0.362221 0.180505 0.360190 0.178700 0.359513 0.176895 0.358835 0.167870 0.358158 0.164260 0.358158 0.149819 0.358158 0.146209 0.359513 0.136282 0.358835 0.133574 0.358835 0.124549 0.359513 0.115523 0.360190 0.106498 0.361544 0.082130 0.360867 0.077617 0.360190 0.074910 0.359513 0.072202 0.357481 0.069495 0.356804 0.064982 0.353419 0.062274 0.352065 0.060469 0.351388 0.058664 0.351388 0.056859 0.350034 0.054152 0.349357 0.044224 0.347326 0.032491 0.346649 0.028881 0.345295 0.024368 0.345295 0.020758 0.343940 0.012635 0.343263 0.009025 0.342586 0.005415 0.341232 0.002708 0.341232 0.001805 0.340555 0.000000 0.340555
3 0.934116 0.572783 0.935921 0.572783 0.938628 0.570752 0.941336 0.570752 0.946751 0.571429 0.950361 0.573460 0.953971 0.574137 0.956679 0.576168 0.959386 0.576845 0.962996 0.579553 0.962996 0.580230 0.967509 0.582938 0.967509 0.584292 0.968412 0.584970 0.968412 0.591063 0.965704 0.595125 0.965704 0.598510 0.963899 0.600542 0.963899 0.604604 0.962996 0.607989 0.960289 0.611374 0.960289 0.618145 0.959386 0.622207 0.958484 0.623561 0.955776 0.625592 0.955776 0.626947 0.954874 0.628301 0.953971 0.628978 0.953069 0.628978 0.951264 0.630332 0.951264 0.631009 0.948556 0.633040 0.947653 0.634394 0.945848 0.637779 0.937726 0.634394 0.936823 0.633040 0.934116 0.632363 0.935921 0.627624 0.937726 0.626269 0.937726 0.624915 0.936823 0.621530 0.932310 0.622884 0.932310 0.624238 0.933213 0.624915 0.933213 0.626947 0.935921 0.627624 0.934116 0.632363 0.932310 0.633717 0.932310 0.635748 0.934116 0.637102 0.935921 0.637102 0.937726 0.634394 0.945848 0.637779 0.944043 0.640487 0.944043 0.643196 0.943141 0.645227 0.939531 0.648612 0.935018 0.649289 0.933213 0.650643 0.933213 0.652674 0.929603 0.655383 0.928700 0.657414 0.926895 0.659445 0.924188 0.661476 0.918773 0.664184 0.917870 0.664184 0.916968 0.664861 0.905235 0.658091 0.903430 0.656737 0.901625 0.658091 0.903430 0.659445 0.905235 0.658091 0.916968 0.664861 0.913357 0.668923 0.911552 0.670278 0.907942 0.670278 0.906137 0.670955 0.904332 0.672309 0.904332 0.672986 0.901625 0.675017 0.900722 0.675017 0.889892 0.667569 0.889892 0.666892 0.888989 0.664184 0.887184 0.664184 0.885379 0.665538 0.881769 0.662153 0.882671 0.660122 0.882671 0.658091 0.885379 0.657414 0.887184 0.658768 0.889892 0.657414 0.889892 0.653351 0.888087 0.651997 0.885379 0.654028 0.885379 0.657414 0.882671 0.658091 0.880866 0.656737 0.876354 0.656737 0.873646 0.658768 0.873646 0.660122 0.869134 0.660799 0.878159 0.663507 0.879964 0.663507 0.881769 0.662153 0.885379 0.665538 0.886282 0.666892 0.886282 0.667569 0.889892 0.667569 0.900722 0.675017 0.898917 0.676371 0.898917 0.677048 0.897112 0.678402 0.893502 0.679756 0.891697 0.679756 0.889892 0.680433 0.887184 0.681787 0.881769 0.685173 0.879964 0.685850 0.873646 0.685850 0.871841 0.686527 0.869134 0.688558 0.867329 0.689235 0.865523 0.689912 0.862816 0.690589 0.858303 0.691266 0.852888 0.691266 0.849278 0.675017 0.850181 0.672986 0.852888 0.670278 0.854693 0.670955 0.856498 0.672309 0.857401 0.670955 0.856498 0.668246 0.854693 0.668923 0.852888 0.670278 0.850181 0.672986 0.844765 0.672309 0.842960 0.673663 0.843863 0.675017 0.845668 0.675694 0.849278 0.675017 0.852888 0.691266 0.851083 0.692620 0.849278 0.693297 0.837545 0.693974 0.799639 0.693297 0.793321 0.694651 0.790614 0.694651 0.786101 0.693297 0.779783 0.693297 0.773466 0.692620 0.770758 0.691266 0.767148 0.690589 0.761733 0.690589 0.759025 0.689912 0.755415 0.687204 0.753610 0.686527 0.745487 0.685850 0.739170 0.685850 0.735560 0.684496 0.728339 0.684496 0.724729 0.685850 0.721119 0.685850 0.712996 0.683819 0.704874 0.684496 0.701264 0.686527 0.696751 0.686527 0.692238 0.687881 0.687726 0.687881 0.685018 0.689912 0.681408 0.689912 0.677798 0.692620 0.673285 0.693297 0.669675 0.696005 0.666065 0.696005 0.664260 0.696682 0.663357 0.698037 0.660650 0.699391 0.658845 0.699391 0.657040 0.700068 0.654332 0.702099 0.652527 0.702776 0.650722 0.702776 0.648917 0.703453 0.647112 0.704807 0.645307 0.705484 0.643502 0.705484 0.639892 0.707515 0.635379 0.708192 0.633574 0.709546 0.631769 0.710223 0.629061 0.710223 0.626354 0.710900 0.623646 0.712255 0.620939 0.714286 0.616426 0.716317 0.614621 0.716994 0.610108 0.717671 0.608303 0.719025 0.606498 0.719702 0.603791 0.719702 0.600181 0.722410 0.596570 0.723087 0.592960 0.725118 0.591155 0.725796 0.586643 0.726473 0.584838 0.727150 0.583032 0.727827 0.581227 0.729181 0.579422 0.729858 0.577617 0.730535 0.574910 0.730535 0.573105 0.731212 0.568592 0.733920 0.564982 0.733920 0.552347 0.739336 0.548736 0.740014 0.546931 0.741368 0.545126 0.742045 0.540614 0.742722 0.538809 0.743399 0.537004 0.744753 0.533394 0.745430 0.528881 0.748138 0.524368 0.748815 0.522563 0.750169 0.520758 0.750846 0.518051 0.750846 0.516245 0.751523 0.508123 0.755586 0.506318 0.756263 0.504513 0.756940 0.498195 0.758294 0.496390 0.758971 0.491877 0.761679 0.485560 0.763710 0.482852 0.765741 0.477437 0.766418 0.473827 0.769127 0.472022 0.769127 0.470217 0.770481 0.468412 0.771158 0.463899 0.771835 0.459386 0.773189 0.457581 0.773866 0.453069 0.776574 0.446751 0.778605 0.442238 0.781313 0.440433 0.781313 0.438628 0.782668 0.436823 0.782668 0.435018 0.783345 0.427798 0.787407 0.425993 0.788084 0.419675 0.789438 0.417870 0.790115 0.416065 0.791469 0.412455 0.792146 0.407040 0.794854 0.401625 0.796209 0.399819 0.796886 0.395307 0.799594 0.374549 0.807041 0.366426 0.811104 0.351083 0.816520 0.342960 0.819905 0.333032 0.824645 0.326715 0.827353 0.324910 0.828030 0.323105 0.828030 0.321300 0.829384 0.317690 0.830061 0.314079 0.831415 0.311372 0.833446 0.309567 0.834123 0.307762 0.834800 0.304152 0.835477 0.298736 0.838186 0.295126 0.838863 0.291516 0.840894 0.287906 0.842248 0.283394 0.842925 0.275271 0.846310 0.270758 0.846987 0.268953 0.847664 0.265343 0.849695 0.261733 0.851049 0.257220 0.851726 0.252708 0.853081 0.250903 0.853758 0.248195 0.855789 0.246390 0.856466 0.243682 0.856466 0.240975 0.857820 0.234657 0.858497 0.230144 0.860528 0.225632 0.861205 0.214801 0.862559 0.201264 0.866622 0.197653 0.867299 0.194043 0.867299 0.190433 0.867976 0.186823 0.869330 0.183213 0.870007 0.179603 0.870684 0.175090 0.871361 0.166065 0.872038 0.162455 0.873392 0.150722 0.873392 0.145307 0.874746 0.128159 0.875423 0.109206 0.875423 0.096570 0.874746 0.089350 0.874069 0.082130 0.873392 0.075812 0.872715 0.073105 0.871361 0.066787 0.870684 0.063177 0.869330 0.060469 0.865944 0.060469 0.859851 0.061372 0.857143 0.064079 0.855112 0.065884 0.854435 0.067690 0.854435 0.070397 0.852404 0.072202 0.851726 0.075812 0.851726 0.078520 0.851049 0.080325 0.850372 0.078520 0.846987 0.075812 0.845633 0.074007 0.844956 0.071300 0.844279 0.059567 0.843602 0.055957 0.842248 0.051444 0.842248 0.048736 0.840894 0.043321 0.838186 0.041516 0.838186 0.039711 0.836831 0.039711 0.836154 0.037004 0.834123 0.037004 0.829384 0.038809 0.827353 0.041516 0.825322 0.044224 0.824645 0.046931 0.822613 0.048736 0.821936 0.052347 0.821259 0.054152 0.819905 0.055957 0.819228 0.059567 0.819228 0.072202 0.814489 0.078520 0.813135 0.082130 0.813135 0.087545 0.811104 0.091155 0.811104 0.093863 0.809749 0.100181 0.809072 0.105596 0.807718 0.111011 0.805687 0.113718 0.805687 0.118231 0.803656 0.122744 0.803656 0.125451 0.802979 0.128159 0.801625 0.130866 0.801625 0.133574 0.800271 0.141697 0.798240 0.145307 0.798240 0.150722 0.796209 0.154332 0.796209 0.157040 0.794854 0.166065 0.792823 0.175090 0.791469 0.177798 0.790792 0.180505 0.789438 0.185921 0.788761 0.195848 0.785376 0.198556 0.784699 0.201264 0.784699 0.203971 0.783345 0.207581 0.783345 0.213899 0.781313 0.217509 0.781313 0.220217 0.779959 0.223827 0.779959 0.228339 0.777928 0.239170 0.775897 0.243682 0.773866 0.247292 0.773866 0.251805 0.771835 0.254513 0.771835 0.257220 0.771158 0.259025 0.769804 0.261733 0.769804 0.266245 0.767773 0.270758 0.767773 0.275271 0.765741 0.278881 0.765741 0.281588 0.764387 0.286101 0.764387 0.291516 0.762356 0.296931 0.761679 0.299639 0.761002 0.305054 0.758971 0.310469 0.758294 0.312274 0.756940 0.314982 0.756263 0.330325 0.752200 0.333032 0.752200 0.334838 0.751523 0.336643 0.750169 0.339350 0.749492 0.344765 0.748138 0.348375 0.748138 0.353791 0.746107 0.360108 0.746107 0.363718 0.745430 0.365523 0.744753 0.367329 0.743399 0.372744 0.742722 0.376354 0.740691 0.380866 0.740014 0.387184 0.737982 0.388989 0.737305 0.390794 0.735951 0.392599 0.735274 0.396209 0.735274 0.398917 0.733243 0.400722 0.732566 0.404332 0.732566 0.407942 0.730535 0.411552 0.729858 0.419675 0.728504 0.421480 0.727150 0.424188 0.726473 0.427798 0.726473 0.432310 0.725118 0.440433 0.721733 0.446751 0.719702 0.450361 0.719702 0.453971 0.717671 0.457581 0.717671 0.463899 0.714963 0.468412 0.714286 0.470217 0.712932 0.473827 0.712932 0.477437 0.710900 0.482852 0.710223 0.486462 0.708192 0.493682 0.706838 0.497292 0.706161 0.501805 0.702776 0.506318 0.702776 0.513538 0.700745 0.517148 0.698714 0.521661 0.698714 0.526173 0.696682 0.528881 0.696682 0.531588 0.694651 0.533394 0.693974 0.540614 0.692620 0.546029 0.690589 0.548736 0.688558 0.552347 0.688558 0.554152 0.687881 0.555957 0.686527 0.560469 0.685850 0.562274 0.684496 0.564079 0.683819 0.569495 0.683142 0.574007 0.681787 0.575812 0.681110 0.577617 0.679756 0.579422 0.679079 0.581227 0.678402 0.585740 0.677725 0.594765 0.673663 0.598375 0.672986 0.602888 0.671632 0.607401 0.671632 0.610108 0.668923 0.615523 0.668246 0.622744 0.666215 0.624549 0.664861 0.626354 0.664184 0.629964 0.664184 0.633574 0.662830 0.637184 0.662830 0.638989 0.662153 0.640794 0.660799 0.642599 0.660122 0.648917 0.660122 0.653430 0.659445 0.657942 0.657414 0.662455 0.657414 0.665162 0.656060 0.671480 0.655383 0.678700 0.655383 0.682310 0.654028 0.688628 0.653351 0.701264 0.654028 0.708484 0.656060 0.712094 0.656737 0.716606 0.657414 0.722022 0.657414 0.734657 0.662830 0.739170 0.663507 0.744585 0.665538 0.747292 0.667569 0.750903 0.666215 0.752708 0.666215 0.754513 0.667569 0.759025 0.667569 0.764440 0.669601 0.768953 0.670278 0.777978 0.670955 0.779783 0.670278 0.780686 0.666215 0.782491 0.665538 0.784296 0.666215 0.785199 0.666892 0.787906 0.666892 0.787906 0.666215 0.789711 0.664861 0.791516 0.664861 0.794224 0.666892 0.796029 0.666892 0.798736 0.665538 0.800542 0.667569 0.803249 0.667569 0.805054 0.666215 0.805054 0.664861 0.809567 0.666215 0.812274 0.664184 0.812274 0.663507 0.814079 0.662153 0.815884 0.661476 0.818592 0.660799 0.822202 0.660799 0.825812 0.660122 0.833032 0.664184 0.832130 0.665538 0.834838 0.665538 0.833032 0.664184 0.825812 0.660122 0.828520 0.658091 0.828520 0.657414 0.830325 0.656060 0.832130 0.656737 0.832130 0.657414 0.834838 0.657414 0.836643 0.656060 0.838448 0.654705 0.838448 0.652674 0.837545 0.651997 0.837545 0.649289 0.840253 0.646581 0.842960 0.641842 0.844765 0.639133 0.844765 0.626269 0.845668 0.624915 0.849278 0.625592 0.852888 0.624915 0.854693 0.624238 0.856498 0.622884 0.859206 0.622207 0.860108 0.618822 0.861913 0.618145 0.861913 0.619499 0.863718 0.620853 0.865523 0.620853 0.867329 0.618145 0.868231 0.616791 0.870036 0.616114 0.873646 0.613406 0.874549 0.611374 0.876354 0.610020 0.880866 0.610020 0.884477 0.608666 0.887184 0.609343 0.888087 0.608666 0.888989 0.608666 0.889892 0.607989 0.890794 0.606635 0.891697 0.605281 0.891697 0.603927 0.892599 0.602573 0.895307 0.603250 0.897112 0.601896 0.898014 0.599865 0.900722 0.597833 0.900722 0.597156 0.902527 0.595802 0.903430 0.595802 0.905235 0.594448 0.907040 0.591740 0.907040 0.587001 0.907942 0.584292 0.908845 0.582938 0.913357 0.581584 0.914260 0.580907 0.914260 0.580230 0.916065 0.578876 0.918773 0.578199 0.919675 0.576168 0.923285 0.574137 0.926895 0.574137 0.928700 0.573460 0.929603 0.572106 0.931408 0.570752 0.934116 0.572783
3 0.545126 0.000000 0.545126 0.002031 0.540614 0.005416 0.540614 0.007448 0.538809 0.010833 0.537906 0.012187 0.532491 0.016249 0.531588 0.017603 0.531588 0.020311 0.530686 0.022343 0.528881 0.024374 0.528881 0.026405 0.527978 0.028436 0.524368 0.031144 0.523466 0.033175 0.523466 0.035884 0.522563 0.038592 0.519856 0.041300 0.519856 0.043331 0.516245 0.048070 0.516245 0.051456 0.515343 0.054164 0.513538 0.056195 0.513538 0.058226 0.512635 0.059580 0.509928 0.060934 0.509025 0.062288 0.508123 0.063643 0.507220 0.068382 0.505415 0.071090 0.501805 0.075829 0.500903 0.077861 0.500903 0.081246 0.500000 0.083954 0.499097 0.085985 0.496390 0.088016 0.493682 0.091401 0.492780 0.094110 0.490975 0.095464 0.490072 0.096818 0.489170 0.099526 0.488267 0.100880 0.484657 0.103588 0.483755 0.105619 0.482852 0.108328 0.481949 0.109682 0.481047 0.111036 0.477437 0.114421 0.471119 0.119160 0.465704 0.122546 0.462996 0.123223 0.460289 0.125931 0.458484 0.127285 0.453971 0.128639 0.452166 0.129993 0.452166 0.130670 0.451264 0.131347 0.449458 0.132024 0.446751 0.132024 0.442238 0.134056 0.436823 0.134733 0.434116 0.137441 0.419675 0.137441 0.416065 0.138795 0.416065 0.141503 0.415162 0.143534 0.414260 0.144888 0.412455 0.146242 0.411552 0.148274 0.411552 0.158429 0.413357 0.160460 0.415162 0.168585 0.416065 0.169939 0.416968 0.170616 0.417870 0.170616 0.418773 0.172647 0.420578 0.176032 0.421480 0.177387 0.427798 0.182126 0.428700 0.184157 0.432310 0.186865 0.433213 0.186865 0.436823 0.189573 0.437726 0.191605 0.438628 0.192959 0.442238 0.193636 0.447653 0.195667 0.449458 0.197021 0.452166 0.197698 0.454874 0.199052 0.458484 0.196344 0.459386 0.194990 0.460289 0.192959 0.460289 0.188896 0.462996 0.185511 0.462996 0.182126 0.463899 0.179418 0.465704 0.177387 0.466606 0.171970 0.467509 0.169262 0.468412 0.166554 0.472022 0.160460 0.474729 0.156398 0.479242 0.149628 0.482852 0.146242 0.483755 0.142857 0.484657 0.141503 0.485560 0.140149 0.488267 0.138118 0.491877 0.132701 0.493682 0.131347 0.496390 0.130670 0.497292 0.129993 0.498195 0.128639 0.499097 0.125254 0.501805 0.123223 0.502708 0.121869 0.503610 0.120515 0.504513 0.118483 0.504513 0.116452 0.505415 0.114421 0.506318 0.113067 0.507220 0.111713 0.510830 0.109005 0.512635 0.108328 0.514440 0.107651 0.519856 0.106974 0.523466 0.107651 0.525271 0.107651 0.529783 0.106974 0.531588 0.106297 0.532491 0.105619 0.536101 0.102911 0.538809 0.100203 0.540614 0.096818 0.546931 0.092079 0.548736 0.088693 0.553249 0.084631 0.555054 0.081246 0.560469 0.077183 0.562274 0.075152 0.564982 0.071090 0.568592 0.068382 0.569495 0.066351 0.571300 0.064320 0.574007 0.062288 0.574910 0.062288 0.577617 0.060257 0.580325 0.056872 0.586643 0.050779 0.592058 0.046716 0.598375 0.041300 0.600181 0.037915 0.602888 0.035884 0.603791 0.033852 0.606498 0.031144 0.611011 0.027759 0.612816 0.025728 0.615523 0.021666 0.616426 0.016926 0.619134 0.014218 0.620036 0.012187 0.620939 0.006770 0.620939 0.004739 0.620036 0.000000 0.585740 0.000000 0.585740 0.002031 0.584838 0.003385 0.583032 0.004739 0.581227 0.005416 0.578520 0.005416 0.576715 0.004062 0.575812 0.002031 0.575812 0.000000 0.545126 0.000000
