4 0.670290 0.207880 0.679952 0.210598 0.683575 0.211277 0.689614 0.211957 0.698068 0.211957 0.701691 0.212636 0.712560 0.215353 0.716184 0.217391 0.722222 0.218750 0.725845 0.220788 0.740338 0.229620 0.745169 0.230978 0.748792 0.233016 0.748792 0.233696 0.751208 0.235054 0.754831 0.235054 0.759662 0.233696 0.762077 0.233696 0.766908 0.235054 0.774155 0.235054 0.776570 0.235734 0.778986 0.237092 0.781401 0.237772 0.788647 0.237772 0.794686 0.237772 0.807971 0.237092 0.811594 0.251359 0.806763 0.252038 0.809179 0.253397 0.811594 0.251359 0.807971 0.237092 0.828502 0.237092 0.842995 0.237092 0.855072 0.238451 0.859903 0.237772 0.871981 0.238451 0.876812 0.241168 0.879227 0.241848 0.881643 0.241848 0.886473 0.241168 0.904589 0.241848 0.933575 0.241168 0.940821 0.243207 0.943237 0.243886 0.948068 0.243207 0.949275 0.243886 0.954106 0.243207 0.957729 0.244565 0.961353 0.243886 0.972222 0.246603 0.975845 0.246603 0.977053 0.245924 0.979469 0.245924 0.991546 0.247962 0.996377 0.249321 0.998792 0.250000 0.998792 0.620245 0.993961 0.620245 0.989130 0.617527 0.986715 0.618207 0.948068 0.608016 0.946860 0.605299 0.944444 0.605299 0.942029 0.603261 0.938406 0.605978 0.892512 0.591712 0.887681 0.588315 0.881643 0.588315 0.879227 0.588315 0.878019 0.588995 0.875604 0.588995 0.873188 0.586957 0.862319 0.586957 0.859903 0.588315 0.859903 0.589674 0.859903 0.591712 0.859903 0.592391 0.861111 0.593071 0.863527 0.593750 0.873188 0.593750 0.887681 0.593750 0.890097 0.593071 0.892512 0.591712 0.938406 0.605978 0.938406 0.607337 0.948068 0.608016 0.986715 0.618207 0.985507 0.622962 0.989130 0.625000 0.998792 0.625000 0.998792 0.640625 0.991546 0.641304 0.986715 0.639946 0.981884 0.639946 0.979469 0.640625 0.978261 0.642663 0.975845 0.644022 0.975845 0.645380 0.974638 0.646739 0.973430 0.645380 0.971014 0.644022 0.968599 0.645380 0.968599 0.651495 0.967391 0.652174 0.967391 0.656250 0.963768 0.656250 0.956522 0.658288 0.951691 0.657609 0.948068 0.658288 0.944444 0.660326 0.944444 0.661685 0.943237 0.663043 0.937198 0.660326 0.937198 0.658288 0.934783 0.656929 0.932367 0.656929 0.928744 0.658967 0.927536 0.661005 0.927536 0.662364 0.925121 0.661685 0.925121 0.661005 0.921498 0.663043 0.919082 0.665761 0.919082 0.668478 0.916667 0.668478 0.914251 0.667120 0.914251 0.665082 0.910628 0.664402 0.909420 0.667799 0.911836 0.668478 0.911836 0.670516 0.910628 0.670516 0.909420 0.671196 0.908213 0.672554 0.905797 0.675951 0.900966 0.677989 0.893720 0.682745 0.890097 0.685462 0.887681 0.688859 0.882850 0.690217 0.880435 0.690897 0.865942 0.690217 0.859903 0.689538 0.857488 0.688179 0.851449 0.688179 0.844203 0.686821 0.840580 0.684103 0.838164 0.683424 0.835749 0.683424 0.833333 0.682065 0.830918 0.681386 0.822464 0.680707 0.820048 0.680027 0.817633 0.679348 0.809179 0.674592 0.806763 0.674592 0.804348 0.673234 0.801932 0.672554 0.798309 0.672554 0.794686 0.674592 0.794686 0.676630 0.791063 0.675272 0.787440 0.675272 0.786232 0.673913 0.783816 0.673234 0.787440 0.672554 0.787440 0.669837 0.785024 0.668478 0.777778 0.668478 0.774155 0.667799 0.770531 0.665761 0.766908 0.665761 0.763285 0.664402 0.754831 0.665082 0.751208 0.665082 0.747585 0.663043 0.734300 0.663043 0.730676 0.661685 0.724638 0.662364 0.718599 0.661685 0.713768 0.660326 0.707729 0.660326 0.702899 0.659647 0.700483 0.658288 0.694444 0.657609 0.688406 0.657609 0.684783 0.656250 0.679952 0.656250 0.677536 0.655571 0.675121 0.654891 0.672705 0.653533 0.670290 0.652853 0.667874 0.652853 0.665459 0.652174 0.663043 0.651495 0.660628 0.650136 0.658213 0.649457 0.653382 0.648777 0.649758 0.647418 0.647343 0.646060 0.638889 0.641304 0.636473 0.639946 0.631643 0.636549 0.630435 0.634511 0.629227 0.633832 0.626812 0.633152 0.621981 0.633152 0.619565 0.634511 0.619565 0.635870 0.621981 0.636549 0.621981 0.638587 0.614734 0.639266 0.612319 0.638587 0.611111 0.638587 0.609903 0.636549 0.611111 0.635870 0.611111 0.634511 0.613527 0.636549 0.617150 0.636549 0.618357 0.633152 0.615942 0.631793 0.609903 0.629076 0.609903 0.627717 0.606280 0.625679 0.602657 0.625679 0.595411 0.621603 0.591787 0.620924 0.586957 0.620924 0.583333 0.619565 0.577295 0.618886 0.573671 0.618207 0.564010 0.618207 0.559179 0.617527 0.555556 0.616168 0.547101 0.612092 0.542271 0.608696 0.541063 0.606658 0.537440 0.604620 0.537440 0.603261 0.533816 0.600543 0.530193 0.599864 0.522947 0.595788 0.521739 0.594429 0.520531 0.591712 0.516908 0.589674 0.513285 0.591712 0.509662 0.591033 0.506039 0.588315 0.501208 0.588315 0.501208 0.585598 0.500000 0.584239 0.498792 0.582880 0.496377 0.581522 0.492754 0.581522 0.485507 0.580842 0.480676 0.578125 0.477053 0.578804 0.474638 0.577446 0.469807 0.578804 0.466184 0.576766 0.462560 0.576087 0.457729 0.576087 0.455314 0.575408 0.443237 0.569293 0.435990 0.565217 0.434783 0.563179 0.433575 0.563179 0.432367 0.562500 0.431159 0.561141 0.429952 0.559783 0.428744 0.557065 0.420290 0.551630 0.419082 0.549592 0.417874 0.548913 0.415459 0.547554 0.413043 0.546196 0.409420 0.545516 0.408213 0.544837 0.408213 0.544158 0.405797 0.542799 0.405797 0.541440 0.396135 0.536005 0.391304 0.531929 0.390097 0.531250 0.388889 0.531250 0.386473 0.529891 0.378019 0.524457 0.375604 0.523777 0.370773 0.523777 0.367150 0.522418 0.363527 0.520380 0.361111 0.519701 0.357488 0.519701 0.353865 0.518342 0.350242 0.516984 0.346618 0.515625 0.346618 0.514266 0.344203 0.512908 0.335749 0.510870 0.332126 0.508832 0.329710 0.508152 0.326087 0.508152 0.323671 0.507473 0.320048 0.506114 0.317633 0.504755 0.309179 0.500000 0.304348 0.497283 0.303140 0.495924 0.303140 0.494565 0.295894 0.490489 0.295894 0.489130 0.294686 0.487772 0.292271 0.486413 0.291063 0.486413 0.287440 0.484375 0.285024 0.484375 0.282609 0.483696 0.276570 0.480299 0.270531 0.477582 0.266908 0.477582 0.263285 0.476223 0.252415 0.472147 0.248792 0.470109 0.247585 0.467391 0.248792 0.465353 0.251208 0.463315 0.253623 0.464674 0.257246 0.464674 0.258454 0.463995 0.260870 0.463995 0.264493 0.463995 0.265700 0.462636 0.264493 0.460598 0.262077 0.458560 0.262077 0.453804 0.264493 0.451766 0.265700 0.449049 0.265700 0.444973 0.268116 0.441576 0.268116 0.439538 0.274155 0.436821 0.276570 0.436821 0.278986 0.436141 0.278986 0.430027 0.272947 0.427310 0.271739 0.425272 0.268116 0.423234 0.270531 0.420516 0.271739 0.419837 0.274155 0.419158 0.277778 0.418478 0.281401 0.416440 0.282609 0.412364 0.282609 0.411005 0.280193 0.404891 0.280193 0.402853 0.281401 0.389946 0.280193 0.387908 0.272947 0.383152 0.271739 0.382473 0.270531 0.382473 0.268116 0.381114 0.252415 0.371603 0.250000 0.369565 0.248792 0.366168 0.250000 0.362092 0.251208 0.361413 0.256039 0.359375 0.254831 0.351902 0.253623 0.351902 0.251208 0.347147 0.251208 0.345788 0.256039 0.345788 0.259662 0.344429 0.265700 0.344429 0.269324 0.345109 0.272947 0.344429 0.276570 0.343071 0.278986 0.341033 0.281401 0.342391 0.291063 0.342391 0.295894 0.343071 0.299517 0.343750 0.303140 0.344429 0.305556 0.345109 0.309179 0.347147 0.314010 0.345109 0.316425 0.344429 0.320048 0.343750 0.323671 0.343750 0.323671 0.345109 0.326087 0.346467 0.328502 0.347147 0.332126 0.345788 0.332126 0.341033 0.328502 0.336957 0.323671 0.334239 0.321256 0.330842 0.323671 0.328804 0.326087 0.328125 0.328502 0.328125 0.330918 0.326766 0.333333 0.326087 0.338164 0.325408 0.338164 0.324728 0.340580 0.324049 0.342995 0.322690 0.344203 0.321332 0.346618 0.317935 0.346618 0.315897 0.347826 0.314538 0.353865 0.312500 0.357488 0.310462 0.358696 0.307745 0.358696 0.304348 0.361111 0.302989 0.365942 0.302310 0.370773 0.302310 0.375604 0.300272 0.382850 0.298913 0.380435 0.297554 0.375604 0.297554 0.373188 0.296875 0.370773 0.295516 0.365942 0.294837 0.367150 0.283288 0.371981 0.279891 0.371981 0.277174 0.369565 0.275136 0.369565 0.270380 0.374396 0.267663 0.381643 0.266984 0.390097 0.266304 0.394928 0.266304 0.400966 0.266304 0.402174 0.266984 0.407005 0.266304 0.414251 0.266304 0.416667 0.266304 0.427536 0.266984 0.435990 0.266304 0.438406 0.264946 0.442029 0.264266 0.450483 0.264266 0.454106 0.262908 0.457729 0.262908 0.460145 0.262228 0.462560 0.260870 0.466184 0.260190 0.467391 0.256793 0.468599 0.255435 0.471014 0.254076 0.475845 0.253397 0.481884 0.253397 0.484300 0.252038 0.483092 0.247962 0.489130 0.246603 0.492754 0.244565 0.502415 0.244565 0.504831 0.245924 0.509662 0.243207 0.514493 0.243886 0.516908 0.242527 0.520531 0.244565 0.524155 0.242527 0.526570 0.243207 0.528986 0.245245 0.535024 0.245245 0.537440 0.245245 0.538647 0.244565 0.541063 0.244565 0.544686 0.245245 0.548309 0.246603 0.553140 0.246603 0.591787 0.245924 0.595411 0.247283 0.602657 0.246603 0.608696 0.245924 0.612319 0.244565 0.617150 0.243886 0.621981 0.244565 0.628019 0.242527 0.632850 0.241848 0.640097 0.241168 0.650966 0.240489 0.669082 0.240489 0.671498 0.239130 0.701691 0.245245 0.701691 0.247283 0.704106 0.248641 0.710145 0.248641 0.712560 0.247962 0.711353 0.245245 0.711353 0.243886 0.710145 0.242527 0.713768 0.237772 0.717391 0.236413 0.712560 0.236413 0.713768 0.237772 0.710145 0.242527 0.706522 0.241848 0.702899 0.243886 0.701691 0.245245 0.671498 0.239130 0.672705 0.237092 0.672705 0.233696 0.671498 0.230299 0.670290 0.226902 0.665459 0.226902 0.659420 0.222826 0.665459 0.220788 0.669082 0.222826 0.672705 0.220788 0.670290 0.219429 0.667874 0.219429 0.665459 0.220788 0.659420 0.222826 0.657005 0.222826 0.655797 0.224185 0.653382 0.224185 0.649758 0.222147 0.648551 0.220788 0.648551 0.218071 0.653382 0.217391 0.655797 0.216033 0.657005 0.214674 0.658213 0.211957 0.660628 0.209239 0.663043 0.207880 0.670290 0.207880
4 0.814010 0.902853 0.809179 0.904891 0.811594 0.906929 0.811594 0.909647 0.809179 0.911005 0.809179 0.912364 0.811594 0.913723 0.814010 0.916440 0.814010 0.913723 0.816425 0.911685 0.815217 0.907609 0.816425 0.906250 0.818841 0.904891 0.817633 0.902853 0.814010 0.902853
4 0.774155 0.900136 0.770531 0.902174 0.766908 0.902174 0.763285 0.902853 0.759662 0.904891 0.757246 0.906929 0.754831 0.908967 0.751208 0.913043 0.751208 0.916440 0.750000 0.918478 0.746377 0.922554 0.743961 0.926630 0.742754 0.929348 0.742754 0.932745 0.740338 0.934783 0.740338 0.939538 0.736715 0.942255 0.735507 0.944973 0.735507 0.949049 0.733092 0.953125 0.731884 0.958560 0.733092 0.961957 0.730676 0.968071 0.728261 0.970788 0.728261 0.976902 0.727053 0.980299 0.725845 0.981658 0.722222 0.983696 0.721014 0.983696 0.718599 0.985054 0.717391 0.987092 0.712560 0.989810 0.710145 0.993207 0.708937 0.994565 0.707729 0.995245 0.706522 0.995245 0.704106 0.996603 0.704106 0.999321 0.774155 0.999321 0.774155 0.989810 0.775362 0.987092 0.776570 0.985054 0.778986 0.983696 0.780193 0.981658 0.780193 0.978940 0.781401 0.976902 0.782609 0.974864 0.785024 0.971467 0.788647 0.966712 0.794686 0.961277 0.797101 0.957201 0.800725 0.954484 0.801932 0.953125 0.803140 0.951766 0.804348 0.949049 0.804348 0.947011 0.797101 0.943614 0.797101 0.936821 0.798309 0.935462 0.799517 0.934783 0.799517 0.931386 0.800725 0.930027 0.803140 0.928668 0.806763 0.924592 0.807971 0.920516 0.809179 0.920516 0.809179 0.917799 0.804348 0.920516 0.803140 0.918478 0.795894 0.919158 0.792271 0.917120 0.791063 0.915082 0.791063 0.912364 0.789855 0.910326 0.788647 0.908288 0.787440 0.906929 0.785024 0.904891 0.780193 0.901495 0.778986 0.900815 0.776570 0.900136 0.774155 0.900136
4 0.822464 0.896739 0.821256 0.898098 0.821256 0.900815 0.822464 0.897418 0.824879 0.896739 0.824879 0.895380 0.822464 0.896739
4 0.826087 0.887908 0.824879 0.889266 0.829710 0.892663 0.829710 0.891304 0.826087 0.887908
4 0.621981 0.762908 0.623188 0.764946 0.624396 0.764946 0.626812 0.768342 0.626812 0.765625 0.630435 0.764266 0.630435 0.762908 0.628019 0.762908 0.626812 0.764266 0.624396 0.762908 0.621981 0.762908
4 0.400966 0.671875 0.400966 0.676630 0.399758 0.682065 0.396135 0.688859 0.396135 0.694293 0.393720 0.696332 0.393720 0.699049 0.394928 0.699728 0.394928 0.701766 0.392512 0.707880 0.391304 0.719429 0.392512 0.720788 0.394928 0.722147 0.396135 0.722147 0.398551 0.723505 0.400966 0.726223 0.402174 0.728261 0.402174 0.735734 0.400966 0.743886 0.398551 0.750679 0.398551 0.788723 0.400966 0.794158 0.400966 0.799592 0.402174 0.802989 0.405797 0.806386 0.405797 0.808424 0.407005 0.810462 0.409420 0.811821 0.410628 0.813179 0.410628 0.819293 0.409420 0.822690 0.407005 0.826087 0.405797 0.834239 0.402174 0.836957 0.402174 0.838315 0.411836 0.838995 0.413043 0.839674 0.421498 0.838995 0.425121 0.838995 0.429952 0.840353 0.429952 0.841033 0.434783 0.841033 0.438406 0.838995 0.440821 0.838315 0.443237 0.839674 0.444444 0.841033 0.443237 0.842391 0.438406 0.843071 0.438406 0.846467 0.440821 0.847147 0.448068 0.847147 0.450483 0.846467 0.451691 0.843750 0.449275 0.841712 0.452899 0.838995 0.452899 0.836277 0.446860 0.832201 0.446860 0.828125 0.448068 0.826766 0.446860 0.824049 0.444444 0.825408 0.444444 0.826766 0.446860 0.828125 0.446860 0.832201 0.444444 0.834918 0.443237 0.835598 0.442029 0.835598 0.440821 0.838315 0.438406 0.838995 0.438406 0.834918 0.434783 0.832201 0.433575 0.831522 0.431159 0.830842 0.427536 0.832880 0.422705 0.832201 0.422705 0.831522 0.420290 0.830163 0.419082 0.828804 0.417874 0.826766 0.417874 0.825408 0.422705 0.819293 0.426329 0.817255 0.428744 0.816576 0.434783 0.815217 0.439614 0.815217 0.442029 0.814538 0.445652 0.812500 0.449275 0.811821 0.454106 0.809103 0.457729 0.808424 0.462560 0.807745 0.469807 0.807745 0.472222 0.808424 0.474638 0.809783 0.475845 0.811821 0.480676 0.815217 0.489130 0.819973 0.490338 0.821332 0.491546 0.822690 0.492754 0.826087 0.496377 0.828125 0.500000 0.828804 0.509662 0.834239 0.513285 0.835598 0.516908 0.835598 0.519324 0.838995 0.521739 0.841033 0.509662 0.848505 0.507246 0.851223 0.504831 0.851223 0.487923 0.843071 0.489130 0.841033 0.489130 0.841033 0.489130 0.842391 0.491546 0.845109 0.490338 0.848505 0.479469 0.847826 0.474638 0.849864 0.471014 0.850543 0.466184 0.849864 0.464976 0.849185 0.462560 0.849185 0.460145 0.850543 0.456522 0.853261 0.454106 0.854620 0.449275 0.855299 0.446860 0.855978 0.445652 0.861413 0.443237 0.863451 0.438406 0.866168 0.434783 0.866168 0.432367 0.866848 0.427536 0.869565 0.426329 0.872962 0.426329 0.876359 0.422705 0.878397 0.420290 0.879755 0.407005 0.884511 0.407005 0.887228 0.405797 0.887908 0.405797 0.889946 0.407005 0.890625 0.407005 0.892663 0.405797 0.906250 0.402174 0.914402 0.402174 0.925272 0.409420 0.923234 0.410628 0.920516 0.413043 0.918478 0.420290 0.914402 0.425121 0.911005 0.428744 0.908288 0.428744 0.906929 0.429952 0.905571 0.448068 0.895380 0.454106 0.891304 0.458937 0.887908 0.464976 0.883832 0.466184 0.881793 0.466184 0.876359 0.469807 0.869565 0.467391 0.864130 0.466184 0.862092 0.466184 0.860734 0.467391 0.859375 0.471014 0.858016 0.473430 0.857337 0.474638 0.860054 0.475845 0.861413 0.481884 0.862092 0.484300 0.860734 0.485507 0.859375 0.487923 0.858696 0.497585 0.858696 0.500000 0.857337 0.501208 0.855978 0.501208 0.851223 0.498792 0.849185 0.498792 0.845788 0.500000 0.840353 0.498792 0.838315 0.495169 0.837636 0.492754 0.838315 0.490338 0.839674 0.489130 0.841033 0.489130 0.841033 0.486715 0.839674 0.484300 0.841033 0.484300 0.842391 0.487923 0.843071 0.504831 0.851223 0.502415 0.852582 0.502415 0.853940 0.507246 0.854620 0.510870 0.852582 0.509662 0.848505 0.521739 0.841033 0.524155 0.842391 0.530193 0.838995 0.531401 0.834918 0.533816 0.832880 0.537440 0.830163 0.542271 0.827446 0.553140 0.822011 0.559179 0.817935 0.562802 0.813859 0.566425 0.813179 0.568841 0.812500 0.571256 0.811821 0.573671 0.810462 0.574879 0.810462 0.576087 0.809783 0.577295 0.808424 0.578502 0.807065 0.578502 0.805707 0.579710 0.804348 0.580918 0.802989 0.583333 0.801630 0.585749 0.801630 0.588164 0.800272 0.590580 0.800272 0.591787 0.796196 0.592995 0.794837 0.596618 0.793478 0.600242 0.794158 0.601449 0.795516 0.606280 0.795516 0.608696 0.794158 0.609903 0.791440 0.609903 0.788723 0.607488 0.779212 0.611111 0.779212 0.612319 0.778533 0.614734 0.778533 0.614734 0.784647 0.612319 0.788043 0.612319 0.790761 0.615942 0.789402 0.624396 0.788043 0.624396 0.787364 0.626812 0.786005 0.630435 0.785326 0.640097 0.784647 0.644928 0.784647 0.649758 0.785326 0.658213 0.786685 0.661836 0.787364 0.665459 0.788043 0.667874 0.788723 0.670290 0.789402 0.672705 0.790761 0.679952 0.795516 0.682367 0.797554 0.685990 0.801630 0.687198 0.803668 0.688406 0.805707 0.687198 0.809783 0.692029 0.810462 0.693237 0.817255 0.692029 0.818614 0.690821 0.817255 0.687198 0.819293 0.689614 0.820652 0.689614 0.822690 0.687198 0.824728 0.687198 0.826766 0.687198 0.828125 0.681159 0.827446 0.677536 0.823370 0.678744 0.821332 0.675121 0.822011 0.677536 0.823370 0.681159 0.827446 0.676329 0.829484 0.682367 0.831522 0.685990 0.831522 0.687198 0.828125 0.687198 0.826766 0.690821 0.827446 0.692029 0.825408 0.692029 0.827446 0.690821 0.828125 0.690821 0.830163 0.689614 0.830842 0.688406 0.831522 0.687198 0.834918 0.688406 0.840353 0.687198 0.847147 0.685990 0.850543 0.683575 0.851902 0.682367 0.855978 0.681159 0.862092 0.679952 0.865489 0.677536 0.868207 0.677536 0.874321 0.675121 0.876359 0.675121 0.879076 0.671498 0.882473 0.670290 0.884511 0.670290 0.887908 0.669082 0.889946 0.661836 0.899457 0.660628 0.901495 0.660628 0.904212 0.655797 0.909647 0.655797 0.911685 0.654589 0.913043 0.653382 0.914402 0.649758 0.916440 0.648551 0.917799 0.647343 0.921196 0.643720 0.923234 0.643720 0.924592 0.641304 0.925951 0.640097 0.927310 0.638889 0.930027 0.637681 0.930027 0.636473 0.930707 0.635266 0.932745 0.632850 0.934103 0.631643 0.935462 0.631643 0.936821 0.628019 0.939538 0.628019 0.940897 0.625604 0.942255 0.625604 0.944293 0.624396 0.945652 0.621981 0.947011 0.620773 0.948370 0.620773 0.949728 0.618357 0.951087 0.617150 0.953804 0.615942 0.957880 0.614734 0.959918 0.612319 0.961277 0.612319 0.963315 0.609903 0.965353 0.609903 0.968071 0.611111 0.968750 0.611111 0.970788 0.609903 0.969429 0.605072 0.970109 0.606280 0.976223 0.606280 0.979620 0.605072 0.985734 0.603865 0.988451 0.600242 0.993886 0.600242 0.997962 0.599034 0.999321 0.000000 0.999321 0.000000 0.823370 0.002415 0.823370 0.008454 0.819973 0.010870 0.819293 0.013285 0.819293 0.019324 0.816576 0.020531 0.816576 0.021739 0.815897 0.027778 0.811821 0.031401 0.811141 0.033816 0.809783 0.035024 0.807745 0.038647 0.805707 0.042271 0.802310 0.043478 0.800951 0.044686 0.799592 0.044686 0.797554 0.045894 0.796196 0.047101 0.795516 0.048309 0.795516 0.049517 0.794837 0.050725 0.793478 0.053140 0.790761 0.053140 0.786685 0.055556 0.783967 0.056763 0.778533 0.059179 0.779891 0.061594 0.783967 0.064010 0.785326 0.066425 0.786005 0.070048 0.786005 0.073671 0.783967 0.074879 0.782609 0.074879 0.781250 0.082126 0.777174 0.083333 0.775815 0.084541 0.774457 0.088164 0.769022 0.088164 0.762908 0.092995 0.758152 0.094203 0.756114 0.095411 0.751359 0.099034 0.747962 0.099034 0.746603 0.102657 0.749321 0.102657 0.750679 0.103865 0.752038 0.105072 0.753397 0.111111 0.756793 0.112319 0.758152 0.112319 0.759511 0.113527 0.760870 0.119565 0.761549 0.126812 0.759511 0.130435 0.759511 0.130435 0.761549 0.131643 0.762228 0.131643 0.766304 0.132850 0.768342 0.134058 0.769701 0.136473 0.771060 0.140097 0.771060 0.143720 0.770380 0.146135 0.769701 0.148551 0.769022 0.152174 0.766984 0.153382 0.764946 0.155797 0.762908 0.163043 0.759511 0.164251 0.756114 0.167874 0.752717 0.169082 0.750000 0.170290 0.746603 0.172705 0.745924 0.172705 0.743207 0.173913 0.745924 0.172705 0.747962 0.170290 0.749321 0.170290 0.752717 0.171498 0.754755 0.173913 0.756114 0.176329 0.756793 0.179952 0.755435 0.183575 0.754755 0.189614 0.754076 0.192029 0.753397 0.198068 0.750000 0.204106 0.750000 0.206522 0.750679 0.208937 0.752038 0.208937 0.752717 0.212560 0.754755 0.217391 0.753397 0.221014 0.752717 0.227053 0.749321 0.229469 0.748641 0.231884 0.747962 0.236715 0.747962 0.241546 0.745245 0.242754 0.743207 0.247585 0.740489 0.248792 0.738451 0.248792 0.735734 0.250000 0.733016 0.251208 0.731658 0.253623 0.730299 0.254831 0.730299 0.256039 0.729620 0.257246 0.728261 0.257246 0.726902 0.258454 0.725543 0.260870 0.724185 0.263285 0.720788 0.264493 0.717391 0.266908 0.716033 0.268116 0.713995 0.268116 0.707880 0.266908 0.706522 0.263285 0.704484 0.262077 0.703125 0.260870 0.701766 0.259662 0.699728 0.259662 0.697690 0.260870 0.697011 0.262077 0.695652 0.263285 0.698370 0.264493 0.701087 0.265700 0.701766 0.266908 0.703125 0.270531 0.701766 0.277778 0.705163 0.278986 0.705842 0.286232 0.709918 0.287440 0.710598 0.291063 0.713995 0.297101 0.717391 0.299517 0.719429 0.300725 0.722147 0.303140 0.724864 0.312802 0.730978 0.315217 0.733016 0.316425 0.735054 0.318841 0.739810 0.320048 0.745245 0.320048 0.750679 0.321256 0.755435 0.322464 0.759511 0.323671 0.761549 0.327295 0.761549 0.329710 0.758832 0.330918 0.760870 0.333333 0.762228 0.334541 0.764266 0.332126 0.764266 0.326087 0.764946 0.324879 0.767663 0.328502 0.769701 0.334541 0.770380 0.338164 0.769701 0.339372 0.768342 0.339372 0.766984 0.338164 0.765625 0.336957 0.764946 0.334541 0.764266 0.333333 0.762228 0.335749 0.760870 0.336957 0.755435 0.336957 0.748641 0.338164 0.743207 0.339372 0.739130 0.342995 0.730978 0.344203 0.728940 0.345411 0.727582 0.346618 0.726223 0.349034 0.724185 0.352657 0.722147 0.355072 0.721467 0.362319 0.721467 0.364734 0.722147 0.368357 0.724185 0.373188 0.722147 0.374396 0.720788 0.375604 0.713995 0.376812 0.711957 0.379227 0.710598 0.379227 0.707201 0.381643 0.705163 0.379227 0.702446 0.379227 0.700408 0.382850 0.698370 0.382850 0.692935 0.384058 0.690217 0.386473 0.688179 0.386473 0.684103 0.388889 0.682065 0.388889 0.677310 0.391304 0.675272 0.392512 0.671196 0.392512 0.666440 0.397343 0.667120 0.399758 0.665082 0.400966 0.671875
4 0.423913 0.892663 0.423913 0.894022 0.426329 0.894701 0.426329 0.891984 0.423913 0.892663
4 0.914251 0.086277 0.914251 0.087636 0.913043 0.088995 0.910628 0.089674 0.908213 0.087636 0.908213 0.092391 0.907005 0.093750 0.903382 0.095788 0.898551 0.095109 0.897343 0.097147 0.896135 0.097826 0.894928 0.097826 0.892512 0.099185 0.891304 0.100543 0.890097 0.102582 0.888889 0.105978 0.888889 0.107337 0.892512 0.107337 0.893720 0.108016 0.897343 0.108016 0.900966 0.107337 0.903382 0.106658 0.904589 0.103261 0.907005 0.103261 0.911836 0.100543 0.914251 0.099864 0.916667 0.099864 0.919082 0.099185 0.919082 0.094429 0.923913 0.091712 0.927536 0.091033 0.926329 0.089674 0.923913 0.088315 0.922705 0.086277 0.919082 0.086277 0.917874 0.085598 0.914251 0.086277
4 0.727053 0.009511 0.723430 0.010870 0.721014 0.009511 0.719807 0.008152 0.719807 0.012908 0.722222 0.014266 0.725845 0.014266 0.727053 0.013587 0.729469 0.013587 0.733092 0.013587 0.733092 0.012228 0.728261 0.006793 0.727053 0.009511
4 0.265700 0.000000 0.265700 0.001359 0.264493 0.002038 0.265700 0.008152 0.265700 0.012908 0.264493 0.014266 0.262077 0.015625 0.257246 0.014946 0.254831 0.012228 0.252415 0.014266 0.245169 0.014266 0.237923 0.014946 0.235507 0.015625 0.233092 0.016984 0.230676 0.017663 0.227053 0.017663 0.223430 0.020380 0.221014 0.024457 0.221014 0.025815 0.222222 0.026495 0.223430 0.029212 0.227053 0.029891 0.230676 0.029891 0.235507 0.032609 0.235507 0.033967 0.236715 0.035326 0.239130 0.036685 0.243961 0.036685 0.247585 0.038043 0.252415 0.038043 0.256039 0.039402 0.258454 0.040761 0.263285 0.044158 0.266908 0.044158 0.272947 0.046875 0.275362 0.048234 0.275362 0.050951 0.271739 0.055707 0.266908 0.060462 0.264493 0.061821 0.258454 0.062500 0.248792 0.062500 0.235507 0.061821 0.228261 0.062500 0.225845 0.063179 0.223430 0.063859 0.217391 0.067255 0.213768 0.068614 0.206522 0.068614 0.207729 0.069973 0.210145 0.072011 0.210145 0.075408 0.214976 0.076087 0.217391 0.076766 0.218599 0.077446 0.219807 0.078804 0.219807 0.082880 0.221014 0.084239 0.224638 0.086277 0.231884 0.089674 0.235507 0.090353 0.239130 0.091712 0.246377 0.092391 0.256039 0.092391 0.264493 0.093071 0.268116 0.094429 0.270531 0.095788 0.271739 0.099864 0.272947 0.101223 0.276570 0.103261 0.278986 0.107337 0.287440 0.111413 0.287440 0.113451 0.288647 0.114810 0.292271 0.116848 0.293478 0.118207 0.293478 0.120245 0.294686 0.122283 0.297101 0.123641 0.298309 0.125000 0.299517 0.127717 0.299517 0.135190 0.300725 0.138587 0.301932 0.139946 0.304348 0.139946 0.305556 0.140625 0.309179 0.140625 0.311594 0.141984 0.311594 0.148098 0.312802 0.150136 0.315217 0.151495 0.318841 0.151495 0.327295 0.150815 0.330918 0.149457 0.338164 0.149457 0.340580 0.150815 0.342995 0.150815 0.345411 0.150136 0.347826 0.151495 0.349034 0.153533 0.352657 0.153533 0.356280 0.154212 0.358696 0.154891 0.361111 0.156250 0.361111 0.156929 0.363527 0.158288 0.367150 0.158967 0.369565 0.161005 0.371981 0.161685 0.374396 0.162364 0.380435 0.163723 0.384058 0.163723 0.387681 0.165761 0.392512 0.167120 0.396135 0.168478 0.400966 0.169158 0.410628 0.169837 0.419082 0.170516 0.423913 0.169837 0.435990 0.171196 0.439614 0.169837 0.443237 0.171875 0.449275 0.171875 0.449275 0.172554 0.454106 0.172554 0.456522 0.173913 0.457729 0.175951 0.458937 0.177310 0.458937 0.175951 0.460145 0.173913 0.462560 0.172554 0.464976 0.173234 0.466184 0.176630 0.466184 0.174592 0.469807 0.172554 0.472222 0.173913 0.475845 0.177989 0.475845 0.173913 0.478261 0.172554 0.480676 0.173234 0.481884 0.177310 0.485507 0.177989 0.486715 0.180707 0.490338 0.180707 0.492754 0.179348 0.495169 0.179348 0.498792 0.181386 0.500000 0.185462 0.502415 0.186141 0.510870 0.186141 0.513285 0.186821 0.516908 0.188859 0.518116 0.195652 0.519324 0.197690 0.521739 0.199049 0.521739 0.199728 0.525362 0.200408 0.528986 0.201766 0.532609 0.202446 0.543478 0.203125 0.561594 0.203125 0.588164 0.201766 0.600242 0.202446 0.615942 0.201766 0.621981 0.201087 0.630435 0.199049 0.636473 0.198370 0.642512 0.198370 0.648551 0.197690 0.653382 0.197011 0.659420 0.194973 0.663043 0.194293 0.670290 0.193614 0.676329 0.192935 0.683575 0.192935 0.688406 0.192255 0.692029 0.190897 0.696860 0.190217 0.704106 0.190217 0.707729 0.189538 0.712560 0.187500 0.723430 0.186821 0.727053 0.185462 0.731884 0.184783 0.736715 0.184783 0.740338 0.184103 0.742754 0.182745 0.745169 0.182745 0.747585 0.182065 0.751208 0.180027 0.758454 0.177989 0.762077 0.177989 0.766908 0.176630 0.769324 0.175272 0.774155 0.172554 0.778986 0.171196 0.786232 0.169837 0.795894 0.163723 0.798309 0.162364 0.799517 0.162364 0.800725 0.161685 0.806763 0.157609 0.810386 0.154212 0.811594 0.152853 0.815217 0.146739 0.815217 0.141984 0.817633 0.139266 0.817633 0.137908 0.815217 0.135870 0.814010 0.132473 0.811594 0.131114 0.810386 0.131114 0.809179 0.130435 0.807971 0.129076 0.806763 0.127717 0.806763 0.124321 0.807971 0.122962 0.811594 0.120924 0.817633 0.118886 0.818841 0.120245 0.821256 0.121603 0.824879 0.120924 0.828502 0.122283 0.833333 0.122962 0.849034 0.123641 0.858696 0.122962 0.859903 0.122283 0.864734 0.122283 0.864734 0.120924 0.868357 0.119565 0.870773 0.116168 0.873188 0.114130 0.870773 0.112772 0.868357 0.108696 0.865942 0.107337 0.862319 0.106658 0.861111 0.105978 0.859903 0.103940 0.857488 0.103940 0.853865 0.101902 0.853865 0.101223 0.849034 0.098505 0.847826 0.096467 0.841787 0.093071 0.840580 0.087636 0.833333 0.079484 0.829710 0.076766 0.829710 0.071332 0.830918 0.069973 0.833333 0.068614 0.833333 0.063859 0.834541 0.062500 0.836957 0.061141 0.838164 0.059783 0.839372 0.053668 0.839372 0.051630 0.836957 0.048913 0.832126 0.048913 0.828502 0.048234 0.823671 0.045516 0.818841 0.044158 0.814010 0.044837 0.805556 0.040761 0.801932 0.042120 0.798309 0.040082 0.794686 0.040761 0.792271 0.039402 0.792271 0.038723 0.789855 0.037364 0.786232 0.036685 0.782609 0.036685 0.780193 0.036005 0.777778 0.035326 0.775362 0.033288 0.770531 0.035326 0.766908 0.033967 0.763285 0.036005 0.758454 0.033288 0.754831 0.033288 0.752415 0.032609 0.748792 0.030571 0.747585 0.026495 0.743961 0.022418 0.741546 0.023098 0.741546 0.025136 0.739130 0.026495 0.735507 0.023777 0.734300 0.025136 0.733092 0.027174 0.728261 0.025815 0.727053 0.028533 0.723430 0.028533 0.723430 0.030571 0.725845 0.031250 0.727053 0.032609 0.722222 0.033288 0.719807 0.031250 0.718599 0.023098 0.717391 0.018342 0.716184 0.017663 0.716184 0.016304 0.711353 0.016984 0.710145 0.018342 0.708937 0.020380 0.708937 0.021739 0.710145 0.025815 0.707729 0.027174 0.705314 0.025815 0.705314 0.023777 0.704106 0.028533 0.702899 0.031250 0.701691 0.031929 0.700483 0.033288 0.695652 0.032609 0.695652 0.040761 0.694444 0.042799 0.692029 0.044158 0.692029 0.046196 0.694444 0.048234 0.692029 0.049592 0.689614 0.048234 0.687198 0.052310 0.685990 0.053668 0.679952 0.055027 0.679952 0.056386 0.676329 0.058424 0.672705 0.057065 0.670290 0.059103 0.667874 0.059103 0.661836 0.055707 0.661836 0.053668 0.660628 0.048913 0.660628 0.047554 0.661836 0.044158 0.658213 0.041440 0.658213 0.039402 0.660628 0.037364 0.660628 0.035326 0.659420 0.034647 0.659420 0.032609 0.661836 0.030571 0.661836 0.027174 0.659420 0.025136 0.659420 0.023777 0.661836 0.021739 0.661836 0.020380 0.658213 0.017663 0.660628 0.016304 0.661836 0.015625 0.661836 0.014266 0.663043 0.012908 0.660628 0.008832 0.661836 0.002717 0.660628 0.002038 0.660628 0.000000 0.479469 0.000000 0.479469 0.001359 0.477053 0.002717 0.468599 0.004755 0.468599 0.002038 0.467391 0.001359 0.467391 0.000000 0.265700 0.000000
6 0.004831 0.394022 0.008454 0.395380 0.009662 0.397418 0.013285 0.394701 0.016908 0.396060 0.019324 0.394701 0.024155 0.395380 0.025362 0.396739 0.025362 0.395380 0.022947 0.394022 0.021739 0.391984 0.019324 0.391984 0.015700 0.394022 0.014493 0.391984 0.012077 0.391304 0.010870 0.392663 0.007246 0.394022 0.007246 0.392663 0.006039 0.391304 0.004831 0.394022
6 0.012077 0.359375 0.009662 0.362092 0.009662 0.364810 0.013285 0.362772 0.012077 0.359375
6 0.016908 0.328125 0.018116 0.342391 0.019324 0.342391 0.021739 0.343071 0.024155 0.341712 0.026570 0.341712 0.027778 0.340353 0.028986 0.338315 0.028986 0.336277 0.028986 0.331522 0.027778 0.328804 0.024155 0.330163 0.021739 0.328804 0.019324 0.328804 0.016908 0.328125
6 0.000000 0.172554 0.001208 0.300951 0.001208 0.302989 0.000000 0.317935 0.004831 0.317255 0.012077 0.318614 0.014493 0.319973 0.015700 0.321332 0.015700 0.324049 0.018116 0.323370 0.018116 0.319973 0.019324 0.317935 0.021739 0.316576 0.022947 0.314538 0.022947 0.313179 0.021739 0.309783 0.024155 0.308424 0.027778 0.308424 0.031401 0.310462 0.033816 0.311141 0.036232 0.311141 0.041063 0.308424 0.043478 0.308424 0.047101 0.306386 0.049517 0.305707 0.051932 0.305027 0.055556 0.304348 0.062802 0.303668 0.072464 0.303668 0.076087 0.304348 0.078502 0.305707 0.083333 0.305707 0.090580 0.309103 0.094203 0.310462 0.096618 0.311141 0.099034 0.311141 0.101449 0.310462 0.103865 0.309103 0.109903 0.305707 0.111111 0.305027 0.115942 0.301630 0.118357 0.298234 0.118357 0.296196 0.119565 0.294158 0.120773 0.292799 0.121981 0.291440 0.126812 0.288723 0.129227 0.286685 0.131643 0.283288 0.132850 0.281250 0.134058 0.277174 0.138889 0.271060 0.140097 0.265625 0.140097 0.262908 0.138889 0.260190 0.137681 0.257473 0.136473 0.256114 0.132850 0.252717 0.124396 0.247962 0.120773 0.244565 0.115942 0.237772 0.106280 0.227582 0.101449 0.224864 0.095411 0.219429 0.091787 0.215353 0.091787 0.212636 0.094203 0.209918 0.094203 0.206522 0.091787 0.205163 0.090580 0.205163 0.088164 0.203804 0.079710 0.198370 0.073671 0.197011 0.070048 0.195652 0.060386 0.190897 0.056763 0.190217 0.053140 0.188179 0.048309 0.187500 0.042271 0.185462 0.035024 0.182065 0.032609 0.181386 0.028986 0.181386 0.026570 0.180707 0.021739 0.177310 0.019324 0.175951 0.018116 0.175951 0.014493 0.173913 0.009662 0.173234 0.002415 0.172554 0.000000 0.172554
