4 0.388989 0.499661 0.383574 0.499661 0.381769 0.501016 0.382671 0.503047 0.385379 0.503047 0.386282 0.502370 0.391697 0.503047 0.393502 0.502370 0.394404 0.501016 0.392599 0.498984 0.392599 0.497630 0.388989 0.499661
4 0.370036 0.488152 0.369134 0.488152 0.369134 0.491537 0.371841 0.492891 0.372744 0.498307 0.372744 0.492214 0.375451 0.490183 0.372744 0.488152 0.372744 0.486798 0.370036 0.488152
4 0.391697 0.480027 0.391697 0.482058 0.390794 0.482735 0.389892 0.486121 0.389892 0.490860 0.391697 0.493568 0.392599 0.492214 0.393502 0.491537 0.394404 0.489506 0.392599 0.485443 0.392599 0.481381 0.391697 0.480027
4 0.369134 0.465132 0.367329 0.467163 0.368231 0.468517 0.371841 0.469194 0.372744 0.470548 0.372744 0.469194 0.371841 0.467163 0.370939 0.465809 0.369134 0.465132
4 0.386282 0.463778 0.382671 0.465132 0.383574 0.467840 0.385379 0.468517 0.388087 0.468517 0.389892 0.467840 0.389892 0.464455 0.388087 0.463778 0.386282 0.463778
4 0.247292 0.456330 0.244585 0.457684 0.243682 0.459039 0.245487 0.459716 0.248195 0.459716 0.250000 0.458362 0.247292 0.456330
4 0.231047 0.454299 0.230144 0.457007 0.229242 0.457684 0.227437 0.458362 0.229242 0.459716 0.230144 0.459716 0.231949 0.461070 0.234657 0.459039 0.234657 0.457684 0.232852 0.456330 0.231047 0.454299
4 0.398014 0.453622 0.396209 0.453622 0.394404 0.454299 0.391697 0.457007 0.390794 0.455653 0.388087 0.454299 0.385379 0.456330 0.384477 0.456330 0.382671 0.457684 0.382671 0.460393 0.384477 0.461070 0.386282 0.460393 0.387184 0.459039 0.388989 0.458362 0.389892 0.459716 0.391697 0.460393 0.394404 0.458362 0.395307 0.458362 0.399819 0.455653 0.399819 0.452945 0.398014 0.453622
4 0.211191 0.450914 0.212094 0.452268 0.214801 0.452945 0.215704 0.454299 0.214801 0.456330 0.212996 0.457684 0.213899 0.459716 0.215704 0.460393 0.217509 0.460393 0.221119 0.458362 0.217509 0.455653 0.217509 0.454299 0.216606 0.452945 0.213899 0.450914 0.211191 0.450914
4 0.491877 0.427217 0.493682 0.427894 0.493682 0.426540 0.491877 0.427217
4 0.491877 0.419093 0.494585 0.421124 0.494585 0.419093 0.491877 0.419093
4 0.481047 0.418416 0.480144 0.419093 0.478339 0.419093 0.479242 0.421124 0.481949 0.421801 0.486462 0.420447 0.486462 0.419093 0.484657 0.418416 0.481047 0.418416
4 0.242780 0.404875 0.240975 0.406229 0.235560 0.406229 0.232852 0.407583 0.228339 0.407583 0.223827 0.409614 0.219314 0.409614 0.212996 0.411645 0.210289 0.413676 0.207581 0.420447 0.209386 0.425863 0.210289 0.427217 0.211191 0.427894 0.217509 0.431957 0.220217 0.432634 0.222022 0.433988 0.222924 0.433988 0.223827 0.434665 0.223827 0.435342 0.225632 0.436696 0.231949 0.439404 0.236462 0.440081 0.238267 0.440758 0.240072 0.441435 0.241877 0.442789 0.247292 0.444821 0.251805 0.445498 0.256318 0.446852 0.259928 0.448883 0.261733 0.449560 0.265343 0.449560 0.268051 0.450237 0.271661 0.452945 0.274368 0.452945 0.276173 0.453622 0.279783 0.455653 0.283394 0.454976 0.292419 0.455653 0.296029 0.456330 0.298736 0.457684 0.304152 0.458362 0.313177 0.458362 0.322202 0.459716 0.341155 0.460393 0.345668 0.460393 0.355596 0.459039 0.357401 0.459039 0.360108 0.460393 0.361913 0.460393 0.363718 0.459039 0.363718 0.458362 0.366426 0.458362 0.367329 0.460393 0.370036 0.460393 0.370939 0.459716 0.375451 0.460393 0.378159 0.459716 0.377256 0.457684 0.374549 0.456330 0.374549 0.454299 0.375451 0.452945 0.376354 0.452268 0.380866 0.449560 0.383574 0.448883 0.385379 0.448883 0.388087 0.448206 0.389892 0.446852 0.391697 0.446175 0.397112 0.446175 0.402527 0.444144 0.404332 0.442789 0.406137 0.444144 0.408845 0.444144 0.411552 0.442789 0.416065 0.444144 0.426895 0.442789 0.430505 0.444144 0.438628 0.444144 0.443141 0.444821 0.446751 0.446852 0.449458 0.447529 0.454874 0.447529 0.462996 0.446852 0.465704 0.448206 0.468412 0.450237 0.471119 0.450914 0.475632 0.448206 0.476534 0.447529 0.478339 0.445498 0.479242 0.445498 0.480144 0.442789 0.475632 0.438727 0.478339 0.436696 0.480144 0.436696 0.481949 0.436019 0.483755 0.437373 0.483755 0.441435 0.482852 0.448206 0.483755 0.449560 0.486462 0.450237 0.489170 0.446852 0.490072 0.445498 0.490975 0.443466 0.490975 0.434665 0.490072 0.432634 0.486462 0.427894 0.484657 0.431280 0.481949 0.433311 0.478339 0.430603 0.478339 0.427894 0.478339 0.430603 0.475632 0.432634 0.471119 0.432634 0.469314 0.431280 0.468412 0.429926 0.466606 0.429248 0.463899 0.428571 0.457581 0.428571 0.454874 0.426540 0.453069 0.426540 0.451264 0.425186 0.448556 0.424509 0.445848 0.424509 0.443141 0.423155 0.439531 0.423155 0.436823 0.420447 0.435018 0.419093 0.428700 0.419770 0.426895 0.420447 0.425090 0.419093 0.416065 0.418416 0.414260 0.419093 0.413357 0.419770 0.413357 0.420447 0.409747 0.421124 0.409747 0.420447 0.407942 0.419093 0.406137 0.419093 0.400722 0.419093 0.398917 0.419770 0.398917 0.423155 0.395307 0.425186 0.388989 0.424509 0.387184 0.423832 0.384477 0.421801 0.382671 0.421124 0.380866 0.421124 0.379061 0.420447 0.377256 0.419093 0.375451 0.418416 0.369134 0.416385 0.364621 0.415030 0.361913 0.414353 0.359206 0.413676 0.355596 0.413676 0.348375 0.411645 0.344765 0.410968 0.338448 0.410291 0.324007 0.409614 0.302347 0.409614 0.294224 0.408260 0.290614 0.406906 0.284296 0.406229 0.276173 0.405552 0.271661 0.406229 0.269856 0.406229 0.263538 0.406229 0.259025 0.404875 0.253610 0.405552 0.242780 0.404875
4 0.067690 0.389980 0.071300 0.390657 0.074910 0.391334 0.076715 0.392011 0.084838 0.395396 0.086643 0.396073 0.087545 0.396750 0.090253 0.398781 0.091155 0.399458 0.092058 0.401490 0.093863 0.403521 0.098375 0.406229 0.100181 0.407583 0.104693 0.410968 0.108303 0.414353 0.109206 0.416385 0.113718 0.419770 0.116426 0.422478 0.117329 0.425186 0.119134 0.426540 0.120036 0.427894 0.121841 0.432634 0.121841 0.439404 0.120036 0.441435 0.119134 0.443466 0.116426 0.444144 0.114621 0.445498 0.114621 0.446852 0.119134 0.450237 0.121841 0.453622 0.122744 0.454976 0.123646 0.456330 0.124549 0.458362 0.122744 0.469871 0.125451 0.470548 0.130866 0.469194 0.134477 0.467163 0.144404 0.467163 0.148014 0.465809 0.152527 0.465132 0.158845 0.467163 0.162455 0.467163 0.168773 0.466486 0.173285 0.468517 0.179603 0.469194 0.185018 0.469194 0.187726 0.470548 0.190433 0.470548 0.194043 0.469871 0.198556 0.467840 0.200361 0.467840 0.202166 0.469194 0.202166 0.470548 0.203971 0.471903 0.207581 0.473257 0.211191 0.473934 0.214801 0.474611 0.217509 0.474611 0.218412 0.473934 0.221119 0.473934 0.223827 0.475288 0.228339 0.475965 0.232852 0.475965 0.235560 0.474611 0.237365 0.475288 0.240072 0.475965 0.247292 0.475965 0.252708 0.477319 0.267148 0.477996 0.277076 0.477319 0.279783 0.477319 0.282491 0.479350 0.284296 0.478673 0.287004 0.477996 0.291516 0.478673 0.292419 0.477996 0.295126 0.477996 0.296931 0.479350 0.305054 0.480027 0.316787 0.479350 0.320397 0.480704 0.324910 0.480704 0.326715 0.481381 0.329422 0.482735 0.332130 0.484766 0.332130 0.485443 0.335740 0.488152 0.341155 0.490183 0.343863 0.492214 0.343863 0.493568 0.345668 0.494922 0.348375 0.492891 0.353791 0.494922 0.356498 0.494922 0.359206 0.496276 0.361913 0.496276 0.363718 0.496953 0.365523 0.498307 0.366426 0.498307 0.367329 0.498984 0.368231 0.501016 0.371841 0.502370 0.378159 0.503047 0.378159 0.503724 0.379061 0.505078 0.376354 0.506432 0.372744 0.506432 0.368231 0.507786 0.366426 0.509140 0.359206 0.511171 0.355596 0.511848 0.352888 0.511848 0.350181 0.510494 0.347473 0.510494 0.345668 0.511848 0.345668 0.513202 0.342058 0.515911 0.339350 0.517265 0.336643 0.517942 0.333032 0.517942 0.329422 0.519296 0.324910 0.518619 0.322202 0.519973 0.316787 0.520650 0.307762 0.522004 0.300542 0.522004 0.296029 0.523358 0.287004 0.524035 0.270758 0.524035 0.268051 0.525389 0.261733 0.525389 0.257220 0.526743 0.244585 0.526743 0.240072 0.528097 0.235560 0.528097 0.232852 0.526743 0.230144 0.526743 0.225632 0.528097 0.223827 0.528097 0.222924 0.527420 0.219314 0.526743 0.213899 0.526066 0.212094 0.526066 0.204874 0.526743 0.202166 0.525389 0.198556 0.524712 0.194043 0.525389 0.192238 0.525389 0.189531 0.524712 0.185018 0.522004 0.183213 0.522004 0.181408 0.521327 0.180505 0.520650 0.177798 0.517942 0.175993 0.517265 0.174188 0.516588 0.172383 0.516588 0.169675 0.518619 0.166065 0.515911 0.164260 0.515234 0.154332 0.511848 0.151625 0.511171 0.146209 0.510494 0.141697 0.508463 0.136282 0.507786 0.131769 0.506432 0.129964 0.505078 0.128159 0.504401 0.119134 0.504401 0.116426 0.503047 0.112816 0.500339 0.111011 0.499661 0.107401 0.498984 0.105596 0.497630 0.104693 0.496276 0.102888 0.491537 0.102888 0.484766 0.101083 0.483412 0.101986 0.482735 0.106498 0.483412 0.108303 0.482058 0.108303 0.480027 0.104693 0.480704 0.103791 0.480704 0.102888 0.481381 0.101986 0.482735 0.101083 0.483412 0.096570 0.483412 0.094765 0.484089 0.090253 0.487475 0.087545 0.488829 0.085740 0.489506 0.083935 0.490183 0.080325 0.490860 0.070397 0.490860 0.064982 0.490183 0.063177 0.489506 0.061372 0.488152 0.059567 0.487475 0.054152 0.486798 0.051444 0.486121 0.047834 0.482735 0.046931 0.482735 0.043321 0.480027 0.041516 0.476642 0.038809 0.474611 0.037906 0.469194 0.037906 0.463778 0.038809 0.460393 0.039711 0.458362 0.041516 0.454976 0.046931 0.450237 0.048736 0.448883 0.051444 0.448883 0.055054 0.445498 0.056859 0.444144 0.060469 0.444144 0.061372 0.441435 0.067690 0.439404 0.069495 0.440758 0.077617 0.441435 0.080325 0.441435 0.084838 0.440081 0.085740 0.439404 0.087545 0.438727 0.083032 0.436019 0.080325 0.435342 0.075812 0.435342 0.072202 0.434665 0.068592 0.432634 0.066787 0.433311 0.065884 0.434665 0.065884 0.436019 0.067690 0.439404 0.061372 0.441435 0.059567 0.440081 0.057762 0.439404 0.049639 0.438727 0.047834 0.440081 0.046931 0.441435 0.046931 0.442789 0.045126 0.444144 0.027076 0.444144 0.024368 0.443466 0.021661 0.441435 0.020758 0.438727 0.018051 0.436019 0.017148 0.434665 0.016245 0.431957 0.015343 0.429248 0.015343 0.426540 0.018953 0.423832 0.019856 0.420447 0.024368 0.415708 0.026173 0.414353 0.030686 0.412322 0.035199 0.410968 0.038809 0.408260 0.039711 0.404198 0.039711 0.400135 0.040614 0.397427 0.045126 0.394042 0.046931 0.393365 0.051444 0.392011 0.054152 0.391334 0.059567 0.391334 0.062274 0.390657 0.064079 0.389303 0.067690 0.389980
4 0.600181 0.672986 0.602888 0.674340 0.607401 0.674340 0.619134 0.683142 0.620939 0.684496 0.620939 0.685173 0.623646 0.687204 0.624549 0.689235 0.625451 0.690589 0.626354 0.691266 0.627256 0.691266 0.629061 0.692620 0.635379 0.698037 0.637184 0.698037 0.638989 0.701422 0.642599 0.704130 0.646209 0.704130 0.648917 0.706161 0.650722 0.706838 0.653430 0.706838 0.657040 0.708869 0.661552 0.712255 0.664260 0.713609 0.668773 0.714286 0.673285 0.718348 0.675090 0.719025 0.677798 0.719025 0.681408 0.721056 0.683213 0.721733 0.685921 0.722410 0.691336 0.727150 0.694946 0.729181 0.699458 0.730535 0.703069 0.733920 0.705776 0.735951 0.707581 0.735951 0.711191 0.738659 0.714801 0.740014 0.717509 0.741368 0.719314 0.744753 0.721119 0.746107 0.724729 0.747461 0.729242 0.748138 0.731047 0.748815 0.732852 0.749492 0.733755 0.750169 0.736462 0.752877 0.740975 0.754909 0.749097 0.757617 0.750903 0.758971 0.750903 0.759648 0.754513 0.760325 0.760830 0.762356 0.767148 0.765741 0.769856 0.766418 0.772563 0.766418 0.777076 0.767773 0.778881 0.768450 0.783394 0.771835 0.785199 0.772512 0.787004 0.773189 0.789711 0.773189 0.791516 0.774543 0.793321 0.774543 0.795126 0.775897 0.796029 0.777928 0.797834 0.779282 0.799639 0.779959 0.804152 0.779959 0.806859 0.780636 0.809567 0.781991 0.812274 0.782668 0.814982 0.783345 0.818592 0.783345 0.825812 0.788761 0.826715 0.789438 0.827617 0.790792 0.827617 0.792146 0.828520 0.793500 0.830325 0.794854 0.832130 0.795531 0.834838 0.795531 0.839350 0.796886 0.841155 0.797563 0.842960 0.800948 0.842960 0.810427 0.842058 0.811781 0.839350 0.812458 0.836643 0.812458 0.835740 0.812458 0.834838 0.813135 0.834838 0.813812 0.833032 0.815166 0.830325 0.813812 0.830325 0.816520 0.830325 0.818551 0.828520 0.818551 0.826715 0.816520 0.824910 0.816520 0.824007 0.815166 0.822202 0.813135 0.820397 0.815166 0.822202 0.816520 0.824007 0.815166 0.824910 0.816520 0.823105 0.817874 0.823105 0.818551 0.820397 0.819228 0.818592 0.820582 0.818592 0.821259 0.815884 0.821259 0.814079 0.821259 0.806859 0.825999 0.799639 0.826676 0.791516 0.826676 0.782491 0.825999 0.779783 0.824645 0.765343 0.824645 0.759025 0.823968 0.755415 0.822613 0.745487 0.822613 0.742780 0.821936 0.738267 0.819905 0.731047 0.819905 0.727437 0.820582 0.725632 0.821936 0.725632 0.825322 0.723827 0.826676 0.722022 0.827353 0.719314 0.828030 0.709386 0.828707 0.707581 0.828707 0.703069 0.828030 0.699458 0.827353 0.696751 0.826676 0.694946 0.825999 0.690433 0.823968 0.688628 0.823290 0.687726 0.822613 0.686823 0.821259 0.685921 0.819228 0.684116 0.817874 0.683213 0.817874 0.681408 0.816520 0.680505 0.814489 0.678700 0.813812 0.675993 0.813135 0.673285 0.811781 0.671480 0.810427 0.671480 0.809749 0.668773 0.807041 0.663357 0.802302 0.647112 0.789438 0.642599 0.785376 0.641697 0.783345 0.638087 0.780636 0.634477 0.779282 0.632671 0.777928 0.625451 0.771835 0.624549 0.769127 0.623646 0.767773 0.621841 0.766418 0.620036 0.765741 0.614621 0.765741 0.612816 0.765064 0.611011 0.764387 0.610108 0.763710 0.609206 0.762356 0.608303 0.761002 0.608303 0.759648 0.607401 0.758294 0.603791 0.755586 0.602888 0.753555 0.598375 0.750169 0.594765 0.748815 0.592960 0.746784 0.592058 0.744753 0.586643 0.740691 0.584838 0.737982 0.579422 0.734597 0.576715 0.732566 0.574910 0.730535 0.574007 0.728504 0.571300 0.726473 0.569495 0.724441 0.564982 0.718348 0.564079 0.716994 0.563177 0.715640 0.562274 0.709546 0.562274 0.696682 0.563177 0.693974 0.564079 0.692620 0.564982 0.691266 0.566787 0.689912 0.566787 0.689235 0.567690 0.688558 0.568592 0.688558 0.570397 0.687204 0.572202 0.686527 0.576715 0.685850 0.577617 0.684496 0.577617 0.681787 0.578520 0.680433 0.579422 0.679079 0.580325 0.678402 0.583032 0.677725 0.584838 0.676371 0.586643 0.675694 0.589350 0.675694 0.591155 0.674340 0.595668 0.674340 0.598375 0.672986 0.600181 0.672986
4 0.586643 0.597156 0.581227 0.597833 0.577617 0.598510 0.575812 0.599865 0.573105 0.599865 0.571300 0.600542 0.568592 0.602573 0.564982 0.603250 0.563177 0.604604 0.561372 0.607312 0.557762 0.610020 0.555957 0.612051 0.555054 0.613406 0.554152 0.615437 0.553249 0.617468 0.552347 0.622207 0.549639 0.626947 0.548736 0.630332 0.549639 0.633717 0.550542 0.636425 0.551444 0.639133 0.555957 0.641842 0.556859 0.642519 0.557762 0.644550 0.560469 0.645904 0.561372 0.648612 0.561372 0.650643 0.562274 0.652674 0.563177 0.654028 0.564079 0.654705 0.565884 0.655383 0.567690 0.656060 0.573105 0.656060 0.578520 0.656737 0.582130 0.658768 0.587545 0.658768 0.589350 0.660122 0.591155 0.660122 0.592960 0.661476 0.593863 0.663507 0.595668 0.664184 0.600181 0.664861 0.607401 0.664861 0.608303 0.661476 0.609206 0.656737 0.609206 0.648612 0.610108 0.640487 0.611913 0.637779 0.611913 0.631686 0.611913 0.629655 0.610108 0.628301 0.611913 0.625592 0.615523 0.626269 0.616426 0.624238 0.618231 0.622884 0.621841 0.618145 0.622744 0.616114 0.624549 0.610697 0.625451 0.609343 0.628159 0.607989 0.629061 0.606635 0.629061 0.605281 0.627256 0.602573 0.626354 0.602573 0.624549 0.601219 0.622744 0.600542 0.620939 0.599865 0.618231 0.599188 0.615523 0.598510 0.611011 0.598510 0.607401 0.597156 0.586643 0.597156
4 0.817690 0.596479 0.814982 0.598510 0.813177 0.598510 0.812274 0.599865 0.811372 0.602573 0.812274 0.606635 0.811372 0.607989 0.807762 0.610020 0.806859 0.612051 0.805957 0.612729 0.805054 0.612729 0.804152 0.613406 0.802347 0.616114 0.800542 0.614083 0.798736 0.614083 0.798736 0.616114 0.801444 0.616791 0.801444 0.618822 0.803249 0.620853 0.804152 0.622884 0.805957 0.623561 0.809567 0.622884 0.814079 0.626947 0.812274 0.631009 0.813177 0.637779 0.814982 0.641842 0.814982 0.645904 0.813177 0.651320 0.813177 0.656737 0.811372 0.660799 0.811372 0.670278 0.807762 0.672986 0.808664 0.675694 0.811372 0.676371 0.812274 0.677725 0.811372 0.681787 0.812274 0.685850 0.826715 0.686527 0.830325 0.685850 0.833032 0.687204 0.838448 0.687204 0.841155 0.688558 0.846570 0.688558 0.848375 0.689912 0.850181 0.689912 0.856498 0.689912 0.858303 0.689235 0.860108 0.687881 0.866426 0.687881 0.870036 0.687204 0.872744 0.686527 0.874549 0.685173 0.875451 0.683819 0.878159 0.677725 0.878159 0.676371 0.876354 0.673663 0.876354 0.668923 0.875451 0.666215 0.874549 0.663507 0.873646 0.662153 0.869134 0.656060 0.867329 0.654705 0.863718 0.652674 0.861913 0.650643 0.861011 0.649289 0.861011 0.647258 0.860108 0.645904 0.858303 0.644550 0.857401 0.644550 0.854693 0.641842 0.856498 0.640487 0.861913 0.640487 0.865523 0.641842 0.869134 0.640487 0.873646 0.641165 0.875451 0.639810 0.878159 0.639810 0.879061 0.640487 0.881769 0.640487 0.887184 0.640487 0.888989 0.640487 0.891697 0.639133 0.895307 0.639133 0.900722 0.637102 0.899819 0.631009 0.898917 0.629655 0.897112 0.628301 0.896209 0.626269 0.891697 0.626269 0.888989 0.624915 0.884477 0.624915 0.879964 0.624238 0.876354 0.622884 0.875451 0.621530 0.874549 0.619499 0.873646 0.618145 0.872744 0.617468 0.870036 0.616791 0.866426 0.616114 0.864621 0.616114 0.861011 0.614083 0.857401 0.611374 0.855596 0.610697 0.851083 0.610020 0.844765 0.610020 0.842058 0.608666 0.838448 0.607989 0.833032 0.607989 0.831227 0.607312 0.828520 0.605281 0.827617 0.601896 0.825812 0.599865 0.822202 0.597156 0.819495 0.596479 0.817690 0.596479
4 0.658845 0.531483 0.656137 0.532160 0.653430 0.534191 0.651625 0.534868 0.645307 0.536222 0.641697 0.536222 0.637184 0.539607 0.634477 0.540284 0.632671 0.541638 0.632671 0.542316 0.629964 0.544347 0.627256 0.544347 0.621841 0.548409 0.621841 0.549763 0.619134 0.551794 0.619134 0.555856 0.617329 0.559242 0.616426 0.562627 0.616426 0.570074 0.617329 0.575491 0.618231 0.576845 0.621841 0.579553 0.622744 0.580907 0.623646 0.582938 0.623646 0.584970 0.624549 0.587001 0.625451 0.588355 0.627256 0.590386 0.629061 0.591063 0.631769 0.592417 0.633574 0.593094 0.638087 0.594448 0.643502 0.594448 0.648014 0.596479 0.650722 0.599188 0.654332 0.596479 0.654332 0.595802 0.657040 0.593771 0.661552 0.593094 0.667870 0.593094 0.674188 0.591740 0.676895 0.590386 0.680505 0.590386 0.685921 0.588355 0.687726 0.587001 0.691336 0.583615 0.693141 0.582938 0.695848 0.584970 0.698556 0.584970 0.706679 0.582938 0.703971 0.582261 0.703069 0.581584 0.702166 0.580230 0.703971 0.578876 0.706679 0.578876 0.708484 0.580230 0.710289 0.578876 0.713899 0.578876 0.715704 0.580230 0.720217 0.576845 0.723827 0.576168 0.726534 0.574137 0.726534 0.571429 0.728339 0.570074 0.729242 0.568720 0.729242 0.566689 0.727437 0.564658 0.727437 0.562627 0.728339 0.561950 0.728339 0.559919 0.726534 0.557211 0.726534 0.553825 0.724729 0.551117 0.723827 0.549763 0.721119 0.549086 0.716606 0.545701 0.714801 0.545024 0.712996 0.544347 0.709386 0.545024 0.707581 0.545024 0.703971 0.542316 0.703069 0.540284 0.702166 0.539607 0.700361 0.538930 0.691336 0.536222 0.689531 0.535545 0.685921 0.533514 0.684116 0.532837 0.680505 0.532160 0.676895 0.531483 0.658845 0.531483
4 0.937726 0.329722 0.927798 0.330399 0.924188 0.331077 0.921480 0.331754 0.916968 0.333108 0.915162 0.333785 0.911552 0.336493 0.907040 0.337847 0.905235 0.339201 0.905235 0.340555 0.903430 0.341909 0.899819 0.341909 0.896209 0.344617 0.893502 0.345295 0.893502 0.346649 0.892599 0.347326 0.893502 0.349357 0.898917 0.352065 0.907040 0.358158 0.911552 0.360190 0.913357 0.360190 0.916065 0.360190 0.916968 0.360190 0.918773 0.364252 0.916968 0.364929 0.916065 0.365606 0.915162 0.366960 0.915162 0.368314 0.913357 0.370345 0.906137 0.375762 0.903430 0.380501 0.900722 0.382532 0.898917 0.384563 0.898014 0.386594 0.898014 0.389303 0.896209 0.391334 0.895307 0.397427 0.895307 0.400135 0.896209 0.402167 0.898014 0.404875 0.899819 0.406229 0.902527 0.406906 0.907040 0.410968 0.911552 0.412322 0.919675 0.412999 0.926895 0.413676 0.935921 0.413676 0.941336 0.415030 0.944043 0.415030 0.950361 0.415030 0.953069 0.415030 0.961191 0.414353 0.964801 0.413676 0.968412 0.412999 0.971119 0.412322 0.974729 0.410968 0.976534 0.410291 0.977437 0.409614 0.977437 0.408937 0.978339 0.408260 0.980144 0.407583 0.982852 0.407583 0.984657 0.406229 0.990975 0.406229 0.994585 0.404875 0.999097 0.404875 0.999097 0.335139 0.997292 0.334462 0.994585 0.333785 0.988267 0.333108 0.975632 0.331754 0.952166 0.329722 0.937726 0.329722
5 0.708484 0.584292 0.702166 0.584970 0.695848 0.585647 0.689531 0.587001 0.686823 0.587678 0.685018 0.589032 0.682310 0.589709 0.676895 0.590386 0.673285 0.591063 0.669675 0.593094 0.667870 0.593771 0.666065 0.593771 0.664260 0.594448 0.662455 0.595125 0.654332 0.599188 0.652527 0.599865 0.650722 0.599865 0.647112 0.601896 0.645307 0.602573 0.642599 0.602573 0.636282 0.605281 0.633574 0.605281 0.627256 0.609343 0.625451 0.610697 0.622744 0.615437 0.618231 0.618822 0.617329 0.621530 0.613718 0.629655 0.612816 0.633040 0.611913 0.637779 0.611011 0.644550 0.611011 0.658091 0.611913 0.662153 0.614621 0.668246 0.615523 0.669601 0.616426 0.670955 0.623646 0.679079 0.624549 0.681787 0.626354 0.684496 0.629964 0.687204 0.644404 0.697360 0.650722 0.700068 0.654332 0.700745 0.656137 0.702099 0.657942 0.702776 0.666065 0.704807 0.668773 0.704807 0.676895 0.706838 0.680505 0.708869 0.684116 0.709546 0.686823 0.710223 0.690433 0.710900 0.694043 0.711578 0.698556 0.711578 0.703069 0.712932 0.721119 0.712932 0.724729 0.712255 0.728339 0.711578 0.731047 0.710900 0.733755 0.710223 0.739170 0.708192 0.750000 0.703453 0.754513 0.702776 0.758123 0.701422 0.761733 0.699391 0.763538 0.698714 0.765343 0.698714 0.767148 0.698037 0.769856 0.696005 0.776173 0.693974 0.783394 0.688558 0.785199 0.687881 0.787004 0.687881 0.791516 0.685850 0.796029 0.682464 0.796931 0.680433 0.801444 0.677048 0.804152 0.672309 0.807762 0.668923 0.810469 0.664184 0.812274 0.660799 0.812274 0.657414 0.814079 0.654028 0.814982 0.648612 0.814982 0.641165 0.813177 0.638456 0.813177 0.635748 0.812274 0.633040 0.811372 0.631009 0.810469 0.628978 0.809567 0.627624 0.808664 0.626269 0.806859 0.624915 0.806859 0.624238 0.805957 0.623561 0.805054 0.623561 0.804152 0.622884 0.803249 0.621530 0.802347 0.619499 0.797834 0.616114 0.794224 0.610020 0.789711 0.606635 0.786101 0.604604 0.782491 0.603250 0.778881 0.600542 0.777076 0.599865 0.775271 0.599865 0.770758 0.597156 0.765343 0.595125 0.749097 0.589032 0.740975 0.587001 0.737365 0.586324 0.732852 0.586324 0.724729 0.584292 0.708484 0.584292
6 0.027076 0.463101 0.027978 0.464455 0.028881 0.461747 0.027076 0.463101
6 0.016245 0.458362 0.018051 0.460393 0.018051 0.457684 0.016245 0.458362
6 0.021661 0.392688 0.022563 0.394719 0.024368 0.397427 0.027076 0.396750 0.027076 0.394042 0.025271 0.392688 0.021661 0.392688
6 0.252708 0.316858 0.274368 0.316858 0.276173 0.316858 0.281588 0.316858 0.284296 0.316858 0.291516 0.317536 0.297834 0.318213 0.304152 0.320244 0.307762 0.320244 0.311372 0.320921 0.314079 0.322275 0.319495 0.322952 0.326715 0.322952 0.333935 0.324983 0.339350 0.324983 0.342058 0.325660 0.344765 0.327691 0.346570 0.328368 0.350181 0.328368 0.352888 0.329722 0.341155 0.356804 0.339350 0.358158 0.338448 0.358158 0.335740 0.360190 0.335740 0.361544 0.339350 0.364929 0.341155 0.366283 0.342960 0.364929 0.342960 0.359513 0.341155 0.356804 0.352888 0.329722 0.358303 0.329722 0.361011 0.331077 0.364621 0.331077 0.366426 0.332431 0.368231 0.332431 0.371841 0.335139 0.377256 0.335139 0.379061 0.336493 0.381769 0.337170 0.385379 0.337170 0.388087 0.337847 0.390794 0.339878 0.390794 0.340555 0.392599 0.341909 0.395307 0.342586 0.397112 0.343263 0.398014 0.343940 0.400722 0.346649 0.403430 0.348003 0.407040 0.347326 0.409747 0.348003 0.415162 0.350034 0.417870 0.352065 0.419675 0.352065 0.421480 0.354773 0.421480 0.356127 0.422383 0.357481 0.425090 0.359513 0.431408 0.363575 0.433213 0.363575 0.435018 0.364929 0.436823 0.363575 0.441336 0.364252 0.444946 0.367637 0.446751 0.368991 0.449458 0.368314 0.450361 0.371699 0.453069 0.375085 0.459386 0.376439 0.460289 0.378470 0.462996 0.380501 0.462996 0.381178 0.464801 0.382532 0.465704 0.382532 0.467509 0.383886 0.467509 0.388626 0.471119 0.391334 0.473827 0.390657 0.475632 0.393365 0.475632 0.395396 0.477437 0.396750 0.478339 0.399458 0.481047 0.400135 0.481949 0.405552 0.480144 0.406906 0.477437 0.406229 0.475632 0.407583 0.477437 0.409614 0.479242 0.409614 0.480144 0.406906 0.481949 0.405552 0.481949 0.409614 0.481047 0.410968 0.480144 0.412322 0.479242 0.412999 0.474729 0.415708 0.470217 0.415708 0.467509 0.417062 0.456679 0.416385 0.453971 0.416385 0.450361 0.418416 0.446751 0.419093 0.442238 0.418416 0.437726 0.417062 0.431408 0.417062 0.425993 0.415708 0.416968 0.415030 0.414260 0.415030 0.413357 0.415708 0.410650 0.415708 0.409747 0.415030 0.406137 0.415030 0.399819 0.409614 0.401625 0.408260 0.406137 0.407583 0.407942 0.408937 0.413357 0.408260 0.415162 0.409614 0.416968 0.408937 0.417870 0.407583 0.420578 0.404198 0.420578 0.402844 0.417870 0.399458 0.416065 0.398104 0.412455 0.390657 0.415162 0.388626 0.416968 0.385240 0.416968 0.383886 0.414260 0.381178 0.416968 0.377116 0.414260 0.375762 0.413357 0.376439 0.411552 0.376439 0.409747 0.374408 0.406137 0.374408 0.404332 0.375762 0.403430 0.378470 0.402527 0.375085 0.398917 0.374408 0.398014 0.378470 0.400722 0.381178 0.403430 0.382532 0.404332 0.388626 0.406137 0.390657 0.407942 0.392011 0.410650 0.390657 0.412455 0.390657 0.416065 0.398104 0.413357 0.399458 0.413357 0.401490 0.416065 0.403521 0.415162 0.404875 0.413357 0.405552 0.413357 0.408260 0.407942 0.408937 0.407942 0.406229 0.406137 0.407583 0.401625 0.408260 0.398014 0.408260 0.399819 0.409614 0.406137 0.415030 0.404332 0.416385 0.396209 0.417062 0.393502 0.416385 0.389892 0.418416 0.388087 0.419093 0.383574 0.418416 0.379964 0.417739 0.377256 0.416385 0.365523 0.413676 0.359206 0.412999 0.356498 0.412322 0.353791 0.411645 0.351083 0.410291 0.348375 0.409614 0.345668 0.408937 0.337545 0.408937 0.330325 0.407583 0.320397 0.408260 0.302347 0.407583 0.294224 0.406906 0.287906 0.405552 0.283394 0.404875 0.281588 0.404875 0.277076 0.405552 0.267148 0.404198 0.261733 0.404875 0.256318 0.404198 0.250903 0.403521 0.247292 0.402167 0.242780 0.402844 0.240072 0.404198 0.231949 0.406229 0.221119 0.406906 0.213899 0.409614 0.211191 0.410968 0.208484 0.412322 0.205776 0.414353 0.204874 0.415708 0.203971 0.417062 0.203069 0.419770 0.203069 0.425186 0.204874 0.427217 0.204874 0.429248 0.208484 0.431280 0.209386 0.433311 0.212094 0.433988 0.212996 0.436019 0.210289 0.438050 0.210289 0.440081 0.212996 0.441435 0.213899 0.443466 0.212996 0.444821 0.212094 0.445498 0.211191 0.445498 0.210289 0.446175 0.209386 0.448206 0.206679 0.450914 0.203971 0.451591 0.202166 0.450237 0.202166 0.449560 0.198556 0.450237 0.198556 0.450914 0.194946 0.451591 0.192238 0.452945 0.188628 0.452268 0.185921 0.453622 0.180505 0.453622 0.178700 0.454976 0.178700 0.456330 0.181408 0.459039 0.179603 0.459039 0.177798 0.457684 0.175993 0.459039 0.175993 0.460393 0.174188 0.461747 0.169675 0.461747 0.169675 0.460393 0.163357 0.459716 0.161552 0.461070 0.157040 0.461070 0.156137 0.458362 0.155235 0.457007 0.154332 0.456330 0.152527 0.454976 0.150722 0.453622 0.148917 0.453622 0.148014 0.456330 0.151625 0.457007 0.151625 0.459039 0.149819 0.460393 0.147112 0.461070 0.146209 0.460393 0.146209 0.457684 0.144404 0.459039 0.146209 0.460393 0.147112 0.461070 0.147112 0.461747 0.142599 0.462424 0.140794 0.461747 0.140794 0.456330 0.142599 0.454976 0.138989 0.454299 0.136282 0.452945 0.133574 0.452945 0.132671 0.456330 0.135379 0.457684 0.135379 0.459039 0.132671 0.459716 0.130866 0.461070 0.127256 0.459039 0.127256 0.457684 0.128159 0.454299 0.125451 0.450914 0.123646 0.447529 0.123646 0.444821 0.125451 0.436696 0.125451 0.431957 0.124549 0.429248 0.123646 0.427894 0.122744 0.426540 0.116426 0.419093 0.112816 0.415708 0.097473 0.404875 0.094765 0.402844 0.092058 0.398104 0.090253 0.396750 0.086643 0.394042 0.085740 0.393365 0.083032 0.392688 0.080325 0.390657 0.075812 0.390657 0.073105 0.389980 0.071300 0.389303 0.069495 0.388626 0.067690 0.387271 0.065884 0.386594 0.062274 0.385917 0.060469 0.384563 0.060469 0.381855 0.057762 0.379824 0.057762 0.378470 0.056859 0.377116 0.054152 0.375085 0.054152 0.373731 0.053249 0.372376 0.047834 0.368314 0.048736 0.366960 0.051444 0.366283 0.054152 0.364252 0.053249 0.361544 0.055957 0.361544 0.058664 0.360190 0.064079 0.357481 0.067690 0.356804 0.073105 0.353419 0.074910 0.352742 0.076715 0.352742 0.080325 0.350711 0.083935 0.350711 0.087545 0.348680 0.090253 0.349357 0.092058 0.348003 0.092960 0.345972 0.100181 0.343940 0.101986 0.342586 0.103791 0.341909 0.105596 0.341909 0.107401 0.341232 0.108303 0.340555 0.108303 0.339878 0.110108 0.338524 0.111913 0.337847 0.118231 0.335816 0.120939 0.335816 0.122744 0.335139 0.126354 0.333108 0.140794 0.329045 0.143502 0.328368 0.148014 0.327691 0.155235 0.327691 0.159747 0.326337 0.165162 0.325660 0.167870 0.326337 0.175993 0.324306 0.179603 0.324306 0.183213 0.323629 0.185921 0.322275 0.188628 0.321598 0.194043 0.320921 0.203069 0.319567 0.209386 0.319567 0.217509 0.318890 0.220217 0.317536 0.223827 0.318213 0.233755 0.316858 0.252708 0.316858
6 0.862816 0.509140 0.868231 0.511171 0.871841 0.512525 0.873646 0.513879 0.879061 0.518619 0.880866 0.520650 0.881769 0.522681 0.882671 0.524035 0.883574 0.524712 0.888087 0.527420 0.892599 0.530129 0.895307 0.530806 0.898014 0.532837 0.903430 0.537576 0.904332 0.538930 0.905235 0.540284 0.906137 0.543670 0.907040 0.545024 0.911552 0.548409 0.912455 0.549763 0.913357 0.551794 0.912455 0.555856 0.913357 0.559242 0.915162 0.560596 0.916968 0.561273 0.924188 0.561273 0.927798 0.560596 0.930505 0.559919 0.933213 0.558565 0.935921 0.558565 0.938628 0.559919 0.943141 0.559919 0.945848 0.561273 0.949458 0.563981 0.952166 0.567366 0.953069 0.570752 0.953971 0.572106 0.956679 0.574137 0.958484 0.574814 0.966606 0.574814 0.972022 0.576168 0.978339 0.576845 0.995487 0.576845 0.996390 0.577522 0.999097 0.577522 0.999097 0.860528 0.995487 0.861205 0.990072 0.862559 0.986462 0.863236 0.980144 0.863236 0.976534 0.863913 0.972924 0.864590 0.963899 0.867299 0.957581 0.868653 0.953069 0.869330 0.942238 0.870007 0.917870 0.870007 0.913357 0.869330 0.911552 0.868653 0.908845 0.867299 0.906137 0.865944 0.895307 0.857820 0.893502 0.855112 0.890794 0.852404 0.885379 0.848341 0.877256 0.842925 0.875451 0.841571 0.873646 0.838186 0.872744 0.834800 0.869134 0.832092 0.868231 0.830061 0.863718 0.826676 0.859206 0.819905 0.856498 0.815843 0.855596 0.813812 0.855596 0.806364 0.854693 0.802302 0.853791 0.798240 0.851083 0.796209 0.845668 0.792823 0.844765 0.791469 0.843863 0.790115 0.842960 0.786730 0.839350 0.783345 0.837545 0.781991 0.833935 0.781991 0.828520 0.779959 0.826715 0.778605 0.824910 0.776574 0.824007 0.774543 0.820397 0.771835 0.820397 0.771158 0.815884 0.767773 0.812274 0.765741 0.810469 0.764387 0.808664 0.761679 0.807762 0.758294 0.805054 0.755586 0.801444 0.752877 0.801444 0.751523 0.805957 0.751523 0.807762 0.750169 0.808664 0.748815 0.809567 0.748815 0.810469 0.746107 0.809567 0.745430 0.809567 0.743399 0.811372 0.740014 0.811372 0.735274 0.813177 0.732566 0.813177 0.719702 0.811372 0.706161 0.811372 0.704130 0.811372 0.697360 0.813177 0.695328 0.813177 0.692620 0.815884 0.689912 0.819495 0.689912 0.820397 0.691266 0.824007 0.691943 0.824007 0.693297 0.826715 0.695328 0.827617 0.697360 0.827617 0.702776 0.829422 0.704130 0.832130 0.702776 0.836643 0.700745 0.838448 0.700068 0.840253 0.700068 0.843863 0.702099 0.850181 0.702099 0.853791 0.701422 0.856498 0.700745 0.858303 0.699391 0.858303 0.697360 0.860108 0.696005 0.861011 0.693297 0.864621 0.693297 0.870036 0.689235 0.872744 0.688558 0.876354 0.685850 0.876354 0.685173 0.879964 0.682464 0.880866 0.682464 0.884477 0.679756 0.885379 0.678402 0.888087 0.673663 0.888087 0.672309 0.888087 0.668246 0.888989 0.669601 0.889892 0.670278 0.890794 0.670278 0.898014 0.668246 0.900722 0.667569 0.903430 0.666892 0.910650 0.667569 0.913357 0.666892 0.916968 0.664861 0.918773 0.664184 0.955776 0.674340 0.953971 0.675017 0.951264 0.672309 0.944946 0.672309 0.944043 0.674340 0.946751 0.676371 0.948556 0.676371 0.950361 0.677725 0.953971 0.675017 0.955776 0.674340 0.961191 0.677048 0.962996 0.677725 0.965704 0.678402 0.967509 0.677048 0.967509 0.675017 0.966606 0.673663 0.965704 0.672986 0.963899 0.672309 0.961191 0.672309 0.957581 0.672986 0.955776 0.674340 0.918773 0.664184 0.920578 0.658768 0.919675 0.657414 0.918773 0.656737 0.916968 0.656060 0.915162 0.655383 0.911552 0.654705 0.907040 0.654705 0.906137 0.652674 0.907942 0.650643 0.907040 0.649289 0.906137 0.647258 0.906137 0.641842 0.903430 0.637779 0.903430 0.633040 0.902527 0.630332 0.901625 0.628301 0.900722 0.626947 0.896209 0.623561 0.891697 0.623561 0.889892 0.622884 0.888087 0.622207 0.885379 0.619499 0.884477 0.618822 0.882671 0.618145 0.880866 0.618145 0.878159 0.615437 0.873646 0.614083 0.869134 0.612051 0.866426 0.610020 0.864621 0.609343 0.862816 0.608666 0.860108 0.608666 0.853791 0.609343 0.849278 0.607312 0.842960 0.607989 0.840253 0.607989 0.838448 0.607312 0.833935 0.605281 0.831227 0.603927 0.825812 0.599865 0.824910 0.597833 0.824910 0.595125 0.826715 0.593094 0.826715 0.589032 0.827617 0.586324 0.828520 0.584292 0.829422 0.582261 0.831227 0.580230 0.834838 0.579553 0.839350 0.578199 0.841155 0.577522 0.842960 0.576168 0.842960 0.574814 0.841155 0.572106 0.840253 0.570752 0.839350 0.570074 0.835740 0.567366 0.833935 0.566012 0.828520 0.563981 0.824007 0.562627 0.820397 0.561950 0.808664 0.561273 0.790614 0.561273 0.782491 0.561950 0.774368 0.562627 0.770758 0.563981 0.767148 0.563304 0.763538 0.564658 0.760830 0.564658 0.750903 0.563981 0.749097 0.566012 0.747292 0.566012 0.747292 0.564658 0.746390 0.563981 0.746390 0.561950 0.747292 0.557211 0.750000 0.550440 0.750903 0.549086 0.753610 0.547055 0.758123 0.545024 0.762635 0.543670 0.765343 0.541638 0.767148 0.540961 0.774368 0.539607 0.777978 0.538930 0.780686 0.536222 0.781588 0.535545 0.788809 0.532160 0.790614 0.531483 0.794224 0.530806 0.797834 0.528097 0.799639 0.527420 0.804152 0.526743 0.807762 0.524712 0.814079 0.523358 0.815884 0.522681 0.817690 0.522004 0.819495 0.520650 0.823105 0.519973 0.827617 0.516588 0.829422 0.515911 0.833935 0.515911 0.836643 0.515234 0.839350 0.514557 0.841155 0.513879 0.843863 0.511848 0.848375 0.511171 0.852888 0.509140 0.862816 0.509140
6 0.448556 0.148274 0.449458 0.148951 0.451264 0.148951 0.456679 0.148274 0.457581 0.148951 0.462996 0.148951 0.469314 0.150305 0.472022 0.150982 0.483755 0.155721 0.486462 0.156398 0.490072 0.156398 0.493682 0.159106 0.498195 0.160460 0.500903 0.162492 0.504513 0.163169 0.509025 0.164523 0.512635 0.165200 0.518051 0.165200 0.527978 0.167908 0.528881 0.203791 0.518051 0.203114 0.515343 0.205146 0.517148 0.211239 0.517148 0.215978 0.521661 0.215978 0.522563 0.214624 0.522563 0.209208 0.523466 0.207177 0.526173 0.206500 0.527076 0.208531 0.528881 0.209885 0.529783 0.208531 0.530686 0.207854 0.530686 0.205146 0.528881 0.203791 0.527978 0.167908 0.530686 0.167908 0.531588 0.167231 0.534296 0.167231 0.544224 0.167908 0.547834 0.165200 0.552347 0.164523 0.555054 0.162492 0.555054 0.161814 0.556859 0.160460 0.558664 0.159783 0.561372 0.159106 0.566787 0.158429 0.570397 0.160460 0.572202 0.161137 0.574007 0.161814 0.578520 0.163169 0.583032 0.163169 0.585740 0.164523 0.588448 0.165200 0.594765 0.165200 0.600181 0.165877 0.604693 0.167231 0.608303 0.167231 0.609206 0.166554 0.612816 0.166554 0.621841 0.167908 0.631769 0.167231 0.638087 0.166554 0.642599 0.164523 0.647112 0.164523 0.649819 0.163169 0.654332 0.163169 0.658845 0.161137 0.662455 0.160460 0.666065 0.160460 0.668773 0.159106 0.671480 0.158429 0.675993 0.157752 0.684116 0.158429 0.688628 0.156398 0.693141 0.156398 0.695848 0.157075 0.697653 0.157752 0.699458 0.159106 0.701264 0.159783 0.703971 0.159783 0.706679 0.160460 0.711191 0.163169 0.713899 0.163846 0.716606 0.163846 0.718412 0.165200 0.719314 0.167231 0.721119 0.168585 0.722924 0.169262 0.725632 0.169939 0.735560 0.171293 0.738267 0.171970 0.744585 0.176710 0.747292 0.177387 0.749097 0.178741 0.750000 0.180772 0.750903 0.183480 0.751805 0.188219 0.751805 0.194313 0.750903 0.210562 0.750000 0.218009 0.748195 0.221395 0.748195 0.224780 0.743682 0.226134 0.740072 0.228842 0.738267 0.230873 0.738267 0.231550 0.737365 0.232227 0.736462 0.232227 0.734657 0.233582 0.731949 0.234259 0.727437 0.234259 0.724729 0.235613 0.720217 0.235613 0.718412 0.236967 0.717509 0.239675 0.716606 0.241029 0.711191 0.241029 0.704874 0.241706 0.701264 0.244414 0.697653 0.245091 0.690433 0.245091 0.685921 0.247800 0.684116 0.248477 0.680505 0.248477 0.676895 0.249831 0.673285 0.249154 0.665162 0.249831 0.657040 0.250508 0.654332 0.251862 0.649819 0.252539 0.647112 0.252539 0.642599 0.253216 0.640794 0.254570 0.638989 0.255247 0.631769 0.255924 0.624549 0.256601 0.618231 0.256601 0.610108 0.257278 0.607401 0.258632 0.594765 0.259309 0.579422 0.259309 0.575812 0.260664 0.534296 0.259986 0.529783 0.260664 0.527978 0.260664 0.516245 0.259986 0.510830 0.257955 0.506318 0.257278 0.499097 0.256601 0.494585 0.257278 0.492780 0.257278 0.490072 0.255924 0.487365 0.256601 0.484657 0.255247 0.485560 0.252539 0.484657 0.251185 0.481949 0.249154 0.478339 0.249831 0.470217 0.249154 0.468412 0.249831 0.464801 0.251862 0.463899 0.252539 0.462996 0.254570 0.459386 0.252539 0.457581 0.252539 0.455776 0.251185 0.453069 0.251185 0.448556 0.251862 0.442238 0.249831 0.436823 0.249154 0.424188 0.248477 0.418773 0.247800 0.412455 0.245768 0.408845 0.245091 0.403430 0.245091 0.399819 0.242383 0.397112 0.242383 0.394404 0.241029 0.391697 0.240352 0.388087 0.236290 0.387184 0.235613 0.385379 0.234936 0.379061 0.234936 0.375451 0.233582 0.370939 0.233582 0.368231 0.232905 0.364621 0.230196 0.358303 0.224780 0.357401 0.222749 0.356498 0.219364 0.353791 0.216655 0.353791 0.204469 0.354693 0.201083 0.355596 0.198375 0.356498 0.196344 0.359206 0.190928 0.360108 0.189573 0.365523 0.186188 0.366426 0.185511 0.367329 0.184157 0.367329 0.182803 0.368231 0.181449 0.369134 0.180772 0.373646 0.178064 0.373646 0.177387 0.378159 0.174001 0.383574 0.170616 0.387184 0.169262 0.391697 0.165877 0.393502 0.165200 0.395307 0.165200 0.397112 0.164523 0.399819 0.162492 0.401625 0.162492 0.403430 0.161814 0.407942 0.158429 0.416065 0.155044 0.418773 0.154367 0.424188 0.154367 0.427798 0.153690 0.430505 0.151659 0.433213 0.150982 0.437726 0.149628 0.444043 0.149628 0.446751 0.148274 0.448556 0.148274
6 0.997292 0.406229 0.988267 0.406906 0.984657 0.407583 0.980144 0.410291 0.978339 0.410291 0.976534 0.411645 0.974729 0.412322 0.971119 0.412322 0.969314 0.412999 0.967509 0.414353 0.963899 0.417739 0.961191 0.417739 0.961191 0.419093 0.959386 0.420447 0.956679 0.419770 0.955776 0.418416 0.953971 0.417739 0.952166 0.417739 0.950361 0.416385 0.944043 0.417062 0.942238 0.416385 0.944043 0.417062 0.944043 0.419770 0.944946 0.421124 0.950361 0.420447 0.952166 0.421801 0.951264 0.428571 0.951264 0.430603 0.953069 0.431957 0.954874 0.432634 0.958484 0.432634 0.961191 0.433988 0.964801 0.433988 0.968412 0.435342 0.974729 0.436019 0.981047 0.436696 0.990072 0.437373 0.994585 0.436696 0.995487 0.437373 0.999097 0.437373 0.999097 0.406229 0.997292 0.406229
6 0.979242 0.268111 0.980144 0.269465 0.982852 0.268788 0.982852 0.266757 0.979242 0.268111
6 0.965704 0.262018 0.967509 0.262695 0.968412 0.263372 0.969314 0.264726 0.969314 0.272173 0.968412 0.273527 0.967509 0.274882 0.965704 0.276236 0.963899 0.276236 0.962094 0.276913 0.961191 0.277590 0.960289 0.278944 0.957581 0.283683 0.958484 0.287068 0.957581 0.288422 0.954874 0.290454 0.959386 0.294516 0.962996 0.296547 0.967509 0.297224 0.967509 0.299932 0.968412 0.302640 0.969314 0.303995 0.971119 0.305349 0.972022 0.305349 0.973827 0.306703 0.974729 0.310088 0.973827 0.313473 0.972924 0.313473 0.968412 0.313473 0.970217 0.314827 0.972924 0.313473 0.973827 0.313473 0.974729 0.314827 0.978339 0.315504 0.980144 0.314150 0.982852 0.317536 0.982852 0.322275 0.981047 0.324983 0.983755 0.327014 0.984657 0.329045 0.983755 0.330399 0.980144 0.331077 0.973827 0.330399 0.971119 0.329045 0.965704 0.329045 0.968412 0.328368 0.970217 0.327014 0.970217 0.324983 0.972924 0.327691 0.974729 0.327014 0.975632 0.327014 0.976534 0.326337 0.977437 0.324983 0.978339 0.322275 0.973827 0.318890 0.971119 0.320921 0.968412 0.320921 0.965704 0.319567 0.960289 0.318890 0.961191 0.316181 0.962996 0.315504 0.963899 0.315504 0.964801 0.312119 0.963899 0.310765 0.963899 0.306703 0.962094 0.305349 0.960289 0.304672 0.957581 0.304672 0.955776 0.305349 0.954874 0.307380 0.956679 0.308734 0.956679 0.310088 0.956679 0.312796 0.953971 0.314150 0.955776 0.315504 0.961191 0.316181 0.960289 0.318890 0.957581 0.318890 0.953971 0.321598 0.953971 0.324306 0.947653 0.324306 0.944946 0.325660 0.942238 0.326337 0.938628 0.326337 0.936823 0.327691 0.935018 0.328368 0.923285 0.329045 0.919675 0.331077 0.916065 0.331754 0.913357 0.333785 0.911552 0.334462 0.905235 0.335816 0.903430 0.337170 0.900722 0.337170 0.898917 0.337847 0.897112 0.338524 0.892599 0.341232 0.889892 0.341232 0.887184 0.343263 0.887184 0.343940 0.884477 0.345972 0.885379 0.350034 0.887184 0.351388 0.888087 0.351388 0.890794 0.353419 0.892599 0.356804 0.894404 0.358158 0.897112 0.358835 0.901625 0.358835 0.904332 0.359513 0.906137 0.360867 0.907040 0.363575 0.907942 0.364929 0.911552 0.367637 0.911552 0.368991 0.910650 0.370345 0.908845 0.372376 0.907040 0.373731 0.906137 0.373731 0.905235 0.374408 0.904332 0.375762 0.903430 0.378470 0.902527 0.379824 0.900722 0.381855 0.897112 0.384563 0.897112 0.386594 0.896209 0.388626 0.892599 0.390657 0.891697 0.391334 0.890794 0.392688 0.890794 0.394042 0.891697 0.400135 0.892599 0.402167 0.893502 0.404198 0.895307 0.405552 0.898014 0.406229 0.900722 0.408260 0.902527 0.408260 0.907040 0.411645 0.910650 0.413676 0.919675 0.413676 0.921480 0.415030 0.921480 0.415708 0.923285 0.417062 0.925090 0.417062 0.926895 0.415708 0.930505 0.417739 0.928700 0.419093 0.925993 0.419770 0.927798 0.421124 0.928700 0.419093 0.930505 0.417739 0.932310 0.417739 0.934116 0.416385 0.935921 0.416385 0.937726 0.417739 0.941336 0.417739 0.941336 0.422478 0.942238 0.423832 0.943141 0.425186 0.944946 0.426540 0.945848 0.426540 0.947653 0.427894 0.943141 0.427894 0.942238 0.428571 0.937726 0.428571 0.935921 0.427217 0.936823 0.425863 0.936823 0.425186 0.940433 0.424509 0.942238 0.423155 0.936823 0.421801 0.936823 0.421124 0.935018 0.419770 0.932310 0.421801 0.931408 0.421801 0.928700 0.423832 0.933213 0.426540 0.929603 0.427217 0.928700 0.426540 0.924188 0.427217 0.923285 0.423155 0.920578 0.421124 0.916968 0.420447 0.906137 0.420447 0.901625 0.419770 0.899819 0.419093 0.896209 0.417062 0.894404 0.416385 0.888989 0.415708 0.886282 0.413676 0.883574 0.412999 0.880866 0.412322 0.876354 0.412322 0.875451 0.410968 0.875451 0.409614 0.873646 0.408260 0.871841 0.407583 0.869134 0.406906 0.863718 0.406906 0.861011 0.406229 0.858303 0.404875 0.855596 0.404875 0.852888 0.404198 0.851083 0.403521 0.844765 0.400812 0.841155 0.398104 0.839350 0.397427 0.834838 0.396750 0.829422 0.394719 0.824910 0.391334 0.823105 0.390657 0.815884 0.389303 0.814079 0.388626 0.809567 0.385240 0.806859 0.384563 0.803249 0.381855 0.799639 0.381178 0.797834 0.379824 0.797834 0.379147 0.795126 0.377116 0.792419 0.375762 0.789711 0.375085 0.787004 0.373731 0.782491 0.370345 0.779783 0.366283 0.777978 0.362221 0.777076 0.360867 0.775271 0.359513 0.774368 0.358158 0.773466 0.354773 0.771661 0.348003 0.770758 0.343263 0.770758 0.329722 0.771661 0.327014 0.772563 0.324306 0.773466 0.322275 0.774368 0.320244 0.779783 0.312119 0.782491 0.308734 0.785199 0.306026 0.788809 0.302640 0.798736 0.295193 0.802347 0.293839 0.806859 0.290454 0.809567 0.289777 0.814982 0.285714 0.821300 0.283006 0.823105 0.282329 0.825812 0.281652 0.829422 0.280975 0.833032 0.280298 0.839350 0.280298 0.842960 0.280975 0.843863 0.283006 0.846570 0.287068 0.850181 0.291808 0.854693 0.295193 0.860108 0.298578 0.862816 0.299932 0.867329 0.301963 0.869134 0.302640 0.871841 0.303318 0.874549 0.303995 0.882671 0.305349 0.891697 0.306026 0.905235 0.306703 0.912455 0.306703 0.916968 0.305349 0.918773 0.304672 0.922383 0.301963 0.925993 0.297901 0.926895 0.296547 0.927798 0.294516 0.927798 0.287745 0.926895 0.283006 0.925993 0.280298 0.920578 0.270819 0.920578 0.268788 0.919675 0.268111 0.919675 0.266757 0.922383 0.265403 0.924188 0.264726 0.934116 0.264726 0.938628 0.263372 0.946751 0.264049 0.951264 0.264049 0.953971 0.262018 0.965704 0.262018
6 0.883574 0.264049 0.879061 0.265403 0.875451 0.266757 0.867329 0.268111 0.860108 0.270819 0.856498 0.273527 0.853791 0.274204 0.851986 0.274882 0.851083 0.275559 0.850181 0.276913 0.849278 0.278267 0.849278 0.283683 0.850181 0.285714 0.851083 0.287068 0.856498 0.291808 0.864621 0.297901 0.868231 0.299932 0.870939 0.300609 0.873646 0.300609 0.876354 0.301963 0.880866 0.302640 0.884477 0.303318 0.897112 0.303995 0.908845 0.303995 0.913357 0.303318 0.916065 0.302640 0.919675 0.300609 0.923285 0.297901 0.924188 0.296547 0.925090 0.293162 0.925090 0.285714 0.924188 0.281652 0.921480 0.278267 0.920578 0.274882 0.919675 0.273527 0.915162 0.270142 0.911552 0.268111 0.908845 0.267434 0.904332 0.266080 0.901625 0.265403 0.898917 0.264726 0.890794 0.264049 0.883574 0.264049
