0 0.480392 0.082353 0.486275 0.083333 0.488235 0.085294 0.493137 0.084314 0.495098 0.085294 0.497059 0.085294 0.498039 0.089216 0.499020 0.092157 0.500000 0.095098 0.501961 0.097059 0.502941 0.107843 0.500980 0.107843 0.499020 0.109804 0.499020 0.111765 0.500980 0.113725 0.503922 0.112745 0.505882 0.110784 0.504902 0.108824 0.502941 0.107843 0.501961 0.097059 0.504902 0.094118 0.508824 0.097059 0.510784 0.096078 0.512745 0.094118 0.514706 0.096078 0.514706 0.097059 0.517647 0.099020 0.515686 0.101961 0.515686 0.103922 0.519608 0.104902 0.523529 0.100000 0.527451 0.100000 0.531373 0.100980 0.542157 0.103922 0.545098 0.104902 0.547059 0.106863 0.550000 0.107843 0.558824 0.108824 0.561765 0.109804 0.567647 0.113725 0.571569 0.115686 0.576471 0.116667 0.578431 0.118627 0.580392 0.119608 0.583333 0.120588 0.587255 0.120588 0.594118 0.123529 0.603922 0.124510 0.638235 0.124510 0.648039 0.125490 0.656863 0.126471 0.661765 0.127451 0.665686 0.128431 0.668627 0.129412 0.674510 0.132353 0.677451 0.133333 0.682353 0.134314 0.688235 0.135294 0.705882 0.135294 0.715686 0.136275 0.718627 0.137255 0.724510 0.140196 0.727451 0.141176 0.731373 0.141176 0.738235 0.144118 0.743137 0.147059 0.747059 0.149020 0.751961 0.153922 0.755882 0.155882 0.765686 0.166667 0.771569 0.173529 0.775490 0.178431 0.779412 0.183333 0.780392 0.186275 0.785294 0.192157 0.787255 0.195098 0.790196 0.201961 0.795098 0.208824 0.796078 0.210784 0.796078 0.212745 0.797059 0.214706 0.801961 0.219608 0.807843 0.227451 0.810784 0.231373 0.811765 0.233333 0.811765 0.235294 0.812745 0.237255 0.816667 0.244118 0.820588 0.248039 0.820588 0.250980 0.824510 0.254902 0.826471 0.257843 0.829412 0.263725 0.829412 0.267647 0.834314 0.276471 0.837255 0.278431 0.841176 0.283333 0.844118 0.290196 0.850000 0.296078 0.853922 0.299020 0.855882 0.299020 0.862745 0.303922 0.871569 0.307843 0.876471 0.310784 0.878431 0.312745 0.879412 0.312745 0.880392 0.313725 0.883333 0.317647 0.884314 0.320588 0.887255 0.322549 0.888235 0.324510 0.888235 0.326471 0.890196 0.329412 0.891176 0.332353 0.891176 0.335294 0.890196 0.336275 0.890196 0.340196 0.889216 0.342157 0.887255 0.343137 0.885294 0.343137 0.883333 0.344118 0.882353 0.346078 0.873529 0.350980 0.871569 0.351961 0.869608 0.351961 0.867647 0.352941 0.865686 0.354902 0.863725 0.355882 0.861765 0.355882 0.857843 0.358824 0.852941 0.359804 0.849020 0.362745 0.845098 0.363725 0.843137 0.365686 0.841176 0.366667 0.835294 0.367647 0.832353 0.369608 0.829412 0.370588 0.826471 0.371569 0.823529 0.371569 0.817647 0.374510 0.813725 0.374510 0.799020 0.379412 0.791176 0.382353 0.785294 0.385294 0.781373 0.387255 0.778431 0.390196 0.774510 0.391176 0.772549 0.393137 0.770588 0.394118 0.767647 0.395098 0.764706 0.396078 0.757843 0.397059 0.754902 0.399020 0.751961 0.399020 0.749020 0.400980 0.745098 0.401961 0.739216 0.402941 0.724510 0.402941 0.721569 0.401961 0.718627 0.401961 0.715686 0.405882 0.710784 0.405882 0.708824 0.407843 0.702941 0.408824 0.697059 0.408824 0.689216 0.411765 0.682353 0.411765 0.675490 0.413725 0.669608 0.414706 0.667647 0.414706 0.663725 0.413725 0.661765 0.404902 0.662745 0.401961 0.661765 0.400000 0.659804 0.398039 0.656863 0.398039 0.654902 0.400000 0.649020 0.400000 0.647059 0.398039 0.643137 0.398039 0.641176 0.400000 0.641176 0.401961 0.643137 0.403922 0.646078 0.403922 0.648039 0.401961 0.649020 0.400000 0.654902 0.400000 0.657843 0.403922 0.659804 0.404902 0.661765 0.404902 0.663725 0.413725 0.656863 0.414706 0.653922 0.416667 0.651961 0.415686 0.649020 0.414706 0.643137 0.414706 0.642157 0.415686 0.636275 0.415686 0.631373 0.412745 0.624510 0.411765 0.618627 0.411765 0.615686 0.409804 0.611765 0.408824 0.605882 0.407843 0.601961 0.403922 0.601961 0.400980 0.600980 0.399020 0.600000 0.397059 0.605882 0.389216 0.608824 0.389216 0.609804 0.387255 0.614706 0.389216 0.617647 0.387255 0.621569 0.389216 0.623529 0.389216 0.626471 0.386275 0.630392 0.387255 0.632353 0.386275 0.634314 0.384314 0.648039 0.369608 0.641176 0.370588 0.639216 0.368627 0.637255 0.368627 0.632353 0.370588 0.630392 0.371569 0.633333 0.375490 0.639216 0.375490 0.641176 0.374510 0.641176 0.370588 0.648039 0.369608 0.650000 0.370588 0.652941 0.374510 0.654902 0.373529 0.652941 0.368627 0.648039 0.369608 0.634314 0.384314 0.623529 0.384314 0.618627 0.382353 0.611765 0.384314 0.604902 0.384314 0.603922 0.387255 0.605882 0.389216 0.600000 0.397059 0.596078 0.396078 0.594118 0.398039 0.593137 0.400000 0.593137 0.403922 0.592157 0.405882 0.587255 0.404902 0.578431 0.404902 0.571569 0.403922 0.567647 0.401961 0.562745 0.400980 0.550980 0.400980 0.545098 0.401961 0.541176 0.403922 0.532353 0.404902 0.528431 0.406863 0.523529 0.407843 0.518627 0.408824 0.505882 0.409804 0.488235 0.409804 0.482353 0.408824 0.477451 0.407843 0.474510 0.406863 0.471569 0.405882 0.469608 0.404902 0.463725 0.400000 0.457843 0.394118 0.452941 0.387255 0.450980 0.385294 0.447059 0.383333 0.444118 0.380392 0.434314 0.373529 0.427451 0.369608 0.425490 0.369608 0.420588 0.365686 0.418627 0.364706 0.414706 0.363725 0.410784 0.361765 0.406863 0.358824 0.400980 0.352941 0.394118 0.348039 0.391176 0.345098 0.391176 0.344118 0.388235 0.341176 0.380392 0.334314 0.377451 0.333333 0.374510 0.330392 0.371569 0.328431 0.365686 0.325490 0.360784 0.322549 0.356863 0.318627 0.352941 0.317647 0.349020 0.314706 0.344118 0.309804 0.337255 0.301961 0.334314 0.296078 0.330392 0.292157 0.328431 0.288235 0.327451 0.284314 0.326471 0.282353 0.323529 0.279412 0.322549 0.277451 0.320588 0.272549 0.319608 0.269608 0.316667 0.255882 0.316667 0.246078 0.317647 0.235294 0.320588 0.228431 0.320588 0.222549 0.323529 0.213725 0.323529 0.207843 0.324510 0.203922 0.326471 0.200980 0.327451 0.196078 0.327451 0.191176 0.328431 0.186275 0.329412 0.182353 0.332353 0.174510 0.333333 0.172549 0.336275 0.170588 0.336275 0.168627 0.338235 0.166667 0.338235 0.163725 0.343137 0.154902 0.344118 0.150000 0.345098 0.148039 0.348039 0.143137 0.350000 0.141176 0.350980 0.141176 0.354902 0.138235 0.356863 0.136275 0.356863 0.135294 0.359804 0.132353 0.360784 0.129412 0.364706 0.126471 0.366667 0.126471 0.371569 0.123529 0.381373 0.113725 0.387255 0.108824 0.397059 0.104902 0.399020 0.103922 0.400980 0.101961 0.404902 0.096078 0.405882 0.095098 0.407843 0.094118 0.410784 0.093137 0.414706 0.090196 0.416667 0.089216 0.421569 0.087255 0.425490 0.086275 0.430392 0.087255 0.433333 0.085294 0.439216 0.086275 0.440196 0.084314 0.443137 0.084314 0.444118 0.083333 0.450000 0.084314 0.453922 0.082353 0.465686 0.081373 0.470588 0.085294 0.468627 0.087255 0.468627 0.089216 0.470588 0.091176 0.472549 0.092157 0.474510 0.089216 0.473529 0.087255 0.472549 0.086275 0.470588 0.085294 0.465686 0.081373 0.480392 0.082353
4 0.328431 0.035294 0.320588 0.036275 0.317647 0.037255 0.314706 0.038235 0.312745 0.039216 0.307843 0.043137 0.299020 0.046078 0.281373 0.054902 0.275490 0.059804 0.272549 0.062745 0.272549 0.063725 0.270588 0.065686 0.263725 0.068627 0.251961 0.076471 0.249020 0.080392 0.248039 0.081373 0.246078 0.082353 0.240196 0.083333 0.237255 0.084314 0.235294 0.085294 0.231373 0.089216 0.229412 0.092157 0.227451 0.095098 0.220588 0.106863 0.219608 0.108824 0.218627 0.110784 0.217647 0.113725 0.217647 0.116667 0.214706 0.122549 0.213725 0.127451 0.213725 0.139216 0.214706 0.155882 0.215686 0.169608 0.216667 0.178431 0.217647 0.186275 0.218627 0.191176 0.219608 0.195098 0.220588 0.198039 0.222549 0.201961 0.223529 0.204902 0.227451 0.208824 0.229412 0.211765 0.230392 0.213725 0.230392 0.216667 0.232353 0.220588 0.235294 0.224510 0.240196 0.228431 0.242157 0.229412 0.244118 0.230392 0.247059 0.230392 0.250000 0.233333 0.250980 0.238235 0.251961 0.240196 0.257843 0.246078 0.259804 0.248039 0.264706 0.250980 0.267647 0.254902 0.270588 0.255882 0.275490 0.261765 0.276471 0.262745 0.279412 0.263725 0.282353 0.267647 0.287255 0.271569 0.289216 0.271569 0.294118 0.276471 0.299020 0.280392 0.301961 0.281373 0.304902 0.282353 0.309804 0.283333 0.313725 0.284314 0.316667 0.282353 0.317647 0.280392 0.317647 0.278431 0.314706 0.273529 0.314706 0.269608 0.312745 0.266667 0.312745 0.257843 0.311765 0.256863 0.311765 0.249020 0.312745 0.234314 0.313725 0.227451 0.314706 0.220588 0.317647 0.217647 0.317647 0.210784 0.318627 0.204902 0.321569 0.200000 0.322549 0.197059 0.322549 0.193137 0.325490 0.187255 0.325490 0.180392 0.326471 0.175490 0.329412 0.171569 0.330392 0.166667 0.333333 0.163725 0.334314 0.161765 0.334314 0.159804 0.335294 0.157843 0.341176 0.150000 0.342157 0.148039 0.343137 0.143137 0.345098 0.140196 0.350000 0.135294 0.350000 0.134314 0.353922 0.130392 0.357843 0.128431 0.361765 0.123529 0.364706 0.122549 0.365686 0.121569 0.368627 0.117647 0.371569 0.115686 0.372549 0.115686 0.373529 0.114706 0.375490 0.109804 0.375490 0.103922 0.375490 0.101961 0.374510 0.100980 0.374510 0.098039 0.376471 0.094118 0.379412 0.094118 0.384314 0.092157 0.388235 0.090196 0.392157 0.087255 0.394118 0.086275 0.397059 0.085294 0.404902 0.084314 0.407843 0.082353 0.412745 0.081373 0.416667 0.080392 0.422549 0.079412 0.436275 0.078431 0.450000 0.078431 0.455882 0.076471 0.462745 0.076471 0.466667 0.074510 0.470588 0.074510 0.471569 0.073529 0.473529 0.072549 0.472549 0.070588 0.471569 0.068627 0.467647 0.063725 0.465686 0.062745 0.462745 0.062745 0.459804 0.061765 0.455882 0.059804 0.453922 0.058824 0.452941 0.057843 0.452941 0.056863 0.450980 0.054902 0.449020 0.053922 0.447059 0.052941 0.445098 0.052941 0.443137 0.051961 0.441176 0.050000 0.439216 0.050000 0.437255 0.048039 0.435294 0.047059 0.429412 0.046078 0.426471 0.045098 0.421569 0.043137 0.416667 0.040196 0.408824 0.037255 0.400980 0.036275 0.399020 0.036275 0.391176 0.037255 0.388235 0.039216 0.381373 0.041176 0.362745 0.041176 0.358824 0.039216 0.343137 0.036275 0.333333 0.035294 0.328431 0.035294
4 0.228431 0.997059 0.228431 0.999020 0.231373 0.999020 0.231373 0.997059 0.228431 0.997059
4 0.219608 0.972549 0.219608 0.974510 0.221569 0.973529 0.219608 0.972549
4 0.820588 0.876471 0.818627 0.877451 0.814706 0.880392 0.813725 0.887255 0.819608 0.889216 0.826471 0.889216 0.825490 0.876471 0.820588 0.876471
4 0.169608 0.741176 0.169608 0.743137 0.169608 0.747059 0.170588 0.745098 0.169608 0.741176
4 0.220588 0.715686 0.219608 0.717647 0.218627 0.719608 0.218627 0.725490 0.219608 0.733333 0.221569 0.732353 0.221569 0.730392 0.220588 0.729412 0.220588 0.727451 0.222549 0.722549 0.224510 0.720588 0.223529 0.716667 0.220588 0.715686
4 0.224510 0.703922 0.225490 0.706863 0.227451 0.708824 0.230392 0.707843 0.230392 0.703922 0.228431 0.701961 0.224510 0.703922
4 0.184314 0.700000 0.187255 0.701961 0.187255 0.700000 0.186275 0.698039 0.184314 0.700000
4 0.243137 0.667647 0.242157 0.669608 0.241176 0.672549 0.234314 0.673529 0.234314 0.679412 0.235294 0.680392 0.235294 0.685294 0.233333 0.688235 0.233333 0.692157 0.237255 0.693137 0.236275 0.682353 0.236275 0.680392 0.238235 0.677451 0.240196 0.674510 0.243137 0.676471 0.245098 0.676471 0.243137 0.667647
4 0.266667 0.607843 0.264706 0.608824 0.263725 0.612745 0.264706 0.614706 0.268627 0.614706 0.271569 0.611765 0.271569 0.608824 0.269608 0.608824 0.268627 0.607843 0.266667 0.607843
4 0.248039 0.603922 0.244118 0.606863 0.247059 0.607843 0.248039 0.603922
4 0.263725 0.584314 0.256863 0.592157 0.258824 0.593137 0.262745 0.593137 0.264706 0.591176 0.263725 0.584314
4 0.313725 0.567647 0.312745 0.570588 0.312745 0.573529 0.313725 0.575490 0.313725 0.567647
4 0.278431 0.567647 0.277451 0.571569 0.272549 0.576471 0.274510 0.577451 0.279412 0.577451 0.280392 0.575490 0.278431 0.567647
4 0.293137 0.555882 0.293137 0.556863 0.291176 0.558824 0.290196 0.558824 0.288235 0.560784 0.291176 0.561765 0.293137 0.561765 0.295098 0.560784 0.295098 0.554902 0.293137 0.555882
4 0.345098 0.548039 0.345098 0.550980 0.348039 0.548039 0.345098 0.548039
4 0.309804 0.541176 0.305882 0.545098 0.307843 0.546078 0.311765 0.545098 0.311765 0.541176 0.309804 0.541176
4 0.359804 0.536275 0.359804 0.541176 0.361765 0.540196 0.362745 0.536275 0.359804 0.536275
4 0.367647 0.531373 0.367647 0.533333 0.369608 0.533333 0.367647 0.531373
4 0.352941 0.513725 0.359804 0.512745 0.357843 0.510784 0.352941 0.513725
4 0.665686 0.481373 0.667647 0.482353 0.669608 0.483333 0.673529 0.487255 0.676471 0.492157 0.682353 0.498039 0.685294 0.499020 0.688235 0.501961 0.688235 0.503922 0.689216 0.505882 0.691176 0.506863 0.692157 0.508824 0.694118 0.511765 0.695098 0.513725 0.697059 0.521569 0.698039 0.524510 0.701961 0.528431 0.701961 0.530392 0.702941 0.532353 0.711765 0.541176 0.715686 0.544118 0.718627 0.545098 0.719608 0.546078 0.720588 0.549020 0.722549 0.550980 0.723529 0.552941 0.724510 0.554902 0.726471 0.559804 0.727451 0.566667 0.730392 0.571569 0.731373 0.574510 0.732353 0.581373 0.733333 0.581373 0.734314 0.584314 0.736275 0.586275 0.736275 0.588235 0.739216 0.591176 0.738235 0.597059 0.739216 0.603922 0.742157 0.605882 0.743137 0.606863 0.744118 0.609804 0.748039 0.607843 0.750980 0.603922 0.753922 0.606863 0.752941 0.608824 0.752941 0.610784 0.756863 0.614706 0.762745 0.618627 0.763725 0.618627 0.764706 0.619608 0.765686 0.621569 0.766667 0.626471 0.764706 0.630392 0.760784 0.634314 0.758824 0.637255 0.757843 0.639216 0.758824 0.641176 0.757843 0.643137 0.754902 0.646078 0.752941 0.646078 0.750980 0.648039 0.736275 0.649020 0.733333 0.647059 0.730392 0.647059 0.727451 0.649020 0.723529 0.649020 0.721569 0.650980 0.720588 0.653922 0.717647 0.651961 0.715686 0.651961 0.712745 0.652941 0.710784 0.655882 0.707843 0.657843 0.707843 0.660784 0.705882 0.662745 0.705882 0.665686 0.707843 0.667647 0.709804 0.668627 0.710784 0.670588 0.711765 0.672549 0.711765 0.678431 0.713725 0.680392 0.713725 0.684314 0.714706 0.688235 0.717647 0.691176 0.717647 0.694118 0.719608 0.696078 0.719608 0.698039 0.719608 0.702941 0.719608 0.704902 0.717647 0.709804 0.715686 0.711765 0.714706 0.714706 0.713725 0.717647 0.713725 0.720588 0.712745 0.723529 0.709804 0.729412 0.709804 0.734314 0.708824 0.736275 0.707843 0.738235 0.701961 0.744118 0.698039 0.746078 0.696078 0.748039 0.695098 0.751961 0.692157 0.752941 0.690196 0.754902 0.688235 0.755882 0.685294 0.756863 0.680392 0.756863 0.675490 0.757843 0.672549 0.759804 0.662745 0.759804 0.657843 0.761765 0.650980 0.761765 0.646078 0.759804 0.641176 0.760784 0.641176 0.764706 0.643137 0.765686 0.645098 0.765686 0.647059 0.767647 0.650000 0.768627 0.651961 0.771569 0.655882 0.772549 0.657843 0.774510 0.657843 0.775490 0.661765 0.778431 0.662745 0.779412 0.663725 0.781373 0.663725 0.783333 0.667647 0.787255 0.675490 0.788235 0.677451 0.791176 0.682353 0.793137 0.685294 0.794118 0.682353 0.796078 0.682353 0.801961 0.683333 0.803922 0.684314 0.805882 0.686275 0.807843 0.691176 0.807843 0.694118 0.805882 0.695098 0.800980 0.698039 0.797059 0.698039 0.795098 0.699020 0.793137 0.704902 0.789216 0.710784 0.783333 0.710784 0.782353 0.715686 0.777451 0.717647 0.776471 0.719608 0.775490 0.723529 0.776471 0.726471 0.774510 0.728431 0.774510 0.733333 0.777451 0.734314 0.778431 0.734314 0.779412 0.736275 0.781373 0.737255 0.784314 0.738235 0.785294 0.741176 0.786275 0.741176 0.788235 0.740196 0.789216 0.740196 0.791176 0.742157 0.795098 0.743137 0.802941 0.743137 0.806863 0.742157 0.809804 0.738235 0.813725 0.739216 0.817647 0.736275 0.819608 0.735294 0.822549 0.735294 0.828431 0.734314 0.832353 0.733333 0.834314 0.730392 0.837255 0.727451 0.843137 0.727451 0.850000 0.726471 0.852941 0.725490 0.855882 0.722549 0.862745 0.721569 0.864706 0.717647 0.869608 0.713725 0.879412 0.711765 0.882353 0.708824 0.885294 0.706863 0.888235 0.704902 0.893137 0.704902 0.896078 0.705882 0.898039 0.706863 0.900000 0.689216 0.908824 0.690196 0.905882 0.692157 0.907843 0.694118 0.905882 0.694118 0.903922 0.696078 0.901961 0.696078 0.900000 0.691176 0.899020 0.690196 0.905882 0.689216 0.908824 0.688235 0.915686 0.693137 0.916667 0.691176 0.912745 0.689216 0.908824 0.706863 0.900000 0.707843 0.900980 0.710784 0.901961 0.711765 0.902941 0.711765 0.903922 0.713725 0.906863 0.717647 0.909804 0.718627 0.910784 0.721569 0.915686 0.725490 0.918627 0.726471 0.920588 0.726471 0.923529 0.727451 0.925490 0.734314 0.932353 0.735294 0.934314 0.736275 0.938235 0.738235 0.943137 0.738235 0.947059 0.740196 0.950000 0.740196 0.959804 0.739216 0.968627 0.738235 0.974510 0.736275 0.978431 0.735294 0.987255 0.734314 0.991176 0.730392 0.997059 0.729412 0.999020 0.246078 0.999020 0.245098 0.996078 0.238235 0.988235 0.237255 0.987255 0.233333 0.984314 0.231373 0.984314 0.230392 0.980392 0.231373 0.979412 0.231373 0.977451 0.225490 0.967647 0.224510 0.962745 0.218627 0.955882 0.215686 0.950980 0.215686 0.949020 0.214706 0.944118 0.213725 0.938235 0.213725 0.931373 0.210784 0.923529 0.209804 0.911765 0.209804 0.899020 0.207843 0.895098 0.208824 0.886275 0.208824 0.881373 0.206863 0.873529 0.206863 0.871569 0.208824 0.869608 0.208824 0.866667 0.207843 0.865686 0.207843 0.862745 0.208824 0.861765 0.207843 0.857843 0.209804 0.853922 0.209804 0.850980 0.208824 0.850000 0.208824 0.848039 0.209804 0.847059 0.209804 0.845098 0.206863 0.842157 0.204902 0.842157 0.208824 0.839216 0.209804 0.836275 0.207843 0.834314 0.202941 0.818627 0.205882 0.821569 0.207843 0.823529 0.209804 0.820588 0.205882 0.821569 0.202941 0.818627 0.202941 0.793137 0.203922 0.788235 0.204902 0.787255 0.204902 0.784314 0.204902 0.787255 0.205882 0.790196 0.206863 0.792157 0.210784 0.795098 0.208824 0.798039 0.206863 0.800980 0.205882 0.803922 0.205882 0.806863 0.206863 0.809804 0.208824 0.813725 0.209804 0.809804 0.211765 0.806863 0.213725 0.800000 0.212745 0.796078 0.212745 0.794118 0.214706 0.791176 0.214706 0.786275 0.216667 0.783333 0.215686 0.779412 0.218627 0.774510 0.218627 0.766667 0.221569 0.759804 0.221569 0.750000 0.222549 0.748039 0.224510 0.746078 0.225490 0.744118 0.226471 0.736275 0.226471 0.730392 0.228431 0.726471 0.229412 0.722549 0.229412 0.715686 0.232353 0.712745 0.232353 0.708824 0.233333 0.706863 0.235294 0.705882 0.236275 0.702941 0.235294 0.701961 0.235294 0.700000 0.238235 0.699020 0.240196 0.698039 0.241176 0.693137 0.245098 0.689216 0.245098 0.685294 0.248039 0.682353 0.248039 0.673529 0.249020 0.672549 0.249020 0.664706 0.247059 0.662745 0.245098 0.663725 0.243137 0.663725 0.242157 0.660784 0.240196 0.658824 0.237255 0.660784 0.237255 0.661765 0.234314 0.662745 0.233333 0.660784 0.234314 0.655882 0.235294 0.654902 0.235294 0.652941 0.239216 0.655882 0.242157 0.655882 0.245098 0.652941 0.246078 0.650980 0.246078 0.648039 0.243137 0.644118 0.242157 0.643137 0.241176 0.643137 0.239216 0.642157 0.241176 0.641176 0.242157 0.641176 0.244118 0.638235 0.244118 0.642157 0.245098 0.644118 0.249020 0.641176 0.249020 0.638235 0.251961 0.635294 0.255882 0.632353 0.261765 0.628431 0.262745 0.628431 0.263725 0.627451 0.264706 0.625490 0.264706 0.623529 0.266667 0.621569 0.268627 0.620588 0.270588 0.620588 0.272549 0.618627 0.273529 0.616667 0.276471 0.615686 0.281373 0.611765 0.283333 0.609804 0.279412 0.602941 0.278431 0.596078 0.279412 0.594118 0.281373 0.593137 0.289216 0.592157 0.291176 0.593137 0.291176 0.594118 0.289216 0.599020 0.287255 0.599020 0.285294 0.600000 0.283333 0.601961 0.283333 0.605882 0.287255 0.606863 0.289216 0.604902 0.291176 0.600980 0.292157 0.600000 0.295098 0.598039 0.298039 0.594118 0.299020 0.591176 0.302941 0.591176 0.309804 0.585294 0.309804 0.580392 0.304902 0.582353 0.302941 0.583333 0.300980 0.584314 0.298039 0.587255 0.298039 0.589216 0.297059 0.587255 0.296078 0.585294 0.296078 0.579412 0.298039 0.577451 0.304902 0.576471 0.307843 0.576471 0.311765 0.580392 0.315686 0.579412 0.315686 0.578431 0.316667 0.577451 0.319608 0.576471 0.322549 0.573529 0.327451 0.570588 0.329412 0.569608 0.333333 0.568627 0.336275 0.568627 0.340196 0.567647 0.343137 0.565686 0.345098 0.563725 0.346078 0.560784 0.349020 0.560784 0.350980 0.559804 0.358824 0.551961 0.363725 0.550000 0.365686 0.548039 0.366667 0.545098 0.375490 0.539216 0.378431 0.538235 0.388235 0.535294 0.390196 0.534314 0.392157 0.533333 0.393137 0.532353 0.393137 0.531373 0.396078 0.530392 0.399020 0.528431 0.401961 0.525490 0.400980 0.523529 0.400980 0.522549 0.398039 0.521569 0.394118 0.523529 0.393137 0.527451 0.390196 0.525490 0.390196 0.516667 0.396078 0.515686 0.398039 0.513725 0.400000 0.509804 0.400000 0.507843 0.399020 0.501961 0.401961 0.501961 0.402941 0.504902 0.400980 0.508824 0.402941 0.510784 0.404902 0.508824 0.405882 0.504902 0.405882 0.501961 0.407843 0.500980 0.410784 0.500980 0.413725 0.503922 0.415686 0.504902 0.417647 0.504902 0.422549 0.503922 0.425490 0.500980 0.425490 0.500000 0.428431 0.497059 0.430392 0.496078 0.434314 0.495098 0.442157 0.495098 0.450000 0.497059 0.453922 0.496078 0.454902 0.497059 0.455882 0.497059 0.457843 0.499020 0.457843 0.500000 0.459804 0.501961 0.461765 0.502941 0.464706 0.503922 0.468627 0.504902 0.482353 0.503922 0.487255 0.503922 0.492157 0.505882 0.497059 0.505882 0.501961 0.507843 0.504902 0.511765 0.506863 0.511765 0.510784 0.510784 0.514706 0.510784 0.516667 0.509804 0.518627 0.508824 0.522549 0.504902 0.525490 0.503922 0.528431 0.500980 0.526471 0.498039 0.528431 0.496078 0.531373 0.495098 0.538235 0.494118 0.539216 0.492157 0.541176 0.491176 0.545098 0.490196 0.550000 0.490196 0.553922 0.488235 0.558824 0.487255 0.570588 0.487255 0.578431 0.486275 0.582353 0.484314 0.586275 0.483333 0.594118 0.482353 0.596078 0.482353 0.603922 0.483333 0.612745 0.484314 0.615686 0.486275 0.627451 0.487255 0.638235 0.488235 0.644118 0.488235 0.646078 0.487255 0.650000 0.484314 0.651961 0.483333 0.654902 0.482353 0.658824 0.481373 0.665686 0.481373
6 0.716667 0.520588 0.712745 0.521569 0.708824 0.525490 0.705882 0.526471 0.705882 0.529412 0.710784 0.534314 0.718627 0.541176 0.723529 0.549020 0.723529 0.550980 0.724510 0.552941 0.726471 0.553922 0.727451 0.555882 0.731373 0.564706 0.731373 0.567647 0.733333 0.569608 0.734314 0.572549 0.734314 0.576471 0.737255 0.582353 0.738235 0.586275 0.738235 0.591176 0.739216 0.593137 0.744118 0.601961 0.747059 0.601961 0.750980 0.604902 0.759804 0.611765 0.765686 0.617647 0.766667 0.619608 0.767647 0.622549 0.768627 0.626471 0.768627 0.633333 0.766667 0.640196 0.765686 0.642157 0.761765 0.646078 0.760784 0.646078 0.757843 0.649020 0.757843 0.650000 0.754902 0.652941 0.751961 0.654902 0.750000 0.654902 0.749020 0.653922 0.746078 0.654902 0.745098 0.657843 0.744118 0.657843 0.738235 0.662745 0.737255 0.662745 0.735294 0.664706 0.732353 0.668627 0.733333 0.673529 0.731373 0.676471 0.731373 0.681373 0.729412 0.684314 0.728431 0.693137 0.726471 0.696078 0.726471 0.699020 0.725490 0.700980 0.724510 0.701961 0.723529 0.701961 0.721569 0.703922 0.720588 0.705882 0.720588 0.709804 0.717647 0.719608 0.715686 0.724510 0.712745 0.729412 0.712745 0.732353 0.711765 0.734314 0.709804 0.737255 0.707843 0.740196 0.702941 0.747059 0.700000 0.750000 0.693137 0.753922 0.691176 0.753922 0.689216 0.754902 0.685294 0.758824 0.681373 0.758824 0.678431 0.760784 0.674510 0.760784 0.670588 0.762745 0.666667 0.763725 0.661765 0.764706 0.654902 0.765686 0.649020 0.765686 0.649020 0.768627 0.651961 0.771569 0.652941 0.771569 0.655882 0.774510 0.655882 0.775490 0.659804 0.779412 0.662745 0.780392 0.664706 0.783333 0.668627 0.786275 0.671569 0.788235 0.673529 0.789216 0.675490 0.789216 0.677451 0.790196 0.678431 0.791176 0.678431 0.792157 0.680392 0.795098 0.683333 0.798039 0.685294 0.802941 0.688235 0.805882 0.689216 0.807843 0.690196 0.804902 0.692157 0.803922 0.694118 0.801961 0.694118 0.800000 0.701961 0.792157 0.703922 0.788235 0.713725 0.778431 0.721569 0.774510 0.727451 0.774510 0.729412 0.775490 0.731373 0.776471 0.734314 0.779412 0.734314 0.780392 0.738235 0.784314 0.740196 0.787255 0.742157 0.792157 0.743137 0.794118 0.749020 0.795098 0.752941 0.797059 0.754902 0.798039 0.756863 0.801961 0.756863 0.812745 0.755882 0.815686 0.750980 0.819608 0.750000 0.822549 0.748039 0.826471 0.749020 0.832353 0.747059 0.838235 0.746078 0.836275 0.743137 0.836275 0.743137 0.843137 0.743137 0.845098 0.742157 0.847059 0.741176 0.848039 0.737255 0.850980 0.735294 0.850980 0.734314 0.853922 0.732353 0.857843 0.733333 0.863725 0.731373 0.867647 0.728431 0.865686 0.726471 0.866667 0.726471 0.868627 0.724510 0.870588 0.720588 0.870588 0.719608 0.873529 0.715686 0.877451 0.712745 0.882353 0.711765 0.884314 0.708824 0.892157 0.708824 0.895098 0.709804 0.897059 0.711765 0.900000 0.714706 0.903922 0.715686 0.904902 0.719608 0.907843 0.719608 0.909804 0.721569 0.912745 0.724510 0.915686 0.725490 0.917647 0.725490 0.919608 0.727451 0.922549 0.729412 0.925490 0.732353 0.928431 0.734314 0.931373 0.736275 0.934314 0.737255 0.936275 0.738235 0.939216 0.739216 0.942157 0.740196 0.946078 0.741176 0.952941 0.741176 0.958824 0.739216 0.966667 0.739216 0.974510 0.737255 0.977451 0.737255 0.983333 0.736275 0.986275 0.733333 0.992157 0.733333 0.999020 0.922549 0.999020 0.923529 0.997059 0.924510 0.994118 0.924510 0.992157 0.923529 0.988235 0.924510 0.976471 0.926471 0.965686 0.926471 0.950000 0.926471 0.944118 0.926471 0.942157 0.926471 0.936275 0.926471 0.933333 0.924510 0.925490 0.925490 0.920588 0.925490 0.918627 0.924510 0.915686 0.922549 0.912745 0.921569 0.908824 0.921569 0.903922 0.919608 0.895098 0.918627 0.892157 0.917647 0.889216 0.914706 0.884314 0.911765 0.876471 0.911765 0.869608 0.909804 0.862745 0.908824 0.851961 0.909804 0.810784 0.909804 0.807843 0.907843 0.793137 0.907843 0.775490 0.905882 0.761765 0.905882 0.747059 0.903922 0.738235 0.902941 0.728431 0.901961 0.713725 0.902941 0.709804 0.902941 0.707843 0.901961 0.700000 0.900980 0.693137 0.900000 0.686275 0.899020 0.681373 0.898039 0.677451 0.897059 0.674510 0.895098 0.672549 0.895098 0.671569 0.894118 0.670588 0.889216 0.666667 0.887255 0.664706 0.887255 0.662745 0.884314 0.659804 0.881373 0.652941 0.878431 0.648039 0.875490 0.645098 0.874510 0.642157 0.871569 0.638235 0.863725 0.630392 0.860784 0.628431 0.856863 0.627451 0.852941 0.624510 0.848039 0.620588 0.847059 0.619608 0.843137 0.614706 0.842157 0.611765 0.840196 0.608824 0.836275 0.604902 0.835294 0.601961 0.829412 0.596078 0.826471 0.595098 0.822549 0.592157 0.819608 0.589216 0.815686 0.586275 0.812745 0.585294 0.809804 0.582353 0.807843 0.581373 0.805882 0.580392 0.802941 0.580392 0.800000 0.577451 0.798039 0.577451 0.792157 0.573529 0.788235 0.572549 0.786275 0.570588 0.786275 0.569608 0.783333 0.566667 0.777451 0.555882 0.776471 0.550000 0.775490 0.548039 0.771569 0.544118 0.766667 0.537255 0.765686 0.534314 0.764706 0.533333 0.759804 0.529412 0.755882 0.526471 0.753922 0.526471 0.750980 0.524510 0.748039 0.527451 0.746078 0.527451 0.739216 0.526471 0.735294 0.523529 0.731373 0.522549 0.727451 0.522549 0.725490 0.520588 0.722549 0.520588 0.721569 0.521569 0.716667 0.520588
5 0.733333 0.046078 0.723529 0.047059 0.718627 0.048039 0.710784 0.050980 0.704902 0.053922 0.700980 0.058824 0.700000 0.059804 0.697059 0.060784 0.692157 0.064706 0.687255 0.069608 0.685294 0.073529 0.680392 0.078431 0.678431 0.081373 0.676471 0.084314 0.676471 0.086275 0.673529 0.089216 0.672549 0.091176 0.671569 0.096078 0.670588 0.100980 0.670588 0.122549 0.671569 0.124510 0.674510 0.127451 0.676471 0.128431 0.679412 0.129412 0.682353 0.130392 0.687255 0.131373 0.704902 0.131373 0.716667 0.132353 0.719608 0.134314 0.723529 0.135294 0.730392 0.136275 0.733333 0.137255 0.740196 0.140196 0.748039 0.144118 0.754902 0.150000 0.768627 0.163725 0.772549 0.168627 0.776471 0.173529 0.781373 0.180392 0.782353 0.183333 0.784314 0.186275 0.788235 0.190196 0.790196 0.194118 0.794118 0.201961 0.798039 0.205882 0.800000 0.210784 0.801961 0.212745 0.801961 0.213725 0.802941 0.214706 0.807843 0.218627 0.813725 0.223529 0.820588 0.224510 0.830392 0.224510 0.833333 0.223529 0.836275 0.222549 0.845098 0.218627 0.848039 0.216667 0.853922 0.210784 0.853922 0.209804 0.860784 0.202941 0.862745 0.200000 0.862745 0.198039 0.863725 0.196078 0.866667 0.193137 0.869608 0.188235 0.869608 0.186275 0.871569 0.184314 0.871569 0.182353 0.874510 0.178431 0.875490 0.176471 0.882353 0.161765 0.883333 0.158824 0.883333 0.153922 0.882353 0.150000 0.878431 0.143137 0.877451 0.139216 0.877451 0.133333 0.874510 0.127451 0.869608 0.122549 0.867647 0.119608 0.865686 0.116667 0.862745 0.111765 0.859804 0.106863 0.858824 0.104902 0.858824 0.102941 0.853922 0.094118 0.850980 0.091176 0.850000 0.088235 0.848039 0.086275 0.847059 0.086275 0.843137 0.083333 0.831373 0.071569 0.828431 0.069608 0.825490 0.067647 0.811765 0.059804 0.809804 0.058824 0.801961 0.055882 0.795098 0.053922 0.788235 0.051961 0.784314 0.050980 0.779412 0.050000 0.773529 0.049020 0.760784 0.047059 0.750980 0.046078 0.733333 0.046078
