5 0.747059 0.548039 0.743137 0.550000 0.744118 0.552941 0.748039 0.552941 0.747059 0.548039
5 0.575490 0.415686 0.574510 0.418627 0.576471 0.418627 0.575490 0.415686
5 0.626471 0.384314 0.626471 0.389216 0.628431 0.389216 0.634314 0.387255 0.632353 0.386275 0.628431 0.384314 0.626471 0.384314
5 0.683333 0.318627 0.681373 0.320588 0.681373 0.323529 0.683333 0.319608 0.684314 0.319608 0.685294 0.317647 0.683333 0.318627
5 0.810784 0.313725 0.805882 0.314706 0.802941 0.316667 0.800980 0.318627 0.800000 0.321569 0.800000 0.326471 0.801961 0.329412 0.802941 0.333333 0.802941 0.339216 0.802941 0.341176 0.798039 0.345098 0.797059 0.348039 0.796078 0.350000 0.795098 0.351961 0.789216 0.357843 0.788235 0.360784 0.781373 0.368627 0.778431 0.371569 0.777451 0.371569 0.774510 0.374510 0.773529 0.377451 0.773529 0.389216 0.776471 0.393137 0.777451 0.395098 0.777451 0.406863 0.776471 0.411765 0.773529 0.417647 0.772549 0.419608 0.771569 0.420588 0.769608 0.421569 0.766667 0.421569 0.763725 0.423529 0.746078 0.422549 0.742157 0.422549 0.735294 0.423529 0.729412 0.424510 0.725490 0.425490 0.721569 0.426471 0.717647 0.429412 0.714706 0.431373 0.708824 0.437255 0.705882 0.438235 0.700980 0.440196 0.687255 0.441176 0.669608 0.442157 0.664706 0.440196 0.656863 0.441176 0.650980 0.447059 0.648039 0.451961 0.647059 0.456863 0.646078 0.458824 0.643137 0.461765 0.640196 0.468627 0.638235 0.470588 0.635294 0.467647 0.633333 0.467647 0.630392 0.465686 0.627451 0.462745 0.625490 0.461765 0.618627 0.460784 0.614706 0.456863 0.611765 0.455882 0.609804 0.455882 0.603922 0.456863 0.599020 0.454902 0.590196 0.454902 0.584314 0.453922 0.581373 0.452941 0.575490 0.450000 0.564706 0.439216 0.558824 0.434314 0.556863 0.433333 0.554902 0.432353 0.548039 0.429412 0.544118 0.428431 0.540196 0.428431 0.537255 0.426471 0.533333 0.425490 0.527451 0.424510 0.494118 0.424510 0.490196 0.425490 0.486275 0.426471 0.482353 0.429412 0.478431 0.429412 0.475490 0.431373 0.472549 0.431373 0.470588 0.432353 0.468627 0.435294 0.467647 0.436275 0.465686 0.437255 0.461765 0.437255 0.458824 0.440196 0.456863 0.441176 0.451961 0.443137 0.445098 0.443137 0.440196 0.444118 0.431373 0.447059 0.430392 0.450000 0.423529 0.456863 0.421569 0.459804 0.419608 0.462745 0.418627 0.464706 0.417647 0.466667 0.416667 0.469608 0.416667 0.477451 0.417647 0.482353 0.420588 0.488235 0.421569 0.490196 0.422549 0.491176 0.424510 0.492157 0.427451 0.493137 0.433333 0.500000 0.436275 0.502941 0.441176 0.505882 0.443137 0.506863 0.446078 0.507843 0.449020 0.507843 0.450980 0.508824 0.452941 0.510784 0.455882 0.511765 0.458824 0.513725 0.463725 0.512745 0.469608 0.513725 0.474510 0.515686 0.478431 0.514706 0.485294 0.514706 0.487255 0.514706 0.497059 0.515686 0.500000 0.516667 0.501961 0.518627 0.507843 0.517647 0.509804 0.517647 0.512745 0.519608 0.516667 0.519608 0.519608 0.521569 0.524510 0.521569 0.527451 0.523529 0.531373 0.524510 0.539216 0.526471 0.545098 0.527451 0.561765 0.528431 0.582353 0.529412 0.585294 0.529412 0.586275 0.528431 0.589216 0.528431 0.605882 0.529412 0.614706 0.531373 0.619608 0.530392 0.630392 0.531373 0.643137 0.535294 0.650000 0.535294 0.653922 0.537255 0.658824 0.538235 0.664706 0.538235 0.675490 0.541176 0.682353 0.541176 0.686275 0.542157 0.689216 0.544118 0.692157 0.545098 0.698039 0.545098 0.701961 0.546078 0.705882 0.548039 0.710784 0.549020 0.724510 0.549020 0.727451 0.548039 0.730392 0.547059 0.732353 0.546078 0.734314 0.545098 0.737255 0.542157 0.745098 0.538235 0.748039 0.538235 0.750000 0.537255 0.752941 0.534314 0.758824 0.531373 0.764706 0.527451 0.764706 0.533333 0.766667 0.534314 0.768627 0.534314 0.773529 0.533333 0.781373 0.535294 0.783333 0.535294 0.791176 0.534314 0.795098 0.536275 0.801961 0.536275 0.805882 0.535294 0.808824 0.537255 0.811765 0.537255 0.814706 0.535294 0.817647 0.537255 0.820588 0.535294 0.822549 0.535294 0.824510 0.537255 0.826471 0.537255 0.829412 0.541176 0.832353 0.539216 0.834314 0.539216 0.836275 0.541176 0.838235 0.541176 0.842157 0.544118 0.847059 0.546078 0.859804 0.546078 0.860784 0.545098 0.865686 0.545098 0.866667 0.542157 0.868627 0.540196 0.870588 0.539216 0.872549 0.538235 0.877451 0.538235 0.879412 0.537255 0.881373 0.535294 0.881373 0.534314 0.884314 0.531373 0.903922 0.531373 0.906863 0.529412 0.910784 0.528431 0.911765 0.526471 0.911765 0.524510 0.914706 0.519608 0.915686 0.518627 0.916667 0.517647 0.917647 0.516667 0.919608 0.515686 0.926471 0.512745 0.926471 0.509804 0.928431 0.506863 0.928431 0.501961 0.926471 0.495098 0.926471 0.493137 0.928431 0.491176 0.928431 0.486275 0.930392 0.482353 0.930392 0.480392 0.929412 0.474510 0.928431 0.470588 0.924510 0.463725 0.922549 0.458824 0.921569 0.448039 0.921569 0.445098 0.922549 0.439216 0.924510 0.437255 0.925490 0.433333 0.928431 0.429412 0.929412 0.426471 0.927451 0.418627 0.927451 0.411765 0.924510 0.406863 0.921569 0.403922 0.920588 0.400980 0.920588 0.395098 0.918627 0.393137 0.918627 0.388235 0.916667 0.386275 0.915686 0.384314 0.915686 0.378431 0.913725 0.373529 0.913725 0.367647 0.914706 0.366667 0.914706 0.359804 0.913725 0.355882 0.912745 0.352941 0.911765 0.350980 0.910784 0.349020 0.898039 0.336275 0.894118 0.334314 0.892157 0.334314 0.886275 0.340196 0.882353 0.343137 0.879412 0.344118 0.871569 0.350980 0.868627 0.349020 0.863725 0.346078 0.861765 0.345098 0.858824 0.344118 0.855882 0.343137 0.852941 0.343137 0.850000 0.342157 0.848039 0.341176 0.846078 0.339216 0.841176 0.338235 0.838235 0.336275 0.834314 0.332353 0.832353 0.327451 0.830392 0.324510 0.822549 0.316667 0.819608 0.314706 0.817647 0.313725 0.810784 0.313725
5 0.558824 0.621569 0.560784 0.622549 0.564706 0.625490 0.572549 0.634314 0.576471 0.638235 0.580392 0.640196 0.584314 0.645098 0.586275 0.646078 0.597059 0.646078 0.600000 0.645098 0.601961 0.644118 0.605882 0.640196 0.608824 0.638235 0.610784 0.637255 0.615686 0.636275 0.624510 0.635294 0.634314 0.634314 0.638235 0.635294 0.646078 0.634314 0.649020 0.635294 0.656863 0.644118 0.661765 0.649020 0.666667 0.651961 0.669608 0.652941 0.675490 0.653922 0.677451 0.654902 0.680392 0.656863 0.684314 0.660784 0.688235 0.662745 0.695098 0.668627 0.700980 0.675490 0.704902 0.678431 0.706863 0.679412 0.708824 0.680392 0.715686 0.683333 0.719608 0.683333 0.722549 0.684314 0.728431 0.687255 0.731373 0.688235 0.738235 0.688235 0.746078 0.691176 0.749020 0.692157 0.750980 0.694118 0.753922 0.694118 0.759804 0.697059 0.762745 0.700000 0.766667 0.700980 0.768627 0.701961 0.769608 0.704902 0.774510 0.706863 0.781373 0.707843 0.783333 0.707843 0.786275 0.706863 0.789216 0.703922 0.788235 0.700000 0.790196 0.698039 0.792157 0.697059 0.794118 0.697059 0.795098 0.699020 0.795098 0.701961 0.793137 0.703922 0.797059 0.703922 0.799020 0.707843 0.800980 0.709804 0.802941 0.710784 0.817647 0.710784 0.823529 0.709804 0.826471 0.708824 0.830392 0.705882 0.834314 0.706863 0.834314 0.700980 0.835294 0.699020 0.835294 0.698039 0.836275 0.697059 0.838235 0.696078 0.842157 0.696078 0.842157 0.698039 0.843137 0.699020 0.843137 0.701961 0.840196 0.704902 0.843137 0.706863 0.844118 0.709804 0.847059 0.711765 0.847059 0.712745 0.850000 0.715686 0.852941 0.716667 0.856863 0.716667 0.861765 0.718627 0.865686 0.722549 0.872549 0.723529 0.874510 0.725490 0.878431 0.726471 0.881373 0.726471 0.884314 0.727451 0.886275 0.729412 0.888235 0.730392 0.901961 0.729412 0.903922 0.730392 0.906863 0.733333 0.908824 0.733333 0.909804 0.736275 0.915686 0.743137 0.915686 0.745098 0.917647 0.748039 0.921569 0.750980 0.922549 0.751961 0.923529 0.754902 0.926471 0.758824 0.929412 0.760784 0.932353 0.765686 0.932353 0.767647 0.934314 0.769608 0.939216 0.770588 0.945098 0.771569 0.950000 0.770588 0.952941 0.772549 0.955882 0.772549 0.960784 0.770588 0.965686 0.767647 0.965686 0.763725 0.968627 0.764706 0.970588 0.764706 0.973529 0.761765 0.977451 0.762745 0.978431 0.759804 0.985294 0.759804 0.984314 0.760784 0.983333 0.762745 0.985294 0.764706 0.987255 0.760784 0.984314 0.760784 0.985294 0.759804 0.989216 0.756863 0.994118 0.760784 0.999020 0.760784 0.999020 0.763725 0.994118 0.762745 0.992157 0.764706 0.990196 0.764706 0.988235 0.766667 0.993137 0.772549 0.997059 0.773529 0.999020 0.774510 0.999020 0.999020 0.532353 0.999020 0.530392 0.996078 0.527451 0.991176 0.526471 0.989216 0.526471 0.984314 0.525490 0.982353 0.522549 0.978431 0.518627 0.973529 0.517647 0.972549 0.514706 0.970588 0.513725 0.969608 0.511765 0.968627 0.508824 0.967647 0.502941 0.966667 0.497059 0.966667 0.497059 0.964706 0.496078 0.963725 0.496078 0.955882 0.497059 0.952941 0.498039 0.950000 0.500000 0.948039 0.500000 0.946078 0.497059 0.943137 0.495098 0.942157 0.493137 0.941176 0.483333 0.942157 0.480392 0.942157 0.473529 0.941176 0.469608 0.940196 0.463725 0.937255 0.458824 0.934314 0.454902 0.931373 0.450980 0.928431 0.450000 0.927451 0.449020 0.925490 0.448039 0.921569 0.448039 0.918627 0.449020 0.917647 0.449020 0.913725 0.450980 0.908824 0.451961 0.901961 0.451961 0.898039 0.450980 0.897059 0.450980 0.893137 0.451961 0.892157 0.451961 0.888235 0.450000 0.885294 0.447059 0.882353 0.442157 0.880392 0.440196 0.877451 0.439216 0.877451 0.437255 0.875490 0.435294 0.872549 0.429412 0.860784 0.426471 0.857843 0.425490 0.855882 0.425490 0.851961 0.423529 0.849020 0.422549 0.846078 0.422549 0.834314 0.423529 0.832353 0.427451 0.827451 0.429412 0.825490 0.437255 0.820588 0.444118 0.813725 0.444118 0.805882 0.441176 0.802941 0.440196 0.799020 0.440196 0.795098 0.438235 0.790196 0.434314 0.786275 0.433333 0.784314 0.432353 0.782353 0.429412 0.773529 0.429412 0.768627 0.430392 0.763725 0.434314 0.759804 0.437255 0.757843 0.442157 0.756863 0.444118 0.755882 0.446078 0.754902 0.450980 0.750980 0.454902 0.750980 0.458824 0.753922 0.463725 0.758824 0.465686 0.761765 0.467647 0.761765 0.472549 0.760784 0.476471 0.761765 0.477451 0.762745 0.479412 0.762745 0.485294 0.760784 0.494118 0.760784 0.499020 0.758824 0.499020 0.757843 0.500980 0.755882 0.500980 0.754902 0.503922 0.753922 0.505882 0.752941 0.506863 0.750000 0.510784 0.746078 0.511765 0.744118 0.510784 0.739216 0.508824 0.736275 0.509804 0.730392 0.507843 0.721569 0.507843 0.718627 0.508824 0.712745 0.510784 0.709804 0.510784 0.705882 0.511765 0.702941 0.512745 0.700000 0.514706 0.698039 0.514706 0.696078 0.515686 0.694118 0.518627 0.691176 0.519608 0.688235 0.522549 0.685294 0.524510 0.680392 0.527451 0.677451 0.528431 0.675490 0.529412 0.673529 0.531373 0.665686 0.534314 0.660784 0.534314 0.657843 0.537255 0.654902 0.538235 0.651961 0.538235 0.647059 0.539216 0.644118 0.540196 0.641176 0.541176 0.639216 0.542157 0.637255 0.547059 0.629412 0.550980 0.624510 0.552941 0.622549 0.554902 0.621569 0.558824 0.621569
4 0.426471 0.448039 0.425490 0.450000 0.427451 0.450000 0.426471 0.448039
4 0.606863 0.263725 0.615686 0.266667 0.622549 0.266667 0.625490 0.267647 0.630392 0.270588 0.635294 0.270588 0.637255 0.271569 0.639216 0.273529 0.642157 0.273529 0.652941 0.277451 0.654902 0.278431 0.658824 0.281373 0.660784 0.281373 0.662745 0.282353 0.670588 0.289216 0.671569 0.289216 0.673529 0.291176 0.675490 0.295098 0.675490 0.307843 0.678431 0.310784 0.678431 0.312745 0.648039 0.329412 0.641176 0.329412 0.645098 0.333333 0.648039 0.331373 0.648039 0.329412 0.678431 0.312745 0.680392 0.314706 0.685294 0.313725 0.688235 0.311765 0.693137 0.311765 0.697059 0.307843 0.700980 0.307843 0.703922 0.310784 0.709804 0.311765 0.715686 0.311765 0.719608 0.312745 0.722549 0.313725 0.728431 0.316667 0.732353 0.318627 0.735294 0.321569 0.736275 0.324510 0.740196 0.325490 0.742157 0.326471 0.744118 0.328431 0.746078 0.328431 0.748039 0.329412 0.755882 0.335294 0.758824 0.336275 0.761765 0.338235 0.763725 0.340196 0.764706 0.342157 0.765686 0.345098 0.765686 0.350980 0.764706 0.356863 0.761765 0.359804 0.760784 0.361765 0.758824 0.366667 0.727451 0.366667 0.720588 0.365686 0.718627 0.367647 0.717647 0.371569 0.719608 0.374510 0.724510 0.374510 0.726471 0.373529 0.727451 0.366667 0.758824 0.366667 0.758824 0.377451 0.764706 0.383333 0.765686 0.385294 0.765686 0.388235 0.767647 0.390196 0.770588 0.390196 0.772549 0.392157 0.773529 0.396078 0.774510 0.401961 0.774510 0.404902 0.773529 0.411765 0.765686 0.419608 0.763725 0.420588 0.752941 0.420588 0.741176 0.418627 0.736275 0.418627 0.729412 0.420588 0.721569 0.420588 0.716667 0.421569 0.714706 0.423529 0.714706 0.425490 0.713725 0.427451 0.711765 0.429412 0.707843 0.429412 0.704902 0.432353 0.704902 0.433333 0.702941 0.435294 0.700980 0.436275 0.697059 0.437255 0.692157 0.436275 0.689216 0.438235 0.679412 0.437255 0.674510 0.438235 0.672549 0.438235 0.665686 0.436275 0.651961 0.436275 0.652941 0.428431 0.654902 0.426471 0.653922 0.418627 0.654902 0.417647 0.653922 0.409804 0.651961 0.411765 0.649020 0.415686 0.650000 0.425490 0.652941 0.428431 0.651961 0.436275 0.649020 0.439216 0.649020 0.443137 0.647059 0.448039 0.646078 0.451961 0.642157 0.454902 0.640196 0.458824 0.638235 0.460784 0.636275 0.461765 0.633333 0.461765 0.626471 0.460784 0.619608 0.457843 0.617647 0.456863 0.614706 0.452941 0.609804 0.453922 0.601961 0.451961 0.594118 0.451961 0.587255 0.450980 0.579412 0.449020 0.578431 0.447059 0.578431 0.442157 0.577451 0.439216 0.575490 0.437255 0.570588 0.436275 0.575490 0.419608 0.577451 0.415686 0.577451 0.411765 0.576471 0.410784 0.575490 0.408824 0.573529 0.412745 0.573529 0.417647 0.575490 0.419608 0.570588 0.436275 0.562745 0.435294 0.559804 0.431373 0.555882 0.431373 0.553922 0.429412 0.549020 0.428431 0.545098 0.425490 0.541176 0.424510 0.538235 0.423529 0.530392 0.422549 0.494118 0.422549 0.487255 0.424510 0.484314 0.425490 0.476471 0.428431 0.474510 0.429412 0.472549 0.430392 0.460784 0.437255 0.456863 0.439216 0.453922 0.439216 0.450980 0.441176 0.440196 0.440196 0.438235 0.441176 0.435294 0.444118 0.431373 0.444118 0.430392 0.445098 0.427451 0.445098 0.426471 0.439216 0.424510 0.437255 0.422549 0.437255 0.421569 0.444118 0.422549 0.445098 0.422549 0.450980 0.420588 0.453922 0.419608 0.458824 0.418627 0.467647 0.416667 0.465686 0.416667 0.463725 0.409804 0.461765 0.403922 0.461765 0.397059 0.458824 0.394118 0.455882 0.389216 0.453922 0.386275 0.451961 0.382353 0.447059 0.381373 0.446078 0.379412 0.445098 0.377451 0.443137 0.375490 0.440196 0.372549 0.436275 0.371569 0.434314 0.371569 0.431373 0.368627 0.427451 0.367647 0.424510 0.369608 0.423529 0.370588 0.422549 0.373529 0.422549 0.376471 0.420588 0.381373 0.420588 0.386275 0.419608 0.388235 0.418627 0.389216 0.417647 0.392157 0.413725 0.395098 0.413725 0.398039 0.410784 0.398039 0.409804 0.400000 0.407843 0.407843 0.407843 0.409804 0.406863 0.412745 0.403922 0.415686 0.398039 0.421569 0.392157 0.422549 0.392157 0.427451 0.386275 0.429412 0.385294 0.429412 0.384314 0.431373 0.382353 0.432353 0.377451 0.435294 0.374510 0.436275 0.372549 0.437255 0.367647 0.437255 0.361765 0.439216 0.356863 0.439216 0.346078 0.440196 0.342157 0.441176 0.339216 0.447059 0.326471 0.450000 0.322549 0.450980 0.319608 0.452941 0.311765 0.453922 0.309804 0.456863 0.306863 0.456863 0.305882 0.458824 0.303922 0.464706 0.299020 0.466667 0.298039 0.469608 0.297059 0.471569 0.297059 0.475490 0.299020 0.479412 0.303922 0.482353 0.304902 0.485294 0.307843 0.489216 0.303922 0.492157 0.297059 0.494118 0.294118 0.497059 0.291176 0.499020 0.288235 0.501961 0.280392 0.508824 0.273529 0.519608 0.273529 0.523529 0.277451 0.524510 0.279412 0.524510 0.285294 0.527451 0.291176 0.528431 0.294118 0.527451 0.296078 0.527451 0.298039 0.531373 0.302941 0.533333 0.304902 0.535294 0.305882 0.535294 0.306863 0.538235 0.307843 0.540196 0.313725 0.540196 0.315686 0.541176 0.317647 0.544118 0.320588 0.546078 0.318627 0.547059 0.314706 0.546078 0.312745 0.544118 0.310784 0.540196 0.313725 0.538235 0.307843 0.540196 0.305882 0.541176 0.300980 0.542157 0.302941 0.545098 0.298039 0.542157 0.297059 0.540196 0.296078 0.540196 0.294118 0.543137 0.291176 0.546078 0.286275 0.546078 0.284314 0.548039 0.281373 0.552941 0.281373 0.553922 0.280392 0.565686 0.280392 0.571569 0.281373 0.573529 0.282353 0.575490 0.284314 0.578431 0.284314 0.583333 0.287255 0.585294 0.286275 0.586275 0.285294 0.586275 0.284314 0.590196 0.283333 0.592157 0.281373 0.594118 0.276471 0.594118 0.271569 0.595098 0.269608 0.596078 0.267647 0.599020 0.266667 0.601961 0.263725 0.606863 0.263725
4 0.842157 0.153922 0.837255 0.154902 0.834314 0.156863 0.831373 0.157843 0.825490 0.157843 0.822549 0.159804 0.818627 0.159804 0.815686 0.160784 0.813725 0.161765 0.807843 0.166667 0.805882 0.167647 0.800980 0.169608 0.795098 0.171569 0.795098 0.173529 0.791176 0.177451 0.790196 0.177451 0.786275 0.181373 0.783333 0.185294 0.783333 0.187255 0.784314 0.194118 0.785294 0.197059 0.788235 0.202941 0.792157 0.207843 0.794118 0.209804 0.802941 0.217647 0.807843 0.221569 0.811765 0.224510 0.814706 0.226471 0.817647 0.228431 0.822549 0.230392 0.826471 0.234314 0.828431 0.234314 0.837255 0.240196 0.840196 0.241176 0.842157 0.241176 0.845098 0.242157 0.847059 0.244118 0.849020 0.245098 0.851961 0.245098 0.858824 0.249020 0.863725 0.249020 0.866667 0.250000 0.869608 0.251961 0.873529 0.252941 0.878431 0.252941 0.882353 0.253922 0.885294 0.255882 0.889216 0.256863 0.894118 0.257843 0.900980 0.257843 0.903922 0.259804 0.913725 0.260784 0.936275 0.261765 0.940196 0.261765 0.941176 0.260784 0.947059 0.261765 0.958824 0.259804 0.970588 0.259804 0.975490 0.258824 0.978431 0.256863 0.982353 0.256863 0.987255 0.254902 0.994118 0.250980 0.999020 0.250980 0.999020 0.200980 0.995098 0.200000 0.993137 0.199020 0.992157 0.198039 0.990196 0.194118 0.988235 0.193137 0.982353 0.190196 0.976471 0.184314 0.971569 0.180392 0.970588 0.180392 0.967647 0.176471 0.966667 0.175490 0.963725 0.174510 0.960784 0.171569 0.958824 0.170588 0.952941 0.168627 0.939216 0.164706 0.937255 0.163725 0.935294 0.161765 0.933333 0.160784 0.928431 0.159804 0.923529 0.159804 0.920588 0.157843 0.916667 0.156863 0.909804 0.156863 0.903922 0.154902 0.874510 0.153922 0.842157 0.153922
4 0.063725 0.395098 0.059804 0.398039 0.056863 0.398039 0.054902 0.400000 0.054902 0.403922 0.052941 0.410784 0.051961 0.412745 0.050980 0.413725 0.050000 0.413725 0.048039 0.415686 0.047059 0.418627 0.044118 0.428431 0.042157 0.431373 0.045098 0.431373 0.047059 0.429412 0.052941 0.429412 0.058824 0.428431 0.063725 0.425490 0.067647 0.425490 0.071569 0.422549 0.075490 0.422549 0.080392 0.420588 0.084314 0.419608 0.087255 0.416667 0.091176 0.415686 0.099020 0.413725 0.103922 0.411765 0.105882 0.410784 0.108824 0.407843 0.108824 0.404902 0.107843 0.402941 0.103922 0.400980 0.100980 0.400000 0.097059 0.399020 0.092157 0.398039 0.080392 0.398039 0.074510 0.395098 0.071569 0.396078 0.063725 0.395098
4 0.005882 0.212745 0.004902 0.213725 0.000000 0.213725 0.000000 0.237255 0.001961 0.237255 0.004902 0.240196 0.009804 0.241176 0.014706 0.242157 0.020588 0.242157 0.028431 0.246078 0.039216 0.250000 0.042157 0.250980 0.045098 0.250980 0.048039 0.251961 0.052941 0.255882 0.056863 0.258824 0.063725 0.265686 0.065686 0.265686 0.067647 0.266667 0.068627 0.267647 0.068627 0.268627 0.070588 0.270588 0.071569 0.273529 0.077451 0.280392 0.079412 0.283333 0.081373 0.286275 0.083333 0.290196 0.084314 0.292157 0.086275 0.298039 0.089216 0.301961 0.090196 0.305882 0.091176 0.309804 0.090196 0.316667 0.091176 0.332353 0.090196 0.334314 0.087255 0.337255 0.086275 0.343137 0.085294 0.348039 0.085294 0.357843 0.089216 0.361765 0.090196 0.364706 0.095098 0.364706 0.100980 0.366667 0.106863 0.366667 0.111765 0.368627 0.120588 0.368627 0.129412 0.370588 0.148039 0.370588 0.155882 0.372549 0.166667 0.373529 0.170588 0.373529 0.181373 0.372549 0.182353 0.371569 0.185294 0.371569 0.186275 0.368627 0.190196 0.364706 0.193137 0.363725 0.194118 0.360784 0.197059 0.357843 0.199020 0.357843 0.200980 0.356863 0.201961 0.353922 0.204902 0.349020 0.204902 0.346078 0.205882 0.344118 0.208824 0.340196 0.207843 0.336275 0.208824 0.335294 0.208824 0.331373 0.206863 0.322549 0.206863 0.309804 0.203922 0.303922 0.202941 0.294118 0.200980 0.290196 0.197059 0.284314 0.197059 0.282353 0.196078 0.280392 0.194118 0.277451 0.188235 0.271569 0.185294 0.266667 0.175490 0.256863 0.169608 0.251961 0.166667 0.250000 0.161765 0.247059 0.159804 0.246078 0.157843 0.246078 0.155882 0.245098 0.149020 0.241176 0.146078 0.238235 0.141176 0.236275 0.130392 0.232353 0.127451 0.231373 0.120588 0.230392 0.116667 0.229412 0.113725 0.227451 0.110784 0.227451 0.105882 0.224510 0.098039 0.223529 0.094118 0.222549 0.091176 0.220588 0.083333 0.219608 0.076471 0.218627 0.059804 0.216667 0.040196 0.215686 0.032353 0.216667 0.025490 0.214706 0.015686 0.214706 0.013725 0.212745 0.005882 0.212745
6 0.597059 0.013725 0.594118 0.014706 0.591176 0.016667 0.579412 0.017647 0.575490 0.018627 0.572549 0.020588 0.568627 0.020588 0.567647 0.021569 0.564706 0.021569 0.555882 0.019608 0.543137 0.019608 0.536275 0.020588 0.530392 0.022549 0.523529 0.023529 0.515686 0.024510 0.504902 0.025490 0.500980 0.024510 0.498039 0.022549 0.494118 0.022549 0.492157 0.023529 0.482353 0.033333 0.481373 0.041176 0.480392 0.043137 0.476471 0.047059 0.474510 0.051961 0.469608 0.056863 0.468627 0.059804 0.464706 0.063725 0.463725 0.065686 0.462745 0.067647 0.460784 0.075490 0.459804 0.077451 0.457843 0.079412 0.456863 0.081373 0.456863 0.083333 0.454902 0.085294 0.453922 0.087255 0.450980 0.096078 0.450980 0.100000 0.449020 0.103922 0.449020 0.118627 0.448039 0.123529 0.446078 0.126471 0.446078 0.129412 0.445098 0.131373 0.441176 0.135294 0.438235 0.140196 0.437255 0.142157 0.437255 0.145098 0.434314 0.148039 0.432353 0.149020 0.430392 0.149020 0.428431 0.150000 0.427451 0.151961 0.427451 0.155882 0.428431 0.157843 0.432353 0.161765 0.435294 0.162745 0.438235 0.165686 0.439216 0.167647 0.439216 0.169608 0.441176 0.171569 0.442157 0.173529 0.443137 0.179412 0.443137 0.185294 0.447059 0.193137 0.450000 0.195098 0.452941 0.197059 0.457843 0.200000 0.459804 0.200980 0.466667 0.202941 0.473529 0.203922 0.480392 0.207843 0.487255 0.207843 0.493137 0.209804 0.497059 0.210784 0.499020 0.209804 0.500980 0.207843 0.502941 0.207843 0.510784 0.209804 0.518627 0.209804 0.527451 0.212745 0.535294 0.212745 0.543137 0.212745 0.548039 0.211765 0.552941 0.210784 0.555882 0.209804 0.558824 0.208824 0.564706 0.202941 0.568627 0.201961 0.570588 0.200000 0.572549 0.199020 0.574510 0.199020 0.576471 0.198039 0.580392 0.199020 0.583333 0.197059 0.588235 0.197059 0.591176 0.196078 0.594118 0.194118 0.598039 0.193137 0.607843 0.193137 0.609804 0.192157 0.613725 0.189216 0.615686 0.188235 0.625490 0.185294 0.628431 0.184314 0.632353 0.180392 0.635294 0.178431 0.637255 0.178431 0.640196 0.175490 0.640196 0.174510 0.642157 0.172549 0.644118 0.171569 0.646078 0.171569 0.650980 0.167647 0.657843 0.160784 0.658824 0.157843 0.662745 0.153922 0.665686 0.144118 0.665686 0.140196 0.664706 0.127451 0.662745 0.125490 0.659804 0.124510 0.648039 0.124510 0.640196 0.125490 0.634314 0.126471 0.632353 0.127451 0.629412 0.130392 0.627451 0.130392 0.624510 0.133333 0.619608 0.139216 0.617647 0.140196 0.615686 0.141176 0.612745 0.142157 0.610784 0.142157 0.610784 0.144118 0.609804 0.147059 0.606863 0.152941 0.604902 0.154902 0.602941 0.155882 0.595098 0.157843 0.594118 0.159804 0.594118 0.161765 0.593137 0.163725 0.592157 0.165686 0.588235 0.166667 0.587255 0.169608 0.586275 0.170588 0.584314 0.171569 0.581373 0.171569 0.580392 0.170588 0.578431 0.170588 0.570588 0.171569 0.564706 0.172549 0.560784 0.174510 0.552941 0.175490 0.526471 0.174510 0.523529 0.174510 0.522549 0.175490 0.518627 0.175490 0.510784 0.173529 0.504902 0.174510 0.497059 0.173529 0.487255 0.171569 0.479412 0.170588 0.476471 0.170588 0.475490 0.171569 0.472549 0.171569 0.465686 0.170588 0.463725 0.169608 0.462745 0.165686 0.457843 0.164706 0.456863 0.161765 0.454902 0.159804 0.453922 0.157843 0.452941 0.152941 0.451961 0.148039 0.450980 0.143137 0.450980 0.141176 0.451961 0.129412 0.454902 0.126471 0.458824 0.127451 0.467647 0.125490 0.504902 0.125490 0.515686 0.124510 0.523529 0.123529 0.532353 0.122549 0.538235 0.121569 0.545098 0.120588 0.550000 0.117647 0.556863 0.117647 0.560784 0.116667 0.563725 0.114706 0.567647 0.113725 0.574510 0.113725 0.578431 0.111765 0.608824 0.111765 0.615686 0.110784 0.621569 0.109804 0.624510 0.108824 0.637255 0.103922 0.640196 0.101961 0.643137 0.099020 0.650000 0.096078 0.653922 0.096078 0.658824 0.092157 0.659804 0.092157 0.660784 0.089216 0.659804 0.087255 0.661765 0.084314 0.661765 0.082353 0.659804 0.077451 0.656863 0.073529 0.655882 0.071569 0.654902 0.068627 0.654902 0.065686 0.652941 0.062745 0.652941 0.059804 0.651961 0.057843 0.650980 0.055882 0.645098 0.049020 0.644118 0.046078 0.641176 0.042157 0.638235 0.038235 0.629412 0.029412 0.627451 0.029412 0.625490 0.027451 0.621569 0.022549 0.613725 0.017647 0.611765 0.016667 0.606863 0.014706 0.601961 0.014706 0.600980 0.013725 0.597059 0.013725
