4 0.789216 0.757843 0.793137 0.758824 0.795098 0.759804 0.796078 0.760784 0.800000 0.765686 0.801961 0.765686 0.804902 0.768627 0.805882 0.770588 0.806863 0.774510 0.805882 0.777451 0.804902 0.779412 0.803922 0.780392 0.800980 0.781373 0.798039 0.784314 0.796078 0.788235 0.791176 0.794118 0.789216 0.796078 0.786275 0.798039 0.785294 0.798039 0.784314 0.799020 0.783333 0.800980 0.781373 0.805882 0.780392 0.812745 0.780392 0.816667 0.783333 0.819608 0.785294 0.820588 0.788235 0.820588 0.791176 0.821569 0.796078 0.826471 0.797059 0.829412 0.798039 0.830392 0.802941 0.834314 0.808824 0.837255 0.809804 0.840196 0.805882 0.847059 0.805882 0.849020 0.810784 0.850000 0.811765 0.846078 0.820588 0.844118 0.822549 0.844118 0.832353 0.850000 0.834314 0.850980 0.838235 0.850980 0.841176 0.851961 0.843137 0.853922 0.847059 0.858824 0.851961 0.859804 0.853922 0.860784 0.856863 0.863725 0.858824 0.863725 0.861765 0.866667 0.864706 0.867647 0.867647 0.869608 0.873529 0.874510 0.875490 0.878431 0.881373 0.884314 0.882353 0.887255 0.884314 0.892157 0.885294 0.900000 0.886275 0.903922 0.889216 0.907843 0.891176 0.914706 0.891176 0.923529 0.889216 0.925490 0.889216 0.927451 0.886275 0.931373 0.885294 0.933333 0.884314 0.939216 0.884314 0.946078 0.882353 0.952941 0.880392 0.957843 0.877451 0.961765 0.876471 0.962745 0.870588 0.965686 0.867647 0.967647 0.865686 0.970588 0.861765 0.972549 0.856863 0.974510 0.852941 0.974510 0.848039 0.977451 0.845098 0.978431 0.828431 0.979412 0.826471 0.979412 0.817647 0.978431 0.813725 0.976471 0.809804 0.975490 0.802941 0.975490 0.796078 0.976471 0.791176 0.975490 0.789216 0.974510 0.786275 0.971569 0.783333 0.970588 0.780392 0.967647 0.780392 0.965686 0.777451 0.962745 0.778431 0.960784 0.779412 0.960784 0.781373 0.958824 0.781373 0.956863 0.783333 0.954902 0.781373 0.952941 0.776471 0.951961 0.777451 0.945098 0.779412 0.945098 0.779412 0.939216 0.777451 0.938235 0.775490 0.937255 0.772549 0.928431 0.773529 0.923529 0.775490 0.916667 0.777451 0.916667 0.778431 0.911765 0.780392 0.909804 0.781373 0.907843 0.780392 0.902941 0.781373 0.897059 0.780392 0.896078 0.779412 0.894118 0.777451 0.896078 0.776471 0.898039 0.776471 0.900980 0.773529 0.903922 0.773529 0.914706 0.775490 0.916667 0.773529 0.923529 0.770588 0.922549 0.768627 0.926471 0.770588 0.928431 0.772549 0.928431 0.775490 0.937255 0.773529 0.941176 0.777451 0.945098 0.776471 0.951961 0.774510 0.951961 0.774510 0.957843 0.773529 0.959804 0.773529 0.961765 0.771569 0.963725 0.768627 0.965686 0.766667 0.966667 0.757843 0.966667 0.754902 0.968627 0.750980 0.967647 0.748039 0.969608 0.744118 0.967647 0.735294 0.967647 0.728431 0.966667 0.722549 0.965686 0.719608 0.964706 0.716667 0.962745 0.711765 0.962745 0.704902 0.959804 0.702941 0.957843 0.702941 0.956863 0.700000 0.953922 0.696078 0.951961 0.693137 0.949020 0.690196 0.943137 0.690196 0.939216 0.688235 0.937255 0.688235 0.926471 0.689216 0.911765 0.690196 0.899020 0.692157 0.893137 0.691176 0.889216 0.693137 0.884314 0.693137 0.880392 0.694118 0.876471 0.696078 0.869608 0.699020 0.864706 0.699020 0.859804 0.701961 0.851961 0.701961 0.846078 0.702941 0.844118 0.704902 0.841176 0.708824 0.837255 0.709804 0.832353 0.709804 0.828431 0.710784 0.825490 0.711765 0.821569 0.713725 0.819608 0.714706 0.819608 0.716667 0.817647 0.716667 0.814706 0.719608 0.809804 0.721569 0.806863 0.726471 0.800980 0.729412 0.798039 0.731373 0.798039 0.734314 0.795098 0.734314 0.793137 0.735294 0.791176 0.737255 0.789216 0.744118 0.783333 0.748039 0.782353 0.750000 0.780392 0.750000 0.778431 0.750980 0.776471 0.751961 0.775490 0.752941 0.775490 0.755882 0.773529 0.757843 0.771569 0.757843 0.770588 0.759804 0.768627 0.762745 0.766667 0.764706 0.766667 0.767647 0.763725 0.772549 0.761765 0.775490 0.758824 0.782353 0.757843 0.789216 0.757843
4 0.804902 0.606863 0.801961 0.608824 0.799020 0.608824 0.797059 0.609804 0.796078 0.612745 0.795098 0.614706 0.793137 0.616667 0.792157 0.616667 0.790196 0.618627 0.789216 0.620588 0.787255 0.628431 0.781373 0.641176 0.780392 0.647059 0.779412 0.653922 0.778431 0.667647 0.778431 0.673529 0.780392 0.679412 0.780392 0.685294 0.782353 0.690196 0.782353 0.697059 0.783333 0.699020 0.784314 0.700980 0.787255 0.703922 0.788235 0.706863 0.788235 0.709804 0.789216 0.712745 0.790196 0.714706 0.795098 0.718627 0.796078 0.719608 0.797059 0.721569 0.797059 0.722549 0.798039 0.724510 0.799020 0.725490 0.804902 0.731373 0.806863 0.733333 0.811765 0.737255 0.812745 0.741176 0.816667 0.746078 0.818627 0.748039 0.820588 0.749020 0.822549 0.749020 0.824510 0.750000 0.827451 0.752941 0.827451 0.753922 0.830392 0.756863 0.832353 0.756863 0.834314 0.757843 0.843137 0.766667 0.845098 0.770588 0.847059 0.771569 0.850000 0.771569 0.852941 0.773529 0.857843 0.773529 0.863725 0.778431 0.865686 0.779412 0.870588 0.780392 0.875490 0.779412 0.876471 0.777451 0.877451 0.774510 0.879412 0.772549 0.880392 0.772549 0.880392 0.766667 0.882353 0.762745 0.880392 0.758824 0.881373 0.754902 0.880392 0.752941 0.878431 0.750980 0.873529 0.749020 0.871569 0.747059 0.869608 0.743137 0.867647 0.740196 0.866667 0.734314 0.865686 0.731373 0.863725 0.729412 0.862745 0.727451 0.861765 0.720588 0.858824 0.715686 0.858824 0.709804 0.856863 0.705882 0.855882 0.699020 0.854902 0.690196 0.854902 0.665686 0.852941 0.654902 0.852941 0.651961 0.854902 0.644118 0.854902 0.632353 0.853922 0.629412 0.851961 0.626471 0.850000 0.623529 0.847059 0.622549 0.845098 0.620588 0.845098 0.619608 0.843137 0.617647 0.840196 0.615686 0.833333 0.611765 0.831373 0.610784 0.829412 0.609804 0.826471 0.608824 0.822549 0.607843 0.816667 0.606863 0.804902 0.606863
4 0.609804 0.460784 0.601961 0.461765 0.599020 0.463725 0.595098 0.463725 0.592157 0.465686 0.587255 0.465686 0.582353 0.468627 0.576471 0.469608 0.572549 0.470588 0.569608 0.472549 0.564706 0.476471 0.563725 0.476471 0.562745 0.477451 0.559804 0.481373 0.555882 0.482353 0.552941 0.486275 0.550980 0.489216 0.548039 0.494118 0.547059 0.498039 0.547059 0.502941 0.545098 0.505882 0.546078 0.512745 0.545098 0.513725 0.545098 0.520588 0.548039 0.524510 0.548039 0.527451 0.550000 0.529412 0.555882 0.534314 0.556863 0.537255 0.560784 0.537255 0.562745 0.539216 0.565686 0.539216 0.566667 0.538235 0.569608 0.538235 0.570588 0.539216 0.573529 0.539216 0.582353 0.537255 0.587255 0.538235 0.593137 0.536275 0.594118 0.533333 0.598039 0.532353 0.601961 0.529412 0.606863 0.529412 0.609804 0.528431 0.611765 0.527451 0.619608 0.528431 0.623529 0.529412 0.626471 0.530392 0.628431 0.532353 0.625490 0.535294 0.624510 0.537255 0.624510 0.540196 0.623529 0.542157 0.619608 0.545098 0.617647 0.547059 0.615686 0.551961 0.614706 0.554902 0.610784 0.554902 0.605882 0.553922 0.601961 0.551961 0.597059 0.550980 0.592157 0.550000 0.578431 0.550000 0.571569 0.548039 0.562745 0.548039 0.558824 0.549020 0.554902 0.550000 0.552941 0.551961 0.541176 0.552941 0.535294 0.552941 0.531373 0.550980 0.529412 0.549020 0.529412 0.548039 0.522549 0.542157 0.522549 0.541176 0.516667 0.535294 0.512745 0.532353 0.509804 0.532353 0.507843 0.530392 0.506863 0.527451 0.504902 0.522549 0.501961 0.519608 0.500000 0.519608 0.498039 0.517647 0.492157 0.511765 0.491176 0.510784 0.487255 0.504902 0.484314 0.503922 0.481373 0.500980 0.478431 0.500980 0.476471 0.499020 0.475490 0.496078 0.474510 0.494118 0.473529 0.493137 0.471569 0.492157 0.468627 0.491176 0.466667 0.489216 0.465686 0.486275 0.462745 0.486275 0.457843 0.481373 0.455882 0.480392 0.453922 0.480392 0.451961 0.482353 0.450000 0.488235 0.450000 0.490196 0.450000 0.497059 0.450980 0.499020 0.452941 0.500980 0.452941 0.506863 0.453922 0.513725 0.456863 0.516667 0.456863 0.519608 0.457843 0.521569 0.460784 0.523529 0.461765 0.525490 0.462745 0.529412 0.463725 0.529412 0.465686 0.531373 0.466667 0.531373 0.467647 0.536275 0.469608 0.540196 0.469608 0.544118 0.470588 0.546078 0.476471 0.551961 0.478431 0.553922 0.479412 0.553922 0.481373 0.555882 0.483333 0.559804 0.485294 0.561765 0.488235 0.562745 0.494118 0.568627 0.496078 0.568627 0.499020 0.570588 0.501961 0.573529 0.505882 0.576471 0.510784 0.577451 0.512745 0.578431 0.514706 0.580392 0.515686 0.583333 0.516667 0.584314 0.518627 0.585294 0.520588 0.585294 0.522549 0.586275 0.525490 0.589216 0.528431 0.591176 0.530392 0.592157 0.533333 0.592157 0.540196 0.596078 0.547059 0.596078 0.553922 0.594118 0.564706 0.593137 0.568627 0.594118 0.576471 0.594118 0.580392 0.593137 0.584314 0.594118 0.588235 0.595098 0.592157 0.596078 0.596078 0.598039 0.601961 0.596078 0.606863 0.596078 0.608824 0.595098 0.610784 0.594118 0.611765 0.593137 0.612745 0.590196 0.615686 0.587255 0.618627 0.588235 0.620588 0.590196 0.620588 0.591176 0.623529 0.594118 0.625490 0.598039 0.627451 0.600000 0.630392 0.600980 0.635294 0.605882 0.638235 0.607843 0.644118 0.610784 0.647059 0.611765 0.650000 0.612745 0.653922 0.613725 0.678431 0.613725 0.681373 0.615686 0.685294 0.615686 0.688235 0.618627 0.693137 0.621569 0.695098 0.622549 0.703922 0.625490 0.710784 0.625490 0.712745 0.627451 0.714706 0.627451 0.718627 0.631373 0.720588 0.637255 0.724510 0.637255 0.728431 0.641176 0.732353 0.642157 0.735294 0.645098 0.739216 0.644118 0.743137 0.648039 0.748039 0.649020 0.750000 0.648039 0.750980 0.643137 0.749020 0.638235 0.746078 0.637255 0.744118 0.634314 0.740196 0.632353 0.734314 0.625490 0.732353 0.623529 0.729412 0.622549 0.727451 0.620588 0.727451 0.618627 0.722549 0.612745 0.717647 0.606863 0.716667 0.605882 0.711765 0.601961 0.705882 0.599020 0.703922 0.597059 0.703922 0.593137 0.704902 0.590196 0.706863 0.590196 0.709804 0.590196 0.712745 0.591176 0.715686 0.590196 0.715686 0.588235 0.717647 0.585294 0.717647 0.580392 0.718627 0.578431 0.720588 0.576471 0.724510 0.576471 0.729412 0.578431 0.731373 0.579412 0.733333 0.580392 0.736275 0.583333 0.738235 0.579412 0.756863 0.578431 0.759804 0.580392 0.763725 0.580392 0.767647 0.583333 0.771569 0.583333 0.780392 0.586275 0.782353 0.588235 0.786275 0.588235 0.788235 0.589216 0.790196 0.591176 0.792157 0.592157 0.797059 0.593137 0.803922 0.593137 0.805882 0.592157 0.809804 0.589216 0.810784 0.588235 0.813725 0.584314 0.814706 0.582353 0.814706 0.578431 0.811765 0.572549 0.809804 0.570588 0.806863 0.569608 0.801961 0.567647 0.794118 0.562745 0.790196 0.562745 0.787255 0.559804 0.783333 0.558824 0.779412 0.554902 0.774510 0.553922 0.772549 0.552941 0.766667 0.549020 0.763725 0.547059 0.759804 0.547059 0.752941 0.544118 0.741176 0.538235 0.738235 0.535294 0.733333 0.532353 0.728431 0.531373 0.724510 0.531373 0.720588 0.530392 0.717647 0.528431 0.714706 0.527451 0.709804 0.528431 0.707843 0.528431 0.706863 0.527451 0.703922 0.527451 0.701961 0.525490 0.699020 0.524510 0.695098 0.523529 0.690196 0.523529 0.687255 0.522549 0.673529 0.515686 0.670588 0.515686 0.664706 0.508824 0.665686 0.504902 0.663725 0.501961 0.663725 0.495098 0.662745 0.491176 0.661765 0.489216 0.659804 0.486275 0.650980 0.475490 0.647059 0.470588 0.646078 0.469608 0.643137 0.468627 0.640196 0.465686 0.638235 0.464706 0.633333 0.462745 0.630392 0.461765 0.620588 0.460784 0.609804 0.460784
4 0.176471 0.649020 0.178431 0.649020 0.180392 0.647059 0.183333 0.648039 0.186275 0.650980 0.186275 0.651961 0.190196 0.655882 0.193137 0.656863 0.194118 0.658824 0.194118 0.659804 0.195098 0.661765 0.196078 0.662745 0.197059 0.662745 0.199020 0.664706 0.200000 0.664706 0.201961 0.668627 0.201961 0.674510 0.202941 0.676471 0.204902 0.679412 0.207843 0.681373 0.208824 0.683333 0.208824 0.686275 0.209804 0.688235 0.211765 0.690196 0.212745 0.692157 0.214706 0.697059 0.216667 0.700980 0.216667 0.704902 0.217647 0.706863 0.220588 0.711765 0.224510 0.715686 0.225490 0.718627 0.228431 0.721569 0.230392 0.722549 0.235294 0.723529 0.237255 0.724510 0.239216 0.727451 0.244118 0.723529 0.246078 0.723529 0.249020 0.720588 0.249020 0.719608 0.250980 0.717647 0.252941 0.716667 0.255882 0.715686 0.256863 0.713725 0.257843 0.710784 0.259804 0.708824 0.261765 0.707843 0.265686 0.706863 0.292157 0.706863 0.300980 0.707843 0.304902 0.708824 0.307843 0.709804 0.316667 0.714706 0.321569 0.716667 0.325490 0.718627 0.329412 0.718627 0.332353 0.719608 0.340196 0.723529 0.343137 0.726471 0.345098 0.727451 0.349020 0.728431 0.354902 0.731373 0.364706 0.736275 0.366667 0.738235 0.371569 0.739216 0.375490 0.742157 0.379412 0.743137 0.381373 0.745098 0.383333 0.746078 0.392157 0.750000 0.399020 0.750980 0.403922 0.752941 0.408824 0.756863 0.410784 0.757843 0.412745 0.758824 0.415686 0.758824 0.417647 0.759804 0.419608 0.760784 0.422549 0.763725 0.424510 0.764706 0.426471 0.765686 0.429412 0.765686 0.432353 0.766667 0.434314 0.767647 0.437255 0.770588 0.438235 0.773529 0.444118 0.779412 0.450000 0.782353 0.454902 0.783333 0.453922 0.785294 0.448039 0.787255 0.438235 0.787255 0.435294 0.789216 0.428431 0.790196 0.425490 0.792157 0.422549 0.793137 0.415686 0.794118 0.410784 0.793137 0.408824 0.798039 0.408824 0.802941 0.409804 0.804902 0.413725 0.809804 0.419608 0.815686 0.423529 0.823529 0.423529 0.829412 0.421569 0.831373 0.421569 0.832353 0.420588 0.833333 0.418627 0.834314 0.414706 0.835294 0.410784 0.835294 0.406863 0.836275 0.403922 0.838235 0.398039 0.838235 0.391176 0.835294 0.376471 0.835294 0.371569 0.807843 0.371569 0.798039 0.369608 0.804902 0.371569 0.807843 0.376471 0.835294 0.372549 0.836275 0.368627 0.837255 0.354902 0.842157 0.350000 0.843137 0.345098 0.841176 0.344118 0.839216 0.344118 0.835294 0.340196 0.828431 0.338235 0.824510 0.338235 0.820588 0.337255 0.817647 0.334314 0.814706 0.332353 0.814706 0.330392 0.815686 0.324510 0.821569 0.321569 0.822549 0.318627 0.824510 0.315686 0.827451 0.310784 0.834314 0.310784 0.835294 0.309804 0.836275 0.307843 0.837255 0.296078 0.837255 0.288235 0.835294 0.273529 0.835294 0.268627 0.834314 0.264706 0.833333 0.261765 0.832353 0.258824 0.831373 0.254902 0.828431 0.250980 0.827451 0.247059 0.823529 0.242157 0.820588 0.239216 0.819608 0.235294 0.817647 0.231373 0.812745 0.228431 0.811765 0.224510 0.808824 0.220588 0.804902 0.217647 0.802941 0.216667 0.802941 0.215686 0.801961 0.211765 0.797059 0.208824 0.793137 0.206863 0.789216 0.203922 0.787255 0.201961 0.782353 0.199020 0.779412 0.196078 0.774510 0.193137 0.767647 0.190196 0.764706 0.189216 0.762745 0.188235 0.760784 0.186275 0.755882 0.183333 0.748039 0.183333 0.743137 0.181373 0.740196 0.181373 0.719608 0.178431 0.716667 0.177451 0.711765 0.177451 0.706863 0.176471 0.704902 0.174510 0.702941 0.173529 0.700980 0.172549 0.694118 0.172549 0.687255 0.171569 0.680392 0.169608 0.678431 0.168627 0.673529 0.167647 0.669608 0.167647 0.656863 0.168627 0.652941 0.171569 0.649020 0.173529 0.647059 0.176471 0.649020
4 0.446078 0.012745 0.442157 0.014706 0.437255 0.014706 0.430392 0.016667 0.423529 0.019608 0.421569 0.020588 0.418627 0.023529 0.414706 0.024510 0.410784 0.028431 0.407843 0.029412 0.404902 0.031373 0.400000 0.036275 0.399020 0.038235 0.398039 0.040196 0.396078 0.045098 0.395098 0.048039 0.395098 0.057843 0.394118 0.066667 0.393137 0.071569 0.392157 0.073529 0.391176 0.075490 0.385294 0.081373 0.380392 0.085294 0.377451 0.086275 0.374510 0.090196 0.372549 0.092157 0.368627 0.093137 0.364706 0.096078 0.361765 0.097059 0.349020 0.097059 0.344118 0.098039 0.341176 0.100000 0.337255 0.100000 0.333333 0.101961 0.325490 0.101961 0.324510 0.100980 0.316667 0.100980 0.312745 0.102941 0.308824 0.107843 0.306863 0.110784 0.305882 0.114706 0.305882 0.121569 0.306863 0.124510 0.310784 0.132353 0.313725 0.137255 0.315686 0.139216 0.320588 0.143137 0.321569 0.145098 0.321569 0.147059 0.320588 0.148039 0.320588 0.150980 0.319608 0.153922 0.317647 0.156863 0.316667 0.159804 0.316667 0.164706 0.317647 0.170588 0.319608 0.175490 0.323529 0.183333 0.327451 0.188235 0.335294 0.197059 0.337255 0.199020 0.340196 0.200980 0.343137 0.202941 0.345098 0.203922 0.347059 0.204902 0.353922 0.206863 0.356863 0.207843 0.360784 0.211765 0.360784 0.223529 0.361765 0.225490 0.364706 0.228431 0.366667 0.229412 0.374510 0.229412 0.376471 0.228431 0.378431 0.227451 0.380392 0.225490 0.381373 0.225490 0.382353 0.224510 0.389216 0.216667 0.390196 0.213725 0.393137 0.210784 0.396078 0.209804 0.400000 0.209804 0.403922 0.208824 0.405882 0.207843 0.408824 0.203922 0.409804 0.201961 0.409804 0.200000 0.408824 0.197059 0.405882 0.193137 0.404902 0.189216 0.400980 0.185294 0.400000 0.183333 0.399020 0.181373 0.398039 0.178431 0.398039 0.174510 0.399020 0.173529 0.399020 0.168627 0.401961 0.160784 0.402941 0.155882 0.402941 0.150000 0.401961 0.139216 0.399020 0.131373 0.399020 0.127451 0.400000 0.125490 0.402941 0.120588 0.404902 0.117647 0.415686 0.106863 0.417647 0.103922 0.418627 0.100980 0.419608 0.097059 0.420588 0.092157 0.420588 0.079412 0.423529 0.073529 0.426471 0.070588 0.431373 0.068627 0.435294 0.068627 0.437255 0.065686 0.437255 0.064706 0.442157 0.063725 0.447059 0.067647 0.464706 0.067647 0.466667 0.066667 0.468627 0.065686 0.475490 0.059804 0.481373 0.053922 0.482353 0.051961 0.483333 0.048039 0.484314 0.044118 0.484314 0.039216 0.483333 0.038235 0.483333 0.032353 0.484314 0.030392 0.486275 0.027451 0.488235 0.025490 0.490196 0.024510 0.493137 0.021569 0.491176 0.020588 0.489216 0.018627 0.486275 0.017647 0.470588 0.017647 0.466667 0.016667 0.462745 0.014706 0.458824 0.013725 0.454902 0.012745 0.446078 0.012745
6 0.650980 0.929412 0.653922 0.930392 0.653922 0.932353 0.651961 0.934314 0.652941 0.936275 0.651961 0.937255 0.649020 0.936275 0.648039 0.940196 0.650980 0.941176 0.651961 0.937255 0.652941 0.936275 0.654902 0.937255 0.654902 0.940196 0.650980 0.944118 0.648039 0.944118 0.646078 0.941176 0.644118 0.943137 0.646078 0.945098 0.647059 0.948039 0.650000 0.950000 0.648039 0.950980 0.646078 0.953922 0.642157 0.950980 0.642157 0.949020 0.644118 0.947059 0.641176 0.944118 0.641176 0.942157 0.644118 0.939216 0.641176 0.935294 0.641176 0.931373 0.647059 0.930392 0.649020 0.928431 0.649020 0.926471 0.650980 0.929412
6 0.652941 0.922549 0.652941 0.924510 0.654902 0.922549 0.652941 0.922549
6 0.524510 0.910784 0.525490 0.912745 0.526471 0.910784 0.524510 0.910784
6 0.871569 0.843137 0.871569 0.846078 0.873529 0.846078 0.871569 0.843137
6 0.867647 0.841176 0.866667 0.843137 0.862745 0.844118 0.862745 0.846078 0.860784 0.847059 0.859804 0.850980 0.862745 0.854902 0.863725 0.855882 0.867647 0.857843 0.869608 0.857843 0.873529 0.854902 0.873529 0.851961 0.870588 0.850980 0.869608 0.848039 0.866667 0.846078 0.867647 0.842157 0.869608 0.842157 0.869608 0.840196 0.867647 0.841176
6 0.896078 0.837255 0.898039 0.840196 0.900980 0.841176 0.902941 0.843137 0.903922 0.847059 0.901961 0.849020 0.903922 0.851961 0.902941 0.855882 0.903922 0.861765 0.901961 0.863725 0.900980 0.862745 0.900000 0.858824 0.898039 0.860784 0.900980 0.862745 0.901961 0.863725 0.901961 0.866667 0.903922 0.868627 0.901961 0.871569 0.901961 0.872549 0.898039 0.874510 0.897059 0.876471 0.897059 0.878431 0.894118 0.880392 0.894118 0.882353 0.892157 0.882353 0.891176 0.879412 0.893137 0.877451 0.891176 0.874510 0.889216 0.875490 0.887255 0.873529 0.881373 0.873529 0.876471 0.871569 0.875490 0.869608 0.873529 0.861765 0.873529 0.858824 0.876471 0.855882 0.879412 0.857843 0.881373 0.857843 0.885294 0.856863 0.886275 0.858824 0.888235 0.858824 0.890196 0.856863 0.888235 0.852941 0.890196 0.850980 0.890196 0.847059 0.887255 0.845098 0.889216 0.844118 0.891176 0.842157 0.892157 0.839216 0.893137 0.839216 0.896078 0.837255
6 0.883333 0.816667 0.885294 0.819608 0.885294 0.816667 0.883333 0.816667
6 0.892157 0.808824 0.892157 0.810784 0.894118 0.811765 0.895098 0.813725 0.892157 0.816667 0.888235 0.812745 0.887255 0.815686 0.890196 0.816667 0.889216 0.820588 0.888235 0.820588 0.887255 0.822549 0.889216 0.822549 0.890196 0.819608 0.894118 0.819608 0.895098 0.815686 0.898039 0.816667 0.899020 0.819608 0.902941 0.820588 0.902941 0.822549 0.900980 0.824510 0.899020 0.824510 0.895098 0.821569 0.893137 0.824510 0.891176 0.824510 0.892157 0.826471 0.893137 0.826471 0.895098 0.828431 0.895098 0.830392 0.897059 0.830392 0.898039 0.826471 0.901961 0.825490 0.901961 0.824510 0.903922 0.821569 0.901961 0.819608 0.901961 0.816667 0.903922 0.814706 0.902941 0.812745 0.902941 0.814706 0.900980 0.816667 0.897059 0.815686 0.897059 0.812745 0.899020 0.810784 0.900980 0.810784 0.900980 0.808824 0.898039 0.808824 0.894118 0.810784 0.894118 0.809804 0.892157 0.808824
6 0.899020 0.801961 0.900000 0.803922 0.900980 0.801961 0.899020 0.801961
6 0.892157 0.793137 0.893137 0.795098 0.894118 0.795098 0.896078 0.799020 0.897059 0.796078 0.900980 0.795098 0.900980 0.793137 0.897059 0.794118 0.897059 0.795098 0.894118 0.795098 0.894118 0.794118 0.892157 0.793137
6 0.434314 0.483333 0.436275 0.485294 0.436275 0.497059 0.437255 0.500000 0.439216 0.501961 0.446078 0.500980 0.448039 0.502941 0.448039 0.508824 0.449020 0.511765 0.450000 0.513725 0.451961 0.515686 0.452941 0.517647 0.452941 0.532353 0.454902 0.534314 0.456863 0.534314 0.461765 0.533333 0.463725 0.535294 0.463725 0.536275 0.466667 0.539216 0.467647 0.541176 0.467647 0.543137 0.469608 0.546078 0.471569 0.548039 0.476471 0.550980 0.480392 0.551961 0.482353 0.553922 0.484314 0.561765 0.485294 0.563725 0.486275 0.564706 0.488235 0.565686 0.488235 0.566667 0.490196 0.568627 0.494118 0.567647 0.498039 0.570588 0.499020 0.571569 0.500000 0.574510 0.501961 0.576471 0.503922 0.577451 0.506863 0.577451 0.507843 0.580392 0.508824 0.581373 0.509804 0.581373 0.511765 0.583333 0.515686 0.584314 0.519608 0.588235 0.521569 0.589216 0.523529 0.589216 0.525490 0.590196 0.526471 0.592157 0.528431 0.593137 0.531373 0.594118 0.537255 0.595098 0.540196 0.598039 0.543137 0.598039 0.544118 0.599020 0.546078 0.599020 0.547059 0.598039 0.549020 0.598039 0.550000 0.599020 0.551961 0.599020 0.553922 0.597059 0.556863 0.596078 0.559804 0.595098 0.559804 0.598039 0.563725 0.599020 0.566667 0.600980 0.569608 0.599020 0.569608 0.598039 0.572549 0.597059 0.574510 0.595098 0.576471 0.595098 0.578431 0.598039 0.580392 0.599020 0.582353 0.600000 0.587255 0.599020 0.591176 0.600980 0.600000 0.600980 0.601961 0.599020 0.606863 0.600000 0.609804 0.598039 0.612745 0.598039 0.613725 0.599020 0.617647 0.598039 0.619608 0.599020 0.624510 0.604902 0.627451 0.607843 0.630392 0.608824 0.637255 0.609804 0.639216 0.610784 0.639216 0.612745 0.643137 0.616667 0.646078 0.617647 0.652941 0.617647 0.654902 0.618627 0.655882 0.619608 0.655882 0.620588 0.656863 0.621569 0.658824 0.622549 0.660784 0.622549 0.665686 0.622549 0.670588 0.624510 0.680392 0.624510 0.681373 0.625490 0.686275 0.625490 0.687255 0.628431 0.688235 0.629412 0.690196 0.630392 0.692157 0.631373 0.694118 0.631373 0.695098 0.630392 0.698039 0.630392 0.701961 0.634314 0.702941 0.637255 0.704902 0.639216 0.706863 0.639216 0.713725 0.639216 0.716667 0.640196 0.718627 0.642157 0.718627 0.643137 0.721569 0.644118 0.723529 0.646078 0.727451 0.645098 0.729412 0.646078 0.732353 0.649020 0.733333 0.652941 0.735294 0.654902 0.744118 0.654902 0.748039 0.655882 0.750000 0.657843 0.750000 0.659804 0.751961 0.661765 0.750000 0.664706 0.750000 0.666667 0.752941 0.669608 0.754902 0.670588 0.758824 0.668627 0.761765 0.670588 0.762745 0.670588 0.763725 0.671569 0.764706 0.673529 0.764706 0.684314 0.765686 0.691176 0.766667 0.693137 0.770588 0.697059 0.771569 0.697059 0.775490 0.700980 0.777451 0.702941 0.779412 0.704902 0.778431 0.706863 0.778431 0.708824 0.780392 0.710784 0.781373 0.714706 0.782353 0.716667 0.783333 0.717647 0.785294 0.718627 0.787255 0.719608 0.788235 0.721569 0.792157 0.724510 0.794118 0.726471 0.795098 0.727451 0.796078 0.729412 0.797059 0.736275 0.799020 0.738235 0.801961 0.735294 0.800980 0.738235 0.800980 0.742157 0.803922 0.740196 0.806863 0.743137 0.808824 0.744118 0.808824 0.748039 0.809804 0.749020 0.809804 0.750980 0.807843 0.749020 0.804902 0.749020 0.802941 0.751961 0.800980 0.750980 0.800980 0.750000 0.793137 0.748039 0.781373 0.748039 0.778431 0.750980 0.776471 0.749020 0.773529 0.749020 0.766667 0.750000 0.764706 0.751961 0.764706 0.755882 0.763725 0.758824 0.760784 0.762745 0.759804 0.763725 0.757843 0.764706 0.755882 0.765686 0.752941 0.764706 0.749020 0.767647 0.750000 0.770588 0.748039 0.772549 0.747059 0.775490 0.742157 0.779412 0.740196 0.780392 0.735294 0.780392 0.733333 0.782353 0.733333 0.786275 0.731373 0.789216 0.729412 0.789216 0.727451 0.791176 0.727451 0.793137 0.726471 0.795098 0.724510 0.796078 0.719608 0.796078 0.718627 0.803922 0.717647 0.807843 0.714706 0.810784 0.711765 0.810784 0.708824 0.813725 0.706863 0.813725 0.703922 0.812745 0.702941 0.814706 0.704902 0.816667 0.706863 0.813725 0.708824 0.813725 0.707843 0.816667 0.706863 0.816667 0.703922 0.818627 0.701961 0.820588 0.701961 0.831373 0.700980 0.837255 0.699020 0.839216 0.698039 0.842157 0.696078 0.842157 0.693137 0.845098 0.689216 0.843137 0.687255 0.845098 0.689216 0.849020 0.687255 0.851961 0.688235 0.855882 0.688235 0.864706 0.687255 0.882353 0.686275 0.889216 0.685294 0.890196 0.684314 0.892157 0.680392 0.891176 0.679412 0.894118 0.681373 0.895098 0.679412 0.896078 0.678431 0.894118 0.675490 0.894118 0.675490 0.892157 0.672549 0.891176 0.671569 0.894118 0.673529 0.895098 0.670588 0.895098 0.668627 0.896078 0.670588 0.898039 0.670588 0.900980 0.669608 0.901961 0.669608 0.904902 0.669608 0.911765 0.670588 0.915686 0.668627 0.916667 0.666667 0.913725 0.663725 0.913725 0.661765 0.915686 0.664706 0.918627 0.662745 0.920588 0.661765 0.923529 0.659804 0.919608 0.660784 0.916667 0.658824 0.914706 0.657843 0.914706 0.655882 0.912745 0.655882 0.910784 0.651961 0.909804 0.650980 0.909804 0.651961 0.906863 0.655882 0.905882 0.657843 0.901961 0.657843 0.900000 0.653922 0.896078 0.651961 0.898039 0.650000 0.898039 0.647059 0.900980 0.647059 0.902941 0.648039 0.908824 0.650980 0.909804 0.651961 0.909804 0.650980 0.911765 0.646078 0.909804 0.643137 0.912745 0.641176 0.912745 0.640196 0.910784 0.640196 0.908824 0.643137 0.909804 0.644118 0.906863 0.641176 0.905882 0.640196 0.908824 0.640196 0.910784 0.635294 0.912745 0.632353 0.913725 0.632353 0.916667 0.634314 0.918627 0.632353 0.921569 0.631373 0.923529 0.619608 0.925490 0.618627 0.921569 0.616667 0.923529 0.612745 0.923529 0.610784 0.921569 0.608824 0.923529 0.610784 0.925490 0.612745 0.923529 0.616667 0.923529 0.619608 0.925490 0.631373 0.923529 0.633333 0.926471 0.632353 0.935294 0.631373 0.941176 0.629412 0.943137 0.629412 0.947059 0.628431 0.950000 0.625490 0.950980 0.624510 0.949020 0.619608 0.950000 0.617647 0.950980 0.617647 0.949020 0.619608 0.946078 0.615686 0.947059 0.617647 0.949020 0.617647 0.950980 0.615686 0.952941 0.615686 0.954902 0.613725 0.955882 0.613725 0.953922 0.612745 0.952941 0.611765 0.950980 0.611765 0.949020 0.611765 0.945098 0.612745 0.944118 0.616667 0.943137 0.617647 0.941176 0.619608 0.941176 0.620588 0.938235 0.617647 0.937255 0.615686 0.939216 0.617647 0.941176 0.616667 0.943137 0.614706 0.941176 0.613725 0.940196 0.611765 0.937255 0.608824 0.939216 0.609804 0.941176 0.611765 0.942157 0.613725 0.940196 0.614706 0.941176 0.612745 0.944118 0.611765 0.945098 0.609804 0.947059 0.611765 0.949020 0.611765 0.950980 0.608824 0.953922 0.608824 0.955882 0.611765 0.957843 0.609804 0.958824 0.608824 0.957843 0.606863 0.957843 0.603922 0.960784 0.601961 0.960784 0.600980 0.966667 0.600000 0.970588 0.597059 0.974510 0.593137 0.976471 0.592157 0.979412 0.588235 0.982353 0.589216 0.984314 0.585294 0.985294 0.587255 0.988235 0.589216 0.984314 0.588235 0.982353 0.592157 0.984314 0.592157 0.986275 0.589216 0.987255 0.588235 0.990196 0.584314 0.989216 0.578431 0.991176 0.575490 0.994118 0.572549 0.992157 0.569608 0.992157 0.568627 0.993137 0.566667 0.993137 0.565686 0.992157 0.562745 0.992157 0.561765 0.989216 0.557843 0.988235 0.556863 0.990196 0.555882 0.989216 0.557843 0.988235 0.557843 0.985294 0.555882 0.983333 0.551961 0.986275 0.550980 0.979412 0.550980 0.976471 0.552941 0.974510 0.550980 0.971569 0.550980 0.969608 0.548039 0.966667 0.547059 0.961765 0.548039 0.955882 0.549020 0.950000 0.550980 0.947059 0.552941 0.946078 0.553922 0.944118 0.553922 0.942157 0.550980 0.939216 0.554902 0.940196 0.557843 0.938235 0.559804 0.938235 0.561765 0.937255 0.562745 0.936275 0.563725 0.934314 0.563725 0.926471 0.567647 0.922549 0.570588 0.924510 0.572549 0.924510 0.574510 0.922549 0.578431 0.921569 0.579412 0.919608 0.579412 0.917647 0.581373 0.915686 0.583333 0.914706 0.586275 0.917647 0.586275 0.921569 0.585294 0.924510 0.588235 0.925490 0.589216 0.922549 0.586275 0.921569 0.586275 0.917647 0.588235 0.917647 0.593137 0.923529 0.596078 0.925490 0.597059 0.922549 0.593137 0.923529 0.588235 0.917647 0.592157 0.914706 0.593137 0.909804 0.591176 0.906863 0.594118 0.903922 0.603922 0.903922 0.605882 0.905882 0.608824 0.903922 0.604902 0.901961 0.603922 0.903922 0.594118 0.903922 0.593137 0.899020 0.595098 0.893137 0.594118 0.881373 0.594118 0.879412 0.595098 0.876471 0.604902 0.875490 0.606863 0.874510 0.608824 0.872549 0.609804 0.867647 0.609804 0.859804 0.610784 0.852941 0.611765 0.850980 0.612745 0.850000 0.613725 0.850000 0.615686 0.844118 0.619608 0.841176 0.621569 0.841176 0.622549 0.831373 0.621569 0.829412 0.618627 0.826471 0.616667 0.826471 0.616667 0.817647 0.614706 0.813725 0.613725 0.811765 0.602941 0.810784 0.600000 0.809804 0.599020 0.806863 0.597059 0.804902 0.594118 0.804902 0.591176 0.807843 0.588235 0.809804 0.585294 0.809804 0.583333 0.807843 0.573529 0.810784 0.570588 0.810784 0.569608 0.802941 0.573529 0.801961 0.575490 0.804902 0.577451 0.802941 0.575490 0.800000 0.573529 0.801961 0.569608 0.802941 0.567647 0.800980 0.565686 0.802941 0.564706 0.804902 0.562745 0.805882 0.559804 0.805882 0.556863 0.804902 0.554902 0.803922 0.553922 0.800980 0.550980 0.800000 0.549020 0.802941 0.548039 0.799020 0.543137 0.797059 0.534314 0.796078 0.532353 0.796078 0.529412 0.799020 0.526471 0.802941 0.521569 0.800980 0.517647 0.801961 0.516667 0.797059 0.511765 0.796078 0.509804 0.795098 0.507843 0.796078 0.505882 0.798039 0.501961 0.796078 0.500000 0.798039 0.499020 0.800980 0.497059 0.801961 0.494118 0.801961 0.491176 0.799020 0.485294 0.796078 0.481373 0.795098 0.478431 0.794118 0.478431 0.790196 0.477451 0.788235 0.474510 0.783333 0.472549 0.781373 0.469608 0.780392 0.468627 0.776471 0.467647 0.773529 0.465686 0.771569 0.462745 0.771569 0.461765 0.768627 0.459804 0.766667 0.454902 0.764706 0.452941 0.764706 0.451961 0.765686 0.450000 0.765686 0.445098 0.763725 0.439216 0.758824 0.434314 0.759804 0.431373 0.757843 0.426471 0.757843 0.423529 0.756863 0.421569 0.754902 0.421569 0.753922 0.419608 0.751961 0.415686 0.750000 0.407843 0.749020 0.405882 0.750000 0.403922 0.750000 0.400980 0.749020 0.399020 0.748039 0.383333 0.740196 0.377451 0.735294 0.373529 0.734314 0.370588 0.734314 0.366667 0.733333 0.358824 0.729412 0.355882 0.726471 0.351961 0.725490 0.348039 0.723529 0.344118 0.719608 0.340196 0.718627 0.337255 0.718627 0.333333 0.717647 0.329412 0.714706 0.326471 0.714706 0.323529 0.713725 0.321569 0.712745 0.319608 0.710784 0.317647 0.709804 0.315686 0.709804 0.313725 0.708824 0.308824 0.703922 0.299020 0.702941 0.269608 0.701961 0.250980 0.701961 0.248039 0.704902 0.248039 0.705882 0.244118 0.709804 0.242157 0.709804 0.240196 0.707843 0.235294 0.708824 0.237255 0.705882 0.230392 0.703922 0.225490 0.702941 0.223529 0.701961 0.220588 0.697059 0.219608 0.695098 0.218627 0.688235 0.217647 0.682353 0.217647 0.673529 0.215686 0.669608 0.214706 0.661765 0.216667 0.655882 0.217647 0.649020 0.217647 0.641176 0.220588 0.635294 0.223529 0.631373 0.226471 0.623529 0.227451 0.621569 0.229412 0.619608 0.230392 0.617647 0.231373 0.614706 0.231373 0.611765 0.234314 0.606863 0.235294 0.603922 0.235294 0.600980 0.236275 0.599020 0.247059 0.594118 0.249020 0.593137 0.250000 0.592157 0.250000 0.591176 0.251961 0.589216 0.252941 0.589216 0.255882 0.586275 0.256863 0.583333 0.259804 0.580392 0.259804 0.579412 0.261765 0.577451 0.262745 0.577451 0.264706 0.575490 0.264706 0.574510 0.266667 0.572549 0.270588 0.570588 0.277451 0.563725 0.282353 0.559804 0.285294 0.558824 0.288235 0.556863 0.290196 0.553922 0.294118 0.551961 0.298039 0.548039 0.308824 0.541176 0.314706 0.535294 0.321569 0.530392 0.324510 0.529412 0.327451 0.526471 0.330392 0.524510 0.335294 0.522549 0.338235 0.519608 0.341176 0.518627 0.346078 0.513725 0.352941 0.509804 0.354902 0.508824 0.357843 0.507843 0.363725 0.506863 0.365686 0.505882 0.367647 0.503922 0.369608 0.502941 0.371569 0.501961 0.376471 0.500980 0.383333 0.499020 0.388235 0.499020 0.391176 0.497059 0.397059 0.497059 0.402941 0.496078 0.405882 0.493137 0.406863 0.490196 0.412745 0.489216 0.416667 0.486275 0.418627 0.485294 0.425490 0.485294 0.434314 0.483333
6 0.513725 0.468627 0.517647 0.471569 0.519608 0.469608 0.522549 0.470588 0.522549 0.471569 0.521569 0.472549 0.519608 0.474510 0.519608 0.475490 0.517647 0.476471 0.519608 0.482353 0.525490 0.482353 0.522549 0.484314 0.522549 0.486275 0.525490 0.487255 0.529412 0.484314 0.531373 0.482353 0.531373 0.476471 0.530392 0.472549 0.527451 0.471569 0.526471 0.474510 0.523529 0.474510 0.521569 0.472549 0.522549 0.471569 0.526471 0.472549 0.527451 0.469608 0.533333 0.468627 0.537255 0.468627 0.540196 0.471569 0.544118 0.469608 0.543137 0.473529 0.545098 0.476471 0.545098 0.479412 0.543137 0.481373 0.541176 0.479412 0.537255 0.476471 0.536275 0.478431 0.541176 0.479412 0.543137 0.481373 0.544118 0.487255 0.543137 0.489216 0.541176 0.491176 0.539216 0.491176 0.536275 0.488235 0.534314 0.488235 0.535294 0.485294 0.531373 0.484314 0.530392 0.486275 0.532353 0.488235 0.534314 0.488235 0.536275 0.488235 0.537255 0.486275 0.541176 0.487255 0.539216 0.484314 0.537255 0.486275 0.536275 0.488235 0.533333 0.491176 0.530392 0.490196 0.530392 0.489216 0.527451 0.491176 0.529412 0.492157 0.529412 0.495098 0.526471 0.498039 0.525490 0.495098 0.521569 0.491176 0.519608 0.492157 0.518627 0.492157 0.521569 0.496078 0.525490 0.495098 0.526471 0.498039 0.524510 0.499020 0.515686 0.499020 0.514706 0.502941 0.517647 0.504902 0.515686 0.507843 0.515686 0.509804 0.517647 0.511765 0.520588 0.513725 0.525490 0.513725 0.527451 0.514706 0.529412 0.516667 0.528431 0.530392 0.518627 0.530392 0.516667 0.530392 0.515686 0.527451 0.516667 0.516667 0.513725 0.513725 0.500000 0.513725 0.501961 0.509804 0.500980 0.500000 0.499020 0.498039 0.492157 0.498039 0.491176 0.497059 0.489216 0.497059 0.492157 0.494118 0.490196 0.492157 0.485294 0.491176 0.484314 0.489216 0.484314 0.485294 0.481373 0.482353 0.475490 0.482353 0.474510 0.481373 0.470588 0.481373 0.474510 0.481373 0.476471 0.479412 0.477451 0.479412 0.478431 0.476471 0.478431 0.473529 0.480392 0.476471 0.483333 0.475490 0.483333 0.474510 0.484314 0.473529 0.486275 0.472549 0.488235 0.473529 0.488235 0.475490 0.486275 0.477451 0.488235 0.480392 0.492157 0.480392 0.495098 0.479412 0.493137 0.476471 0.491176 0.474510 0.495098 0.473529 0.497059 0.476471 0.499020 0.474510 0.498039 0.470588 0.507843 0.471569 0.508824 0.476471 0.506863 0.478431 0.510784 0.478431 0.508824 0.476471 0.507843 0.471569 0.509804 0.471569 0.513725 0.468627
6 0.692157 0.282353 0.685294 0.283333 0.683333 0.285294 0.680392 0.285294 0.678431 0.283333 0.676471 0.283333 0.674510 0.284314 0.672549 0.286275 0.671569 0.288235 0.670588 0.290196 0.670588 0.294118 0.672549 0.294118 0.673529 0.295098 0.679412 0.295098 0.693137 0.294118 0.698039 0.289216 0.700000 0.289216 0.701961 0.287255 0.701961 0.282353 0.696078 0.283333 0.692157 0.282353
6 0.563725 0.017647 0.565686 0.017647 0.588235 0.015686 0.595098 0.016667 0.597059 0.016667 0.609804 0.014706 0.623529 0.014706 0.632353 0.015686 0.640196 0.016667 0.643137 0.018627 0.646078 0.018627 0.653922 0.021569 0.668627 0.028431 0.672549 0.030392 0.676471 0.030392 0.680392 0.032353 0.684314 0.032353 0.693137 0.035294 0.700980 0.038235 0.712745 0.044118 0.715686 0.044118 0.719608 0.047059 0.724510 0.048039 0.726471 0.049020 0.728431 0.050980 0.732353 0.051961 0.736275 0.054902 0.738235 0.054902 0.740196 0.055882 0.743137 0.058824 0.745098 0.058824 0.747059 0.059804 0.751961 0.064706 0.755882 0.064706 0.757843 0.067647 0.758824 0.067647 0.762745 0.070588 0.763725 0.074510 0.764706 0.076471 0.765686 0.077451 0.767647 0.078431 0.771569 0.078431 0.778431 0.085294 0.779412 0.087255 0.779412 0.089216 0.780392 0.091176 0.783333 0.094118 0.785294 0.094118 0.787255 0.095098 0.788235 0.096078 0.791176 0.100000 0.794118 0.103922 0.795098 0.105882 0.797059 0.112745 0.799020 0.114706 0.799020 0.116667 0.800980 0.119608 0.804902 0.124510 0.807843 0.129412 0.808824 0.131373 0.809804 0.133333 0.810784 0.136275 0.811765 0.141176 0.812745 0.146078 0.812745 0.151961 0.813725 0.153922 0.817647 0.157843 0.817647 0.166667 0.819608 0.175490 0.818627 0.180392 0.819608 0.186275 0.818627 0.200980 0.817647 0.202941 0.816667 0.203922 0.815686 0.203922 0.813725 0.205882 0.813725 0.208824 0.811765 0.211765 0.811765 0.216667 0.809804 0.219608 0.809804 0.222549 0.808824 0.224510 0.804902 0.226471 0.802941 0.228431 0.803922 0.231373 0.800980 0.232353 0.800980 0.224510 0.799020 0.222549 0.797059 0.216667 0.795098 0.215686 0.792157 0.215686 0.788235 0.212745 0.785294 0.208824 0.784314 0.205882 0.785294 0.196078 0.787255 0.194118 0.787255 0.192157 0.785294 0.189216 0.785294 0.185294 0.784314 0.182353 0.785294 0.177451 0.783333 0.167647 0.783333 0.156863 0.784314 0.142157 0.785294 0.140196 0.787255 0.138235 0.788235 0.136275 0.790196 0.131373 0.788235 0.129412 0.786275 0.129412 0.785294 0.130392 0.782353 0.130392 0.778431 0.127451 0.773529 0.125490 0.769608 0.125490 0.759804 0.122549 0.756863 0.121569 0.754902 0.119608 0.751961 0.118627 0.751961 0.115686 0.750980 0.114706 0.750980 0.108824 0.750000 0.106863 0.749020 0.104902 0.746078 0.101961 0.744118 0.100980 0.735294 0.100980 0.731373 0.102941 0.725490 0.102941 0.722549 0.103922 0.719608 0.104902 0.716667 0.107843 0.713725 0.107843 0.711765 0.108824 0.704902 0.112745 0.699020 0.118627 0.696078 0.120588 0.692157 0.123529 0.690196 0.123529 0.688235 0.124510 0.684314 0.128431 0.681373 0.129412 0.680392 0.130392 0.672549 0.138235 0.669608 0.141176 0.667647 0.144118 0.666667 0.146078 0.666667 0.149020 0.665686 0.151961 0.664706 0.153922 0.658824 0.158824 0.657843 0.159804 0.654902 0.163725 0.651961 0.169608 0.650000 0.173529 0.649020 0.179412 0.649020 0.184314 0.647059 0.189216 0.647059 0.198039 0.648039 0.203922 0.650000 0.206863 0.650000 0.209804 0.647059 0.213725 0.644118 0.216667 0.640196 0.217647 0.630392 0.226471 0.624510 0.233333 0.621569 0.236275 0.620588 0.236275 0.617647 0.240196 0.615686 0.242157 0.610784 0.247059 0.609804 0.248039 0.607843 0.249020 0.604902 0.250000 0.601961 0.252941 0.598039 0.259804 0.598039 0.262745 0.597059 0.264706 0.595098 0.266667 0.594118 0.269608 0.593137 0.275490 0.593137 0.280392 0.594118 0.284314 0.597059 0.288235 0.600000 0.291176 0.602941 0.293137 0.603922 0.293137 0.604902 0.296078 0.606863 0.298039 0.608824 0.299020 0.605882 0.299020 0.604902 0.301961 0.602941 0.302941 0.599020 0.303922 0.594118 0.303922 0.590196 0.305882 0.549020 0.305882 0.520588 0.301961 0.508824 0.301961 0.500980 0.300980 0.492157 0.300000 0.487255 0.298039 0.482353 0.298039 0.473529 0.296078 0.456863 0.292157 0.452941 0.291176 0.446078 0.288235 0.439216 0.287255 0.436275 0.286275 0.433333 0.284314 0.430392 0.283333 0.425490 0.283333 0.421569 0.282353 0.415686 0.279412 0.411765 0.279412 0.408824 0.278431 0.400000 0.272549 0.395098 0.271569 0.390196 0.268627 0.387255 0.268627 0.379412 0.265686 0.374510 0.263725 0.372549 0.262745 0.369608 0.259804 0.361765 0.255882 0.357843 0.251961 0.357843 0.245098 0.356863 0.242157 0.353922 0.239216 0.352941 0.234314 0.350000 0.233333 0.348039 0.231373 0.345098 0.224510 0.346078 0.220588 0.345098 0.217647 0.343137 0.216667 0.343137 0.209804 0.344118 0.207843 0.346078 0.207843 0.347059 0.211765 0.349020 0.213725 0.353922 0.214706 0.355882 0.215686 0.355882 0.220588 0.354902 0.221569 0.355882 0.218627 0.352941 0.217647 0.350980 0.219608 0.354902 0.221569 0.355882 0.220588 0.356863 0.226471 0.357843 0.230392 0.360784 0.233333 0.374510 0.233333 0.377451 0.231373 0.383333 0.224510 0.385294 0.222549 0.387255 0.220588 0.391176 0.218627 0.392157 0.216667 0.396078 0.213725 0.400980 0.210784 0.403922 0.210784 0.406863 0.208824 0.409804 0.206863 0.411765 0.204902 0.412745 0.200980 0.411765 0.199020 0.411765 0.197059 0.407843 0.193137 0.406863 0.189216 0.403922 0.185294 0.402941 0.183333 0.401961 0.180392 0.400980 0.177451 0.400980 0.175490 0.401961 0.169608 0.402941 0.164706 0.404902 0.160784 0.403922 0.144118 0.403922 0.140196 0.404902 0.139216 0.403922 0.134314 0.404902 0.129412 0.405882 0.127451 0.411765 0.122549 0.415686 0.117647 0.415686 0.114706 0.419608 0.110784 0.420588 0.108824 0.421569 0.106863 0.422549 0.098039 0.424510 0.095098 0.423529 0.092157 0.427451 0.087255 0.426471 0.085294 0.426471 0.083333 0.428431 0.081373 0.431373 0.080392 0.434314 0.077451 0.439216 0.074510 0.447059 0.070588 0.453922 0.071569 0.455882 0.071569 0.460784 0.070588 0.465686 0.069608 0.468627 0.067647 0.473529 0.063725 0.474510 0.063725 0.479412 0.059804 0.480392 0.059804 0.481373 0.058824 0.481373 0.057843 0.483333 0.055882 0.484314 0.053922 0.485294 0.050980 0.486275 0.048039 0.486275 0.034314 0.487255 0.032353 0.488235 0.031373 0.492157 0.028431 0.496078 0.026471 0.501961 0.019608 0.505882 0.029412 0.508824 0.034314 0.516667 0.042157 0.520588 0.043137 0.528431 0.039216 0.539216 0.028431 0.540196 0.025490 0.542157 0.022549 0.545098 0.019608 0.547059 0.018627 0.550000 0.018627 0.552941 0.016667 0.559804 0.014706 0.563725 0.017647
5 0.330392 0.819608 0.327451 0.822549 0.327451 0.823529 0.325490 0.825490 0.322549 0.825490 0.320588 0.826471 0.313725 0.833333 0.311765 0.838235 0.309804 0.840196 0.305882 0.841176 0.301961 0.841176 0.292157 0.839216 0.284314 0.838235 0.281373 0.838235 0.280392 0.839216 0.276471 0.839216 0.272549 0.841176 0.265686 0.841176 0.259804 0.842157 0.255882 0.843137 0.251961 0.845098 0.250000 0.847059 0.249020 0.849020 0.249020 0.855882 0.248039 0.857843 0.244118 0.861765 0.243137 0.864706 0.241176 0.867647 0.236275 0.872549 0.236275 0.874510 0.237255 0.876471 0.235294 0.885294 0.237255 0.891176 0.237255 0.900000 0.238235 0.904902 0.240196 0.906863 0.241176 0.911765 0.241176 0.919608 0.239216 0.921569 0.235294 0.922549 0.233333 0.924510 0.232353 0.927451 0.227451 0.928431 0.223529 0.931373 0.218627 0.932353 0.215686 0.935294 0.210784 0.936275 0.201961 0.937255 0.188235 0.937255 0.185294 0.936275 0.183333 0.934314 0.178431 0.933333 0.176471 0.932353 0.174510 0.931373 0.169608 0.925490 0.167647 0.926471 0.166667 0.926471 0.165686 0.935294 0.169608 0.938235 0.170588 0.940196 0.170588 0.943137 0.172549 0.946078 0.172549 0.950980 0.174510 0.954902 0.178431 0.962745 0.178431 0.971569 0.176471 0.974510 0.176471 0.978431 0.177451 0.981373 0.180392 0.984314 0.185294 0.985294 0.189216 0.989216 0.193137 0.990196 0.195098 0.992157 0.195098 0.993137 0.199020 0.996078 0.200000 0.999020 0.389216 0.999020 0.389216 0.996078 0.390196 0.995098 0.390196 0.992157 0.389216 0.969608 0.388235 0.967647 0.387255 0.966667 0.385294 0.965686 0.376471 0.961765 0.374510 0.959804 0.373529 0.955882 0.373529 0.952941 0.371569 0.951961 0.368627 0.951961 0.366667 0.950980 0.365686 0.950000 0.364706 0.948039 0.364706 0.946078 0.366667 0.944118 0.366667 0.943137 0.366667 0.938235 0.368627 0.936275 0.368627 0.934314 0.367647 0.933333 0.367647 0.930392 0.370588 0.928431 0.371569 0.926471 0.372549 0.923529 0.373529 0.920588 0.373529 0.915686 0.376471 0.912745 0.379412 0.912745 0.387255 0.913725 0.389216 0.915686 0.389216 0.918627 0.390196 0.920588 0.393137 0.921569 0.400000 0.920588 0.402941 0.921569 0.405882 0.924510 0.405882 0.926471 0.406863 0.928431 0.407843 0.929412 0.412745 0.931373 0.418627 0.931373 0.420588 0.931373 0.427451 0.931373 0.430392 0.929412 0.432353 0.929412 0.435294 0.930392 0.437255 0.932353 0.438235 0.936275 0.450000 0.935294 0.452941 0.938235 0.452941 0.945098 0.451961 0.950000 0.449020 0.952941 0.449020 0.953922 0.447059 0.955882 0.442157 0.956863 0.440196 0.957843 0.438235 0.958824 0.435294 0.961765 0.428431 0.964706 0.427451 0.966667 0.425490 0.967647 0.423529 0.967647 0.419608 0.971569 0.416667 0.975490 0.413725 0.979412 0.411765 0.985294 0.411765 0.987255 0.413725 0.995098 0.415686 0.996078 0.420588 0.996078 0.425490 0.997059 0.426471 0.999020 0.429412 0.999020 0.430392 0.997059 0.436275 0.997059 0.440196 0.995098 0.444118 0.996078 0.446078 0.994118 0.450980 0.993137 0.459804 0.984314 0.462745 0.981373 0.463725 0.978431 0.469608 0.978431 0.472549 0.981373 0.473529 0.981373 0.475490 0.983333 0.476471 0.985294 0.477451 0.987255 0.477451 0.989216 0.479412 0.993137 0.482353 0.997059 0.482353 0.999020 0.530392 0.999020 0.531373 0.994118 0.530392 0.992157 0.523529 0.985294 0.521569 0.982353 0.521569 0.979412 0.523529 0.977451 0.525490 0.977451 0.528431 0.974510 0.529412 0.972549 0.529412 0.966667 0.528431 0.962745 0.525490 0.958824 0.520588 0.953922 0.517647 0.952941 0.511765 0.947059 0.509804 0.946078 0.507843 0.945098 0.502941 0.943137 0.497059 0.942157 0.491176 0.943137 0.487255 0.943137 0.480392 0.941176 0.477451 0.940196 0.473529 0.937255 0.472549 0.937255 0.470588 0.936275 0.469608 0.935294 0.468627 0.933333 0.467647 0.929412 0.467647 0.925490 0.465686 0.922549 0.464706 0.915686 0.463725 0.912745 0.461765 0.907843 0.460784 0.905882 0.451961 0.890196 0.450000 0.884314 0.448039 0.879412 0.446078 0.876471 0.440196 0.869608 0.437255 0.863725 0.433333 0.859804 0.431373 0.858824 0.424510 0.857843 0.421569 0.854902 0.419608 0.853922 0.417647 0.852941 0.414706 0.851961 0.411765 0.851961 0.408824 0.850980 0.405882 0.847059 0.401961 0.844118 0.400000 0.843137 0.398039 0.843137 0.394118 0.840196 0.390196 0.838235 0.382353 0.838235 0.374510 0.839216 0.368627 0.840196 0.365686 0.842157 0.361765 0.843137 0.357843 0.843137 0.351961 0.846078 0.347059 0.846078 0.345098 0.845098 0.344118 0.844118 0.343137 0.842157 0.342157 0.839216 0.342157 0.836275 0.341176 0.833333 0.339216 0.829412 0.336275 0.823529 0.334314 0.821569 0.334314 0.820588 0.330392 0.819608
5 0.797059 0.181373 0.796078 0.183333 0.795098 0.185294 0.797059 0.186275 0.802941 0.184314 0.799020 0.181373 0.797059 0.181373
5 0.734314 0.102941 0.729412 0.103922 0.725490 0.104902 0.722549 0.105882 0.719608 0.106863 0.715686 0.108824 0.712745 0.109804 0.709804 0.112745 0.706863 0.113725 0.700980 0.119608 0.699020 0.120588 0.697059 0.120588 0.692157 0.125490 0.683333 0.129412 0.674510 0.138235 0.670588 0.143137 0.669608 0.145098 0.668627 0.147059 0.668627 0.150980 0.666667 0.155882 0.665686 0.157843 0.662745 0.160784 0.655882 0.166667 0.654902 0.168627 0.653922 0.171569 0.652941 0.175490 0.652941 0.181373 0.650980 0.186275 0.650980 0.200980 0.652941 0.204902 0.653922 0.207843 0.658824 0.212745 0.662745 0.213725 0.664706 0.215686 0.666667 0.216667 0.671569 0.218627 0.674510 0.218627 0.676471 0.219608 0.680392 0.222549 0.685294 0.223529 0.695098 0.229412 0.700980 0.231373 0.706863 0.234314 0.712745 0.240196 0.715686 0.241176 0.717647 0.243137 0.718627 0.246078 0.723529 0.250980 0.728431 0.259804 0.728431 0.261765 0.731373 0.265686 0.734314 0.266667 0.737255 0.269608 0.738235 0.272549 0.740196 0.274510 0.744118 0.277451 0.747059 0.276471 0.749020 0.278431 0.753922 0.278431 0.758824 0.276471 0.760784 0.275490 0.773529 0.267647 0.778431 0.263725 0.779412 0.260784 0.780392 0.258824 0.786275 0.253922 0.786275 0.252941 0.788235 0.250980 0.791176 0.250000 0.797059 0.244118 0.799020 0.241176 0.800980 0.238235 0.803922 0.231373 0.803922 0.225490 0.804902 0.221569 0.806863 0.218627 0.805882 0.207843 0.805882 0.202941 0.803922 0.201961 0.796078 0.202941 0.794118 0.202941 0.792157 0.201961 0.790196 0.200000 0.790196 0.189216 0.793137 0.184314 0.792157 0.182353 0.789216 0.176471 0.786275 0.172549 0.787255 0.168627 0.785294 0.164706 0.785294 0.157843 0.787255 0.154902 0.787255 0.152941 0.786275 0.149020 0.787255 0.141176 0.790196 0.138235 0.791176 0.132353 0.790196 0.129412 0.786275 0.129412 0.785294 0.130392 0.780392 0.130392 0.774510 0.129412 0.769608 0.127451 0.761765 0.124510 0.759804 0.123529 0.752941 0.117647 0.750000 0.114706 0.750000 0.110784 0.749020 0.108824 0.748039 0.106863 0.747059 0.105882 0.746078 0.105882 0.744118 0.103922 0.741176 0.102941 0.734314 0.102941
