5 0.868627 0.624510 0.859804 0.629412 0.856863 0.630392 0.852941 0.630392 0.842157 0.629412 0.838235 0.630392 0.829412 0.639216 0.828431 0.641176 0.827451 0.644118 0.827451 0.647059 0.828431 0.650980 0.829412 0.653922 0.834314 0.662745 0.834314 0.669608 0.830392 0.679412 0.830392 0.686275 0.832353 0.693137 0.834314 0.698039 0.838235 0.705882 0.841176 0.710784 0.843137 0.713725 0.847059 0.717647 0.851961 0.719608 0.853922 0.721569 0.855882 0.724510 0.857843 0.727451 0.861765 0.735294 0.863725 0.740196 0.864706 0.743137 0.865686 0.747059 0.865686 0.756863 0.866667 0.765686 0.867647 0.771569 0.871569 0.778431 0.873529 0.783333 0.873529 0.787255 0.872549 0.789216 0.868627 0.792157 0.864706 0.797059 0.863725 0.799020 0.862745 0.801961 0.862745 0.808824 0.864706 0.818627 0.862745 0.828431 0.862745 0.845098 0.863725 0.847059 0.865686 0.849020 0.867647 0.850000 0.869608 0.850000 0.872549 0.849020 0.874510 0.848039 0.875490 0.847059 0.875490 0.846078 0.876471 0.845098 0.878431 0.844118 0.881373 0.843137 0.883333 0.843137 0.885294 0.845098 0.886275 0.849020 0.886275 0.856863 0.889216 0.861765 0.890196 0.862745 0.892157 0.863725 0.894118 0.864706 0.897059 0.865686 0.904902 0.866667 0.921569 0.867647 0.926471 0.867647 0.932353 0.864706 0.934314 0.863725 0.935294 0.862745 0.936275 0.860784 0.937255 0.858824 0.938235 0.853922 0.939216 0.850000 0.940196 0.844118 0.940196 0.837255 0.942157 0.832353 0.943137 0.826471 0.944118 0.811765 0.944118 0.793137 0.943137 0.787255 0.942157 0.783333 0.939216 0.779412 0.938235 0.777451 0.937255 0.773529 0.936275 0.768627 0.934314 0.755882 0.934314 0.743137 0.937255 0.730392 0.938235 0.726471 0.940196 0.723529 0.944118 0.718627 0.945098 0.716667 0.946078 0.713725 0.946078 0.710784 0.947059 0.709804 0.947059 0.707843 0.946078 0.704902 0.944118 0.701961 0.938235 0.696078 0.937255 0.694118 0.936275 0.691176 0.935294 0.688235 0.934314 0.684314 0.934314 0.668627 0.932353 0.665686 0.932353 0.660784 0.929412 0.653922 0.928431 0.647059 0.927451 0.645098 0.926471 0.643137 0.919608 0.636275 0.916667 0.635294 0.913725 0.634314 0.909804 0.633333 0.900980 0.631373 0.890196 0.630392 0.886275 0.629412 0.883333 0.628431 0.880392 0.626471 0.877451 0.625490 0.872549 0.624510 0.868627 0.624510
5 0.311765 0.713725 0.304902 0.714706 0.300000 0.716667 0.295098 0.717647 0.289216 0.717647 0.284314 0.718627 0.278431 0.719608 0.263725 0.724510 0.259804 0.724510 0.250980 0.727451 0.248039 0.728431 0.246078 0.730392 0.237255 0.733333 0.235294 0.734314 0.233333 0.736275 0.229412 0.741176 0.228431 0.741176 0.223529 0.747059 0.222549 0.747059 0.221569 0.748039 0.220588 0.750000 0.216667 0.759804 0.213725 0.762745 0.210784 0.764706 0.207843 0.765686 0.204902 0.767647 0.202941 0.769608 0.200980 0.772549 0.198039 0.778431 0.198039 0.783333 0.196078 0.785294 0.193137 0.793137 0.191176 0.795098 0.189216 0.795098 0.187255 0.796078 0.184314 0.799020 0.181373 0.802941 0.179412 0.806863 0.177451 0.809804 0.174510 0.811765 0.173529 0.813725 0.173529 0.817647 0.174510 0.819608 0.182353 0.827451 0.189216 0.833333 0.193137 0.835294 0.199020 0.838235 0.205882 0.841176 0.208824 0.842157 0.212745 0.843137 0.217647 0.844118 0.223529 0.844118 0.233333 0.847059 0.242157 0.847059 0.260784 0.846078 0.266667 0.848039 0.268627 0.848039 0.295098 0.846078 0.303922 0.844118 0.314706 0.843137 0.326471 0.843137 0.330392 0.841176 0.334314 0.841176 0.338235 0.840196 0.341176 0.839216 0.345098 0.836275 0.349020 0.835294 0.352941 0.834314 0.357843 0.834314 0.361765 0.833333 0.365686 0.832353 0.372549 0.830392 0.374510 0.829412 0.376471 0.827451 0.382353 0.826471 0.385294 0.825490 0.387255 0.824510 0.389216 0.822549 0.390196 0.819608 0.392157 0.817647 0.394118 0.816667 0.396078 0.815686 0.399020 0.814706 0.403922 0.814706 0.408824 0.811765 0.411765 0.811765 0.413725 0.810784 0.415686 0.809804 0.420588 0.804902 0.423529 0.800000 0.426471 0.799020 0.428431 0.797059 0.428431 0.796078 0.431373 0.792157 0.433333 0.790196 0.434314 0.790196 0.436275 0.788235 0.437255 0.786275 0.438235 0.781373 0.443137 0.781373 0.446078 0.779412 0.451961 0.779412 0.453922 0.778431 0.453922 0.774510 0.454902 0.769608 0.450000 0.766667 0.446078 0.767647 0.439216 0.766667 0.436275 0.764706 0.433333 0.761765 0.431373 0.760784 0.428431 0.760784 0.426471 0.759804 0.420588 0.752941 0.418627 0.750980 0.413725 0.749020 0.410784 0.749020 0.407843 0.748039 0.405882 0.746078 0.405882 0.745098 0.403922 0.743137 0.399020 0.741176 0.395098 0.741176 0.393137 0.740196 0.388235 0.735294 0.379412 0.735294 0.374510 0.734314 0.367647 0.732353 0.361765 0.729412 0.356863 0.725490 0.350000 0.721569 0.342157 0.717647 0.339216 0.716667 0.333333 0.715686 0.326471 0.714706 0.315686 0.713725 0.311765 0.713725
5 0.556863 0.909804 0.555882 0.912745 0.557843 0.920588 0.559804 0.920588 0.559804 0.913725 0.556863 0.909804
5 0.587255 0.777451 0.580392 0.779412 0.575490 0.782353 0.567647 0.782353 0.565686 0.784314 0.564706 0.784314 0.563725 0.785294 0.560784 0.789216 0.556863 0.791176 0.554902 0.791176 0.548039 0.791176 0.543137 0.790196 0.540196 0.792157 0.538235 0.795098 0.536275 0.798039 0.536275 0.802941 0.534314 0.805882 0.534314 0.807843 0.538235 0.811765 0.540196 0.811765 0.543137 0.814706 0.543137 0.822549 0.545098 0.829412 0.544118 0.845098 0.544118 0.847059 0.546078 0.855882 0.546078 0.867647 0.547059 0.872549 0.548039 0.876471 0.551961 0.880392 0.552941 0.883333 0.555882 0.887255 0.558824 0.887255 0.560784 0.888235 0.563725 0.892157 0.569608 0.894118 0.570588 0.896078 0.572549 0.897059 0.574510 0.896078 0.576471 0.894118 0.577451 0.891176 0.579412 0.889216 0.587255 0.888235 0.589216 0.887255 0.592157 0.885294 0.600000 0.876471 0.600980 0.875490 0.604902 0.873529 0.605882 0.872549 0.605882 0.871569 0.607843 0.869608 0.610784 0.862745 0.610784 0.859804 0.612745 0.856863 0.615686 0.848039 0.616667 0.844118 0.617647 0.834314 0.617647 0.828431 0.616667 0.820588 0.618627 0.802941 0.618627 0.799020 0.617647 0.797059 0.615686 0.796078 0.611765 0.795098 0.609804 0.793137 0.609804 0.789216 0.608824 0.785294 0.607843 0.783333 0.605882 0.781373 0.599020 0.778431 0.596078 0.778431 0.593137 0.777451 0.587255 0.777451
4 0.368627 0.850000 0.359804 0.850980 0.354902 0.852941 0.346078 0.852941 0.341176 0.855882 0.329412 0.856863 0.320588 0.859804 0.315686 0.861765 0.313725 0.862745 0.310784 0.865686 0.307843 0.867647 0.305882 0.867647 0.301961 0.871569 0.300000 0.872549 0.298039 0.872549 0.295098 0.875490 0.291176 0.876471 0.289216 0.878431 0.289216 0.880392 0.286275 0.883333 0.279412 0.886275 0.269608 0.886275 0.265686 0.887255 0.262745 0.889216 0.258824 0.889216 0.255882 0.892157 0.251961 0.893137 0.250000 0.895098 0.250000 0.896078 0.248039 0.898039 0.244118 0.900000 0.240196 0.903922 0.237255 0.907843 0.234314 0.911765 0.233333 0.913725 0.232353 0.921569 0.232353 0.928431 0.234314 0.941176 0.233333 0.944118 0.222549 0.943137 0.220588 0.943137 0.217647 0.945098 0.213725 0.945098 0.203922 0.945098 0.200980 0.946078 0.198039 0.947059 0.196078 0.948039 0.194118 0.950000 0.194118 0.954902 0.195098 0.957843 0.196078 0.959804 0.202941 0.965686 0.204902 0.966667 0.211765 0.967647 0.214706 0.968627 0.216667 0.970588 0.217647 0.972549 0.217647 0.977451 0.216667 0.978431 0.216667 0.982353 0.217647 0.985294 0.218627 0.989216 0.222549 0.994118 0.223529 0.997059 0.223529 0.999020 0.329412 0.999020 0.331373 0.996078 0.334314 0.994118 0.337255 0.992157 0.344118 0.993137 0.346078 0.993137 0.350000 0.991176 0.352941 0.991176 0.355882 0.992157 0.359804 0.996078 0.362745 0.997059 0.362745 0.999020 0.400000 0.999020 0.400980 0.994118 0.398039 0.991176 0.398039 0.989216 0.397059 0.987255 0.390196 0.980392 0.386275 0.970588 0.383333 0.968627 0.380392 0.966667 0.378431 0.966667 0.376471 0.964706 0.375490 0.962745 0.374510 0.959804 0.374510 0.954902 0.373529 0.952941 0.372549 0.950980 0.370588 0.949020 0.367647 0.943137 0.366667 0.937255 0.366667 0.922549 0.367647 0.915686 0.370588 0.907843 0.372549 0.905882 0.373529 0.903922 0.373529 0.900980 0.374510 0.899020 0.379412 0.893137 0.380392 0.891176 0.381373 0.888235 0.381373 0.879412 0.382353 0.876471 0.385294 0.873529 0.386275 0.871569 0.387255 0.864706 0.387255 0.862745 0.386275 0.855882 0.385294 0.852941 0.383333 0.850980 0.380392 0.850000 0.373529 0.850980 0.368627 0.850000
4 0.583333 0.937255 0.581373 0.938235 0.580392 0.940196 0.575490 0.939216 0.576471 0.941176 0.577451 0.944118 0.580392 0.945098 0.583333 0.947059 0.584314 0.945098 0.585294 0.944118 0.588235 0.942157 0.585294 0.940196 0.585294 0.939216 0.583333 0.937255
4 0.555882 0.903922 0.557843 0.906863 0.555882 0.909804 0.555882 0.912745 0.557843 0.915686 0.555882 0.918627 0.555882 0.920588 0.556863 0.924510 0.555882 0.925490 0.556863 0.930392 0.556863 0.932353 0.555882 0.933333 0.555882 0.936275 0.559804 0.940196 0.562745 0.940196 0.562745 0.938235 0.564706 0.935294 0.561765 0.931373 0.561765 0.929412 0.562745 0.928431 0.562745 0.926471 0.561765 0.915686 0.558824 0.910784 0.560784 0.908824 0.560784 0.906863 0.558824 0.906863 0.555882 0.903922
4 0.507843 0.849020 0.508824 0.850980 0.509804 0.849020 0.507843 0.849020
4 0.503922 0.845098 0.503922 0.847059 0.500980 0.849020 0.501961 0.850980 0.503922 0.847059 0.506863 0.846078 0.503922 0.845098
4 0.508824 0.832353 0.509804 0.835294 0.510784 0.832353 0.508824 0.832353
4 0.551961 0.781373 0.547059 0.784314 0.543137 0.783333 0.546078 0.786275 0.546078 0.788235 0.545098 0.789216 0.545098 0.791176 0.546078 0.796078 0.544118 0.798039 0.543137 0.798039 0.541176 0.800000 0.539216 0.797059 0.540196 0.793137 0.539216 0.796078 0.535294 0.796078 0.532353 0.795098 0.533333 0.799020 0.531373 0.800000 0.531373 0.803922 0.528431 0.806863 0.530392 0.807843 0.529412 0.811765 0.527451 0.811765 0.525490 0.808824 0.524510 0.810784 0.522549 0.812745 0.518627 0.815686 0.517647 0.815686 0.515686 0.817647 0.515686 0.819608 0.513725 0.821569 0.513725 0.823529 0.514706 0.824510 0.514706 0.826471 0.512745 0.829412 0.514706 0.832353 0.514706 0.834314 0.512745 0.838235 0.514706 0.841176 0.514706 0.850980 0.512745 0.859804 0.510784 0.853922 0.508824 0.853922 0.506863 0.856863 0.508824 0.858824 0.511765 0.858824 0.513725 0.860784 0.514706 0.863725 0.515686 0.865686 0.519608 0.866667 0.521569 0.867647 0.525490 0.870588 0.528431 0.870588 0.533333 0.873529 0.538235 0.874510 0.541176 0.875490 0.545098 0.879412 0.546078 0.881373 0.547059 0.884314 0.547059 0.888235 0.551961 0.893137 0.552941 0.896078 0.557843 0.897059 0.561765 0.893137 0.561765 0.887255 0.560784 0.882353 0.558824 0.880392 0.558824 0.877451 0.556863 0.878431 0.553922 0.875490 0.550000 0.874510 0.546078 0.870588 0.545098 0.855882 0.546078 0.841176 0.546078 0.810784 0.548039 0.810784 0.550000 0.808824 0.548039 0.808824 0.546078 0.806863 0.547059 0.803922 0.550980 0.804902 0.551961 0.807843 0.553922 0.809804 0.557843 0.810784 0.559804 0.809804 0.560784 0.807843 0.560784 0.805882 0.559804 0.798039 0.560784 0.796078 0.561765 0.795098 0.564706 0.793137 0.562745 0.792157 0.564706 0.789216 0.569608 0.792157 0.570588 0.794118 0.572549 0.793137 0.569608 0.792157 0.570588 0.789216 0.574510 0.790196 0.574510 0.792157 0.575490 0.790196 0.573529 0.788235 0.573529 0.786275 0.575490 0.781373 0.551961 0.781373
4 0.621569 0.779412 0.625490 0.778431 0.627451 0.779412 0.625490 0.779412 0.624510 0.784314 0.626471 0.786275 0.623529 0.789216 0.623529 0.794118 0.626471 0.798039 0.627451 0.799020 0.629412 0.800000 0.632353 0.800980 0.634314 0.802941 0.636275 0.803922 0.638235 0.804902 0.641176 0.805882 0.644118 0.809804 0.646078 0.810784 0.650000 0.810784 0.654902 0.814706 0.658824 0.818627 0.658824 0.819608 0.653922 0.829412 0.648039 0.828431 0.646078 0.830392 0.643137 0.828431 0.641176 0.828431 0.639216 0.829412 0.636275 0.832353 0.639216 0.836275 0.639216 0.840196 0.641176 0.842157 0.640196 0.846078 0.641176 0.850000 0.643137 0.851961 0.648039 0.850000 0.648039 0.849020 0.652941 0.845098 0.651961 0.843137 0.649020 0.842157 0.651961 0.840196 0.652941 0.837255 0.654902 0.834314 0.654902 0.831373 0.653922 0.829412 0.658824 0.819608 0.663725 0.824510 0.666667 0.825490 0.673529 0.831373 0.675490 0.832353 0.677451 0.833333 0.680392 0.833333 0.690196 0.842157 0.691176 0.843137 0.698039 0.850980 0.705882 0.857843 0.707843 0.857843 0.709804 0.858824 0.710784 0.860784 0.712745 0.862745 0.717647 0.863725 0.724510 0.870588 0.728431 0.872549 0.731373 0.875490 0.732353 0.877451 0.733333 0.879412 0.733333 0.881373 0.731373 0.884314 0.730392 0.888235 0.730392 0.892157 0.731373 0.894118 0.732353 0.895098 0.733333 0.895098 0.734314 0.900980 0.736275 0.903922 0.737255 0.910784 0.738235 0.921569 0.738235 0.923529 0.736275 0.925490 0.736275 0.927451 0.733333 0.931373 0.732353 0.932353 0.728431 0.935294 0.725490 0.939216 0.721569 0.943137 0.720588 0.944118 0.714706 0.948039 0.709804 0.952941 0.708824 0.955882 0.706863 0.955882 0.704902 0.953922 0.705882 0.957843 0.703922 0.958824 0.702941 0.956863 0.699020 0.956863 0.697059 0.958824 0.695098 0.958824 0.693137 0.960784 0.693137 0.963725 0.691176 0.960784 0.689216 0.959804 0.687255 0.960784 0.686275 0.963725 0.683333 0.966667 0.671569 0.966667 0.668627 0.962745 0.666667 0.960784 0.663725 0.960784 0.662745 0.963725 0.664706 0.965686 0.666667 0.965686 0.663725 0.965686 0.658824 0.966667 0.655882 0.965686 0.654902 0.963725 0.655882 0.963725 0.659804 0.962745 0.657843 0.960784 0.655882 0.963725 0.654902 0.963725 0.650980 0.960784 0.648039 0.960784 0.646078 0.962745 0.641176 0.959804 0.641176 0.956863 0.643137 0.954902 0.636275 0.952941 0.644118 0.927451 0.641176 0.927451 0.641176 0.925490 0.643137 0.924510 0.639216 0.924510 0.636275 0.922549 0.634314 0.921569 0.632353 0.923529 0.632353 0.925490 0.630392 0.927451 0.633333 0.928431 0.634314 0.932353 0.636275 0.929412 0.639216 0.929412 0.641176 0.927451 0.644118 0.927451 0.648039 0.927451 0.646078 0.925490 0.644118 0.927451 0.636275 0.952941 0.630392 0.952941 0.628431 0.950980 0.624510 0.950000 0.619608 0.950000 0.619608 0.947059 0.615686 0.946078 0.612745 0.944118 0.609804 0.944118 0.606863 0.941176 0.604902 0.943137 0.601961 0.943137 0.601961 0.941176 0.604902 0.939216 0.601961 0.938235 0.600000 0.940196 0.596078 0.937255 0.593137 0.937255 0.592157 0.939216 0.590196 0.939216 0.590196 0.936275 0.587255 0.935294 0.589216 0.935294 0.590196 0.931373 0.586275 0.927451 0.586275 0.923529 0.584314 0.921569 0.584314 0.920588 0.580392 0.920588 0.578431 0.918627 0.581373 0.915686 0.578431 0.911765 0.578431 0.897059 0.577451 0.894118 0.575490 0.892157 0.577451 0.891176 0.578431 0.890196 0.585294 0.891176 0.588235 0.891176 0.591176 0.890196 0.593137 0.888235 0.593137 0.882353 0.594118 0.879412 0.595098 0.877451 0.599020 0.875490 0.601961 0.875490 0.604902 0.874510 0.606863 0.873529 0.607843 0.868627 0.609804 0.864706 0.610784 0.856863 0.612745 0.854902 0.613725 0.851961 0.613725 0.846078 0.614706 0.844118 0.616667 0.842157 0.617647 0.837255 0.617647 0.830392 0.615686 0.827451 0.613725 0.819608 0.612745 0.816667 0.612745 0.814706 0.613725 0.812745 0.615686 0.810784 0.615686 0.807843 0.613725 0.802941 0.610784 0.801961 0.612745 0.798039 0.613725 0.797059 0.617647 0.794118 0.618627 0.791176 0.613725 0.788235 0.608824 0.787255 0.606863 0.785294 0.603922 0.787255 0.601961 0.786275 0.604902 0.784314 0.604902 0.782353 0.608824 0.780392 0.615686 0.780392 0.617647 0.778431 0.619608 0.777451 0.621569 0.779412
3 0.451961 0.642157 0.449020 0.645098 0.446078 0.646078 0.446078 0.648039 0.444118 0.650000 0.444118 0.654902 0.445098 0.657843 0.446078 0.661765 0.450000 0.665686 0.450000 0.667647 0.452941 0.670588 0.455882 0.676471 0.460784 0.682353 0.461765 0.685294 0.464706 0.689216 0.468627 0.693137 0.471569 0.694118 0.474510 0.697059 0.477451 0.698039 0.484314 0.699020 0.485294 0.700000 0.487255 0.700000 0.494118 0.699020 0.498039 0.697059 0.500000 0.697059 0.501961 0.698039 0.504902 0.700980 0.510784 0.701961 0.512745 0.703922 0.514706 0.704902 0.517647 0.704902 0.520588 0.705882 0.522549 0.706863 0.532353 0.712745 0.536275 0.716667 0.541176 0.716667 0.547059 0.721569 0.554902 0.725490 0.563725 0.728431 0.566667 0.730392 0.570588 0.733333 0.574510 0.737255 0.578431 0.740196 0.584314 0.741176 0.595098 0.746078 0.598039 0.747059 0.601961 0.747059 0.602941 0.748039 0.605882 0.748039 0.611765 0.747059 0.613725 0.745098 0.614706 0.745098 0.615686 0.740196 0.614706 0.738235 0.611765 0.735294 0.608824 0.734314 0.605882 0.731373 0.598039 0.727451 0.583333 0.720588 0.578431 0.719608 0.571569 0.716667 0.563725 0.712745 0.548039 0.703922 0.545098 0.702941 0.537255 0.700980 0.532353 0.699020 0.525490 0.696078 0.523529 0.695098 0.521569 0.693137 0.519608 0.692157 0.512745 0.689216 0.507843 0.688235 0.500000 0.684314 0.498039 0.682353 0.498039 0.681373 0.497059 0.680392 0.490196 0.673529 0.487255 0.672549 0.483333 0.668627 0.482353 0.665686 0.475490 0.658824 0.474510 0.655882 0.471569 0.651961 0.467647 0.648039 0.466667 0.645098 0.462745 0.643137 0.459804 0.641176 0.455882 0.640196 0.451961 0.642157
3 0.615686 0.642157 0.615686 0.646078 0.617647 0.647059 0.619608 0.651961 0.619608 0.654902 0.616667 0.653922 0.614706 0.651961 0.611765 0.653922 0.613725 0.655882 0.616667 0.653922 0.619608 0.654902 0.621569 0.657843 0.621569 0.659804 0.615686 0.669608 0.615686 0.676471 0.616667 0.678431 0.621569 0.684314 0.624510 0.691176 0.626471 0.695098 0.631373 0.700000 0.634314 0.704902 0.639216 0.709804 0.643137 0.714706 0.646078 0.718627 0.649020 0.723529 0.650000 0.725490 0.650980 0.727451 0.650980 0.733333 0.650000 0.735294 0.647059 0.735294 0.642157 0.737255 0.633333 0.737255 0.631373 0.736275 0.629412 0.735294 0.626471 0.732353 0.621569 0.723529 0.621569 0.721569 0.618627 0.718627 0.615686 0.712745 0.613725 0.708824 0.612745 0.703922 0.610784 0.701961 0.609804 0.700000 0.609804 0.696078 0.606863 0.689216 0.604902 0.684314 0.602941 0.680392 0.600000 0.676471 0.599020 0.674510 0.598039 0.672549 0.598039 0.667647 0.599020 0.666667 0.599020 0.664706 0.601961 0.662745 0.602941 0.657843 0.605882 0.654902 0.606863 0.651961 0.606863 0.649020 0.609804 0.644118 0.609804 0.641176 0.610784 0.640196 0.610784 0.638235 0.615686 0.642157
3 0.433333 0.578431 0.435294 0.578431 0.438235 0.581373 0.442157 0.582353 0.446078 0.586275 0.448039 0.587255 0.450000 0.587255 0.451961 0.588235 0.456863 0.591176 0.465686 0.597059 0.466667 0.598039 0.469608 0.601961 0.472549 0.602941 0.482353 0.609804 0.486275 0.613725 0.489216 0.615686 0.494118 0.617647 0.501961 0.623529 0.503922 0.624510 0.506863 0.625490 0.509804 0.625490 0.512745 0.627451 0.511765 0.628431 0.510784 0.630392 0.511765 0.632353 0.514706 0.628431 0.511765 0.628431 0.512745 0.627451 0.517647 0.626471 0.518627 0.629412 0.519608 0.631373 0.526471 0.633333 0.536275 0.633333 0.538235 0.632353 0.539216 0.631373 0.539216 0.630392 0.540196 0.629412 0.541176 0.629412 0.543137 0.627451 0.546078 0.627451 0.548039 0.628431 0.550000 0.629412 0.551961 0.632353 0.553922 0.629412 0.555882 0.628431 0.558824 0.629412 0.558824 0.633333 0.556863 0.633333 0.555882 0.634314 0.549020 0.634314 0.545098 0.636275 0.538235 0.636275 0.518627 0.636275 0.516667 0.636275 0.514706 0.634314 0.512745 0.633333 0.504902 0.635294 0.500980 0.635294 0.496078 0.634314 0.488235 0.631373 0.485294 0.630392 0.475490 0.624510 0.470588 0.619608 0.469608 0.616667 0.464706 0.610784 0.453922 0.600000 0.448039 0.595098 0.444118 0.592157 0.441176 0.591176 0.440196 0.590196 0.436275 0.585294 0.431373 0.583333 0.430392 0.581373 0.429412 0.579412 0.433333 0.578431
