6 0.247059 0.714706 0.243137 0.715686 0.241176 0.717647 0.234314 0.717647 0.232353 0.717647 0.231373 0.718627 0.229412 0.719608 0.232353 0.720588 0.246078 0.721569 0.251961 0.720588 0.255882 0.721569 0.259804 0.719608 0.265686 0.719608 0.264706 0.717647 0.258824 0.716667 0.257843 0.717647 0.252941 0.717647 0.247059 0.714706
6 0.200000 0.711765 0.201961 0.711765 0.202941 0.712745 0.207843 0.712745 0.203922 0.712745 0.202941 0.711765 0.200000 0.711765
6 0.296078 0.694118 0.294118 0.696078 0.294118 0.700000 0.296078 0.700000 0.298039 0.699020 0.300000 0.697059 0.300000 0.694118 0.296078 0.694118
6 0.403922 0.649020 0.401961 0.652941 0.399020 0.653922 0.400980 0.653922 0.402941 0.652941 0.403922 0.650980 0.403922 0.649020
6 0.396078 0.635294 0.397059 0.638235 0.401961 0.638235 0.400980 0.635294 0.396078 0.635294
6 0.426471 0.623529 0.423529 0.626471 0.426471 0.625490 0.426471 0.623529
6 0.430392 0.508824 0.431373 0.513725 0.432353 0.511765 0.433333 0.510784 0.432353 0.507843 0.430392 0.508824
6 0.278431 0.416667 0.282353 0.418627 0.290196 0.418627 0.294118 0.419608 0.301961 0.422549 0.310784 0.424510 0.315686 0.424510 0.320588 0.426471 0.326471 0.426471 0.334314 0.430392 0.337255 0.430392 0.345098 0.433333 0.352941 0.437255 0.356863 0.441176 0.357843 0.441176 0.360784 0.444118 0.368627 0.451961 0.369608 0.452941 0.370588 0.455882 0.375490 0.462745 0.382353 0.470588 0.386275 0.474510 0.392157 0.474510 0.395098 0.472549 0.400000 0.475490 0.401961 0.480392 0.404902 0.483333 0.405882 0.485294 0.406863 0.487255 0.407843 0.492157 0.408824 0.504902 0.409804 0.508824 0.412745 0.512745 0.412745 0.514706 0.411765 0.515686 0.411765 0.517647 0.412745 0.525490 0.415686 0.531373 0.415686 0.536275 0.417647 0.539216 0.417647 0.542157 0.419608 0.544118 0.419608 0.546078 0.420588 0.550000 0.422549 0.550000 0.424510 0.555882 0.425490 0.563725 0.425490 0.566667 0.424510 0.567647 0.424510 0.570588 0.425490 0.578431 0.424510 0.581373 0.424510 0.584314 0.424510 0.585294 0.430392 0.585294 0.431373 0.583333 0.431373 0.581373 0.429412 0.577451 0.429412 0.575490 0.432353 0.571569 0.431373 0.566667 0.434314 0.565686 0.435294 0.576471 0.432353 0.579412 0.435294 0.583333 0.435294 0.586275 0.434314 0.587255 0.433333 0.592157 0.432353 0.592157 0.426471 0.592157 0.425490 0.593137 0.422549 0.593137 0.422549 0.586275 0.419608 0.585294 0.417647 0.587255 0.416667 0.591176 0.417647 0.593137 0.417647 0.595098 0.419608 0.598039 0.419608 0.600000 0.417647 0.601961 0.417647 0.603922 0.420588 0.606863 0.415686 0.608824 0.411765 0.606863 0.411765 0.605882 0.414706 0.603922 0.412745 0.600980 0.410784 0.601961 0.411765 0.605882 0.411765 0.606863 0.405882 0.609804 0.403922 0.611765 0.402941 0.614706 0.397059 0.621569 0.390196 0.629412 0.388235 0.631373 0.385294 0.632353 0.382353 0.635294 0.380392 0.639216 0.378431 0.641176 0.377451 0.641176 0.376471 0.642157 0.374510 0.645098 0.374510 0.646078 0.371569 0.647059 0.367647 0.650980 0.366667 0.652941 0.368627 0.655882 0.370588 0.655882 0.372549 0.653922 0.374510 0.653922 0.376471 0.652941 0.379412 0.650000 0.382353 0.650000 0.384314 0.648039 0.384314 0.644118 0.387255 0.643137 0.389216 0.645098 0.388235 0.649020 0.392157 0.653922 0.396078 0.654902 0.393137 0.658824 0.386275 0.658824 0.381373 0.657843 0.376471 0.654902 0.374510 0.655882 0.374510 0.661765 0.372549 0.663725 0.370588 0.664706 0.364706 0.663725 0.361765 0.665686 0.357843 0.662745 0.355882 0.662745 0.352941 0.664706 0.350000 0.664706 0.347059 0.667647 0.344118 0.668627 0.341176 0.670588 0.331373 0.671569 0.328431 0.672549 0.326471 0.674510 0.325490 0.677451 0.322549 0.675490 0.318627 0.674510 0.312745 0.678431 0.311765 0.679412 0.310784 0.681373 0.313725 0.684314 0.317647 0.684314 0.303922 0.685294 0.300980 0.681373 0.303922 0.680392 0.304902 0.678431 0.304902 0.675490 0.303922 0.673529 0.300980 0.672549 0.300000 0.676471 0.298039 0.679412 0.298039 0.681373 0.300980 0.681373 0.303922 0.685294 0.299020 0.687255 0.295098 0.687255 0.288235 0.686275 0.287255 0.683333 0.289216 0.681373 0.281373 0.679412 0.277451 0.681373 0.275490 0.681373 0.271569 0.677451 0.269608 0.676471 0.267647 0.676471 0.263725 0.680392 0.264706 0.683333 0.266667 0.685294 0.272549 0.685294 0.274510 0.684314 0.275490 0.681373 0.277451 0.681373 0.279412 0.682353 0.280392 0.683333 0.287255 0.683333 0.288235 0.686275 0.282353 0.687255 0.280392 0.689216 0.281373 0.700980 0.284314 0.703922 0.284314 0.707843 0.280392 0.707843 0.282353 0.704902 0.280392 0.701961 0.257843 0.701961 0.255882 0.700980 0.255882 0.699020 0.256863 0.698039 0.256863 0.696078 0.254902 0.694118 0.252941 0.696078 0.252941 0.698039 0.253922 0.699020 0.253922 0.700980 0.250000 0.700000 0.250980 0.694118 0.250000 0.686275 0.251961 0.682353 0.252941 0.682353 0.252941 0.679412 0.251961 0.679412 0.250980 0.678431 0.250000 0.676471 0.250000 0.672549 0.249020 0.669608 0.248039 0.667647 0.246078 0.665686 0.241176 0.662745 0.239216 0.662745 0.234314 0.659804 0.233333 0.658824 0.233333 0.657843 0.232353 0.656863 0.230392 0.655882 0.225490 0.654902 0.222549 0.651961 0.219608 0.650980 0.212745 0.645098 0.206863 0.640196 0.199020 0.632353 0.190196 0.624510 0.187255 0.623529 0.185294 0.619608 0.184314 0.614706 0.183333 0.612745 0.179412 0.608824 0.177451 0.603922 0.172549 0.600000 0.170588 0.598039 0.169608 0.595098 0.167647 0.593137 0.165686 0.592157 0.160784 0.592157 0.158824 0.591176 0.155882 0.588235 0.164706 0.587255 0.166667 0.587255 0.167647 0.580392 0.163725 0.576471 0.163725 0.571569 0.160784 0.568627 0.160784 0.561765 0.159804 0.557843 0.154902 0.551961 0.155882 0.548039 0.153922 0.544118 0.154902 0.541176 0.153922 0.539216 0.146078 0.531373 0.142157 0.524510 0.141176 0.522549 0.141176 0.517647 0.142157 0.514706 0.143137 0.511765 0.145098 0.509804 0.145098 0.502941 0.146078 0.500980 0.147059 0.499020 0.150000 0.495098 0.150980 0.494118 0.155882 0.490196 0.161765 0.480392 0.162745 0.478431 0.162745 0.476471 0.163725 0.474510 0.168627 0.468627 0.172549 0.465686 0.174510 0.464706 0.177451 0.463725 0.180392 0.462745 0.184314 0.463725 0.185294 0.459804 0.187255 0.457843 0.200000 0.457843 0.212745 0.456863 0.215686 0.455882 0.226471 0.445098 0.227451 0.442157 0.230392 0.440196 0.232353 0.436275 0.235294 0.433333 0.247059 0.426471 0.249020 0.425490 0.250980 0.425490 0.252941 0.424510 0.254902 0.423529 0.256863 0.420588 0.259804 0.418627 0.267647 0.416667 0.278431 0.416667
6 0.274510 0.403922 0.276471 0.402941 0.276471 0.399020 0.275490 0.397059 0.274510 0.403922
4 0.310784 0.173529 0.307843 0.174510 0.301961 0.177451 0.299020 0.177451 0.296078 0.179412 0.289216 0.179412 0.280392 0.177451 0.266667 0.177451 0.259804 0.179412 0.257843 0.181373 0.252941 0.186275 0.251961 0.187255 0.250980 0.189216 0.250000 0.198039 0.249020 0.200980 0.247059 0.202941 0.245098 0.203922 0.243137 0.203922 0.239216 0.207843 0.234314 0.210784 0.228431 0.213725 0.222549 0.217647 0.218627 0.221569 0.217647 0.223529 0.217647 0.225490 0.212745 0.232353 0.210784 0.236275 0.209804 0.240196 0.208824 0.242157 0.207843 0.244118 0.203922 0.249020 0.202941 0.251961 0.201961 0.257843 0.201961 0.264706 0.200980 0.270588 0.200000 0.273529 0.199020 0.275490 0.191176 0.283333 0.189216 0.286275 0.188235 0.288235 0.187255 0.290196 0.186275 0.296078 0.185294 0.304902 0.185294 0.310784 0.186275 0.314706 0.187255 0.318627 0.189216 0.321569 0.193137 0.325490 0.195098 0.326471 0.197059 0.327451 0.201961 0.328431 0.203922 0.330392 0.203922 0.331373 0.205882 0.333333 0.209804 0.334314 0.213725 0.334314 0.215686 0.335294 0.218627 0.338235 0.219608 0.341176 0.221569 0.341176 0.222549 0.342157 0.232353 0.342157 0.236275 0.344118 0.243137 0.344118 0.248039 0.346078 0.249020 0.350000 0.251961 0.352941 0.266667 0.353922 0.280392 0.353922 0.288235 0.352941 0.295098 0.351961 0.299020 0.349020 0.308824 0.349020 0.310784 0.347059 0.310784 0.346078 0.312745 0.344118 0.318627 0.344118 0.322549 0.343137 0.327451 0.342157 0.329412 0.341176 0.334314 0.336275 0.337255 0.334314 0.339216 0.334314 0.341176 0.333333 0.343137 0.331373 0.343137 0.330392 0.345098 0.328431 0.347059 0.327451 0.350000 0.327451 0.351961 0.326471 0.358824 0.319608 0.359804 0.316667 0.360784 0.314706 0.365686 0.312745 0.369608 0.309804 0.370588 0.308824 0.370588 0.307843 0.372549 0.305882 0.373529 0.303922 0.374510 0.301961 0.374510 0.299020 0.380392 0.293137 0.382353 0.289216 0.386275 0.282353 0.387255 0.280392 0.388235 0.278431 0.388235 0.274510 0.386275 0.267647 0.385294 0.265686 0.381373 0.258824 0.375490 0.252941 0.368627 0.242157 0.364706 0.233333 0.359804 0.226471 0.355882 0.217647 0.350980 0.210784 0.350000 0.208824 0.349020 0.204902 0.346078 0.201961 0.345098 0.200000 0.344118 0.197059 0.343137 0.190196 0.342157 0.187255 0.341176 0.185294 0.338235 0.182353 0.337255 0.182353 0.333333 0.178431 0.330392 0.178431 0.326471 0.174510 0.320588 0.173529 0.310784 0.173529
4 0.561765 0.000000 0.559804 0.002941 0.555882 0.002941 0.552941 0.003922 0.550980 0.004902 0.549020 0.005882 0.548039 0.006863 0.547059 0.008824 0.546078 0.018627 0.544118 0.022549 0.539216 0.023529 0.536275 0.026471 0.531373 0.025490 0.528431 0.027451 0.521569 0.028431 0.512745 0.028431 0.506863 0.030392 0.500980 0.030392 0.499020 0.029412 0.497059 0.027451 0.494118 0.026471 0.490196 0.025490 0.482353 0.025490 0.477451 0.026471 0.475490 0.027451 0.473529 0.028431 0.471569 0.030392 0.470588 0.030392 0.469608 0.031373 0.468627 0.033333 0.468627 0.047059 0.467647 0.049020 0.466667 0.050980 0.461765 0.055882 0.460784 0.057843 0.460784 0.059804 0.457843 0.062745 0.456863 0.065686 0.450000 0.072549 0.447059 0.074510 0.444118 0.076471 0.439216 0.077451 0.436275 0.080392 0.434314 0.084314 0.432353 0.087255 0.432353 0.092157 0.431373 0.093137 0.431373 0.097059 0.432353 0.100980 0.434314 0.107843 0.436275 0.110784 0.437255 0.117647 0.437255 0.120588 0.436275 0.126471 0.435294 0.129412 0.434314 0.131373 0.430392 0.138235 0.427451 0.141176 0.423529 0.149020 0.423529 0.159804 0.424510 0.162745 0.427451 0.167647 0.428431 0.170588 0.429412 0.173529 0.430392 0.182353 0.431373 0.185294 0.434314 0.190196 0.434314 0.193137 0.436275 0.196078 0.436275 0.200980 0.438235 0.209804 0.442157 0.220588 0.442157 0.224510 0.444118 0.228431 0.444118 0.232353 0.447059 0.238235 0.450980 0.241176 0.451961 0.242157 0.452941 0.245098 0.456863 0.249020 0.459804 0.250000 0.465686 0.254902 0.468627 0.257843 0.470588 0.261765 0.475490 0.265686 0.476471 0.266667 0.477451 0.269608 0.479412 0.271569 0.480392 0.271569 0.483333 0.274510 0.484314 0.277451 0.486275 0.279412 0.489216 0.280392 0.494118 0.282353 0.498039 0.283333 0.499020 0.285294 0.500000 0.288235 0.500000 0.295098 0.500980 0.297059 0.506863 0.302941 0.508824 0.303922 0.510784 0.303922 0.512745 0.304902 0.514706 0.306863 0.516667 0.307843 0.522549 0.309804 0.528431 0.310784 0.531373 0.311765 0.541176 0.316667 0.545098 0.317647 0.551961 0.318627 0.556863 0.317647 0.559804 0.317647 0.561765 0.318627 0.563725 0.320588 0.568627 0.320588 0.572549 0.322549 0.583333 0.322549 0.591176 0.323529 0.596078 0.325490 0.603922 0.326471 0.619608 0.327451 0.631373 0.327451 0.640196 0.326471 0.647059 0.325490 0.650000 0.324510 0.652941 0.323529 0.659804 0.319608 0.663725 0.318627 0.666667 0.318627 0.670588 0.317647 0.673529 0.314706 0.675490 0.313725 0.677451 0.312745 0.680392 0.311765 0.685294 0.311765 0.688235 0.309804 0.694118 0.309804 0.697059 0.308824 0.700000 0.307843 0.705882 0.301961 0.708824 0.301961 0.712745 0.298039 0.715686 0.297059 0.719608 0.296078 0.723529 0.296078 0.725490 0.295098 0.730392 0.289216 0.732353 0.288235 0.740196 0.288235 0.747059 0.286275 0.749020 0.284314 0.751961 0.280392 0.754902 0.280392 0.756863 0.279412 0.758824 0.274510 0.760784 0.272549 0.764706 0.269608 0.765686 0.266667 0.769608 0.264706 0.772549 0.264706 0.775490 0.262745 0.778431 0.262745 0.778431 0.258824 0.783333 0.254902 0.789216 0.255882 0.794118 0.254902 0.799020 0.250000 0.800980 0.250000 0.802941 0.249020 0.803922 0.248039 0.804902 0.245098 0.809804 0.241176 0.811765 0.235294 0.816667 0.230392 0.816667 0.228431 0.819608 0.225490 0.821569 0.220588 0.826471 0.215686 0.826471 0.212745 0.830392 0.204902 0.833333 0.201961 0.833333 0.197059 0.835294 0.193137 0.835294 0.188235 0.837255 0.184314 0.838235 0.180392 0.838235 0.175490 0.840196 0.170588 0.841176 0.162745 0.841176 0.156863 0.841176 0.150980 0.840196 0.147059 0.839216 0.144118 0.838235 0.141176 0.835294 0.138235 0.835294 0.135294 0.833333 0.130392 0.826471 0.122549 0.821569 0.117647 0.817647 0.114706 0.815686 0.114706 0.811765 0.111765 0.807843 0.107843 0.807843 0.105882 0.808824 0.102941 0.810784 0.100980 0.811765 0.098039 0.812745 0.094118 0.813725 0.090196 0.813725 0.083333 0.812745 0.077451 0.811765 0.072549 0.810784 0.070588 0.808824 0.067647 0.806863 0.064706 0.800980 0.059804 0.799020 0.057843 0.799020 0.056863 0.798039 0.055882 0.796078 0.054902 0.794118 0.053922 0.789216 0.053922 0.783333 0.054902 0.781373 0.055882 0.778431 0.058824 0.774510 0.056863 0.771569 0.056863 0.768627 0.054902 0.764706 0.052941 0.761765 0.050980 0.755882 0.045098 0.753922 0.045098 0.751961 0.044118 0.750980 0.043137 0.750980 0.042157 0.749020 0.039216 0.748039 0.038235 0.739216 0.030392 0.736275 0.030392 0.728431 0.023529 0.723529 0.020588 0.716667 0.016667 0.714706 0.015686 0.710784 0.014706 0.707843 0.012745 0.705882 0.010784 0.703922 0.007843 0.702941 0.005882 0.702941 0.003922 0.700980 0.001961 0.700980 0.000000 0.561765 0.000000
4 0.352941 0.790196 0.350000 0.792157 0.345098 0.792157 0.341176 0.796078 0.338235 0.796078 0.336275 0.797059 0.334314 0.798039 0.332353 0.800000 0.329412 0.800980 0.328431 0.801961 0.327451 0.803922 0.326471 0.807843 0.324510 0.809804 0.322549 0.809804 0.317647 0.813725 0.312745 0.818627 0.311765 0.820588 0.311765 0.822549 0.310784 0.824510 0.309804 0.825490 0.307843 0.826471 0.305882 0.826471 0.297059 0.835294 0.296078 0.839216 0.295098 0.842157 0.294118 0.846078 0.294118 0.850000 0.296078 0.868627 0.295098 0.876471 0.291176 0.876471 0.288235 0.874510 0.281373 0.873529 0.279412 0.871569 0.277451 0.870588 0.272549 0.869608 0.266667 0.869608 0.264706 0.870588 0.262745 0.872549 0.259804 0.872549 0.254902 0.874510 0.252941 0.875490 0.250000 0.877451 0.249020 0.880392 0.246078 0.886275 0.242157 0.890196 0.241176 0.893137 0.239216 0.895098 0.233333 0.900000 0.232353 0.904902 0.230392 0.906863 0.229412 0.909804 0.228431 0.912745 0.227451 0.917647 0.227451 0.928431 0.228431 0.935294 0.230392 0.938235 0.231373 0.943137 0.231373 0.946078 0.232353 0.950980 0.234314 0.953922 0.234314 0.957843 0.235294 0.960784 0.237255 0.965686 0.241176 0.969608 0.245098 0.971569 0.249020 0.975490 0.250980 0.976471 0.253922 0.977451 0.260784 0.977451 0.264706 0.978431 0.268627 0.980392 0.272549 0.980392 0.274510 0.981373 0.276471 0.985294 0.274510 0.987255 0.271569 0.987255 0.266667 0.992157 0.265686 0.994118 0.265686 0.999020 0.295098 0.996078 0.306863 0.999020 0.306863 0.997059 0.308824 0.995098 0.312745 0.994118 0.306863 0.992157 0.306863 0.991176 0.304902 0.989216 0.302941 0.989216 0.300980 0.987255 0.298039 0.987255 0.296078 0.986275 0.298039 0.984314 0.301961 0.984314 0.304902 0.982353 0.306863 0.980392 0.307843 0.978431 0.307843 0.975490 0.309804 0.973529 0.310784 0.977451 0.312745 0.979412 0.318627 0.984314 0.322549 0.985294 0.325490 0.986275 0.333333 0.987255 0.337255 0.985294 0.342157 0.985294 0.346078 0.983333 0.350000 0.983333 0.351961 0.982353 0.354902 0.980392 0.357843 0.978431 0.359804 0.975490 0.360784 0.971569 0.364706 0.968627 0.365686 0.966667 0.365686 0.962745 0.366667 0.960784 0.371569 0.955882 0.376471 0.951961 0.378431 0.951961 0.380392 0.950000 0.380392 0.948039 0.381373 0.946078 0.380392 0.942157 0.379412 0.941176 0.379412 0.939216 0.375490 0.936275 0.374510 0.933333 0.374510 0.930392 0.370588 0.922549 0.368627 0.920588 0.358824 0.911765 0.357843 0.908824 0.353922 0.904902 0.353922 0.900000 0.359804 0.895098 0.361765 0.892157 0.363725 0.891176 0.368627 0.890196 0.372549 0.887255 0.373529 0.886275 0.374510 0.883333 0.379412 0.877451 0.381373 0.874510 0.382353 0.872549 0.386275 0.863725 0.388235 0.858824 0.389216 0.855882 0.390196 0.848039 0.389216 0.841176 0.388235 0.838235 0.386275 0.833333 0.380392 0.823529 0.380392 0.817647 0.379412 0.813725 0.376471 0.807843 0.376471 0.803922 0.375490 0.800980 0.374510 0.798039 0.369608 0.793137 0.363725 0.790196 0.352941 0.790196
5 0.323529 0.986275 0.327451 0.987255 0.327451 0.985294 0.323529 0.986275
5 0.309804 0.970588 0.311765 0.970588 0.310784 0.968627 0.309804 0.970588
5 0.330392 0.953922 0.328431 0.955882 0.327451 0.957843 0.328431 0.959804 0.331373 0.960784 0.333333 0.962745 0.335294 0.959804 0.337255 0.959804 0.339216 0.958824 0.342157 0.955882 0.342157 0.953922 0.339216 0.956863 0.337255 0.956863 0.334314 0.953922 0.330392 0.953922
5 0.309804 0.951961 0.307843 0.953922 0.307843 0.958824 0.309804 0.961765 0.309804 0.963725 0.310784 0.960784 0.312745 0.958824 0.312745 0.955882 0.311765 0.954902 0.311765 0.951961 0.309804 0.951961
5 0.270588 0.922549 0.269608 0.924510 0.267647 0.925490 0.266667 0.928431 0.268627 0.927451 0.269608 0.924510 0.271569 0.924510 0.270588 0.922549
5 0.348039 0.914706 0.345098 0.917647 0.344118 0.920588 0.347059 0.919608 0.347059 0.918627 0.349020 0.916667 0.350980 0.919608 0.353922 0.917647 0.350000 0.916667 0.350000 0.914706 0.348039 0.914706
5 0.344118 0.910784 0.344118 0.912745 0.346078 0.912745 0.346078 0.910784 0.344118 0.910784
5 0.350980 0.912745 0.355882 0.911765 0.353922 0.909804 0.350980 0.912745
5 0.324510 0.907843 0.321569 0.910784 0.320588 0.913725 0.315686 0.919608 0.318627 0.922549 0.324510 0.921569 0.326471 0.922549 0.327451 0.927451 0.328431 0.929412 0.331373 0.931373 0.329412 0.936275 0.332353 0.935294 0.332353 0.934314 0.334314 0.933333 0.335294 0.935294 0.338235 0.934314 0.334314 0.933333 0.335294 0.929412 0.337255 0.928431 0.340196 0.928431 0.340196 0.926471 0.342157 0.925490 0.342157 0.922549 0.340196 0.922549 0.338235 0.924510 0.335294 0.923529 0.334314 0.921569 0.332353 0.921569 0.327451 0.916667 0.327451 0.914706 0.330392 0.911765 0.327451 0.908824 0.327451 0.907843 0.324510 0.907843
5 0.266667 0.895098 0.266667 0.897059 0.268627 0.895098 0.266667 0.895098
5 0.348039 0.850980 0.348039 0.853922 0.350000 0.853922 0.348039 0.850980
5 0.641176 0.824510 0.641176 0.826471 0.643137 0.826471 0.643137 0.824510 0.641176 0.824510
5 0.388235 0.795098 0.388235 0.801961 0.390196 0.801961 0.389216 0.797059 0.392157 0.794118 0.388235 0.795098
5 0.468627 0.787255 0.471569 0.787255 0.471569 0.785294 0.468627 0.787255
5 0.400000 0.776471 0.398039 0.777451 0.397059 0.781373 0.400980 0.784314 0.400000 0.784314 0.399020 0.788235 0.401961 0.787255 0.403922 0.785294 0.404902 0.782353 0.408824 0.779412 0.408824 0.777451 0.404902 0.777451 0.403922 0.776471 0.400000 0.776471
5 0.427451 0.772549 0.425490 0.773529 0.424510 0.777451 0.422549 0.777451 0.422549 0.780392 0.425490 0.779412 0.425490 0.777451 0.427451 0.776471 0.427451 0.772549
5 0.442157 0.724510 0.447059 0.729412 0.449020 0.730392 0.447059 0.733333 0.444118 0.735294 0.444118 0.737255 0.448039 0.738235 0.449020 0.735294 0.447059 0.733333 0.449020 0.730392 0.450980 0.731373 0.453922 0.730392 0.461765 0.737255 0.456863 0.744118 0.453922 0.742157 0.452941 0.745098 0.456863 0.744118 0.461765 0.737255 0.466667 0.737255 0.469608 0.739216 0.474510 0.740196 0.477451 0.743137 0.480392 0.744118 0.486275 0.744118 0.488235 0.746078 0.493137 0.746078 0.498039 0.745098 0.501961 0.741176 0.504902 0.741176 0.508824 0.737255 0.510784 0.736275 0.513725 0.736275 0.517647 0.739216 0.515686 0.742157 0.518627 0.747059 0.518627 0.750000 0.516667 0.750980 0.518627 0.752941 0.519608 0.755882 0.523529 0.750980 0.531373 0.746078 0.534314 0.746078 0.542157 0.747059 0.546078 0.748039 0.549020 0.750000 0.551961 0.750980 0.568627 0.750980 0.571569 0.751961 0.576471 0.754902 0.579412 0.754902 0.582353 0.756863 0.587255 0.761765 0.593137 0.764706 0.600000 0.771569 0.602941 0.773529 0.604902 0.774510 0.606863 0.774510 0.611765 0.777451 0.617647 0.784314 0.618627 0.785294 0.620588 0.787255 0.621569 0.788235 0.627451 0.793137 0.630392 0.797059 0.631373 0.799020 0.632353 0.802941 0.632353 0.807843 0.633333 0.809804 0.634314 0.811765 0.638235 0.812745 0.636275 0.818627 0.633333 0.819608 0.633333 0.824510 0.635294 0.826471 0.636275 0.827451 0.632353 0.828431 0.632353 0.830392 0.634314 0.832353 0.636275 0.827451 0.635294 0.826471 0.639216 0.827451 0.639216 0.830392 0.636275 0.831373 0.635294 0.834314 0.633333 0.835294 0.632353 0.839216 0.620588 0.838235 0.618627 0.835294 0.618627 0.831373 0.620588 0.829412 0.618627 0.827451 0.616667 0.829412 0.618627 0.831373 0.618627 0.835294 0.616667 0.837255 0.618627 0.840196 0.620588 0.838235 0.632353 0.839216 0.636275 0.841176 0.636275 0.842157 0.636275 0.844118 0.632353 0.845098 0.634314 0.847059 0.636275 0.844118 0.636275 0.842157 0.640196 0.841176 0.637255 0.837255 0.640196 0.837255 0.642157 0.839216 0.645098 0.837255 0.645098 0.842157 0.647059 0.844118 0.646078 0.847059 0.644118 0.848039 0.643137 0.847059 0.644118 0.844118 0.641176 0.843137 0.640196 0.846078 0.643137 0.847059 0.644118 0.848039 0.644118 0.850980 0.646078 0.852941 0.644118 0.856863 0.645098 0.859804 0.641176 0.857843 0.640196 0.855882 0.643137 0.854902 0.641176 0.851961 0.640196 0.848039 0.637255 0.847059 0.635294 0.850980 0.634314 0.850980 0.632353 0.852941 0.635294 0.855882 0.632353 0.856863 0.631373 0.857843 0.627451 0.857843 0.626471 0.858824 0.623529 0.858824 0.616667 0.857843 0.614706 0.860784 0.611765 0.858824 0.609804 0.858824 0.608824 0.862745 0.611765 0.864706 0.607843 0.863725 0.604902 0.864706 0.602941 0.865686 0.601961 0.866667 0.599020 0.866667 0.595098 0.867647 0.598039 0.870588 0.600000 0.871569 0.595098 0.872549 0.593137 0.874510 0.592157 0.877451 0.589216 0.876471 0.587255 0.874510 0.583333 0.866667 0.585294 0.864706 0.588235 0.857843 0.592157 0.858824 0.594118 0.856863 0.592157 0.853922 0.589216 0.853922 0.588235 0.857843 0.585294 0.864706 0.581373 0.864706 0.578431 0.864706 0.576471 0.862745 0.573529 0.862745 0.572549 0.865686 0.576471 0.866667 0.578431 0.864706 0.581373 0.864706 0.583333 0.866667 0.587255 0.874510 0.586275 0.876471 0.589216 0.876471 0.592157 0.877451 0.592157 0.881373 0.591176 0.882353 0.591176 0.885294 0.591176 0.884314 0.589216 0.882353 0.586275 0.882353 0.585294 0.885294 0.587255 0.887255 0.591176 0.884314 0.591176 0.885294 0.593137 0.891176 0.592157 0.894118 0.590196 0.894118 0.589216 0.895098 0.590196 0.892157 0.589216 0.890196 0.585294 0.891176 0.573529 0.884314 0.569608 0.884314 0.551961 0.867647 0.553922 0.865686 0.550000 0.865686 0.551961 0.867647 0.569608 0.884314 0.571569 0.886275 0.573529 0.884314 0.585294 0.891176 0.585294 0.894118 0.589216 0.895098 0.590196 0.894118 0.590196 0.899020 0.592157 0.902941 0.593137 0.905882 0.592157 0.911765 0.592157 0.913725 0.593137 0.914706 0.593137 0.916667 0.592157 0.917647 0.592157 0.919608 0.594118 0.923529 0.593137 0.926471 0.594118 0.929412 0.595098 0.932353 0.596078 0.934314 0.598039 0.936275 0.599020 0.936275 0.600980 0.938235 0.603922 0.942157 0.601961 0.945098 0.601961 0.950000 0.603922 0.951961 0.607843 0.951961 0.609804 0.953922 0.609804 0.958824 0.612745 0.961765 0.613725 0.963725 0.613725 0.965686 0.615686 0.967647 0.616667 0.968627 0.619608 0.971569 0.622549 0.969608 0.621569 0.973529 0.623529 0.975490 0.624510 0.975490 0.626471 0.977451 0.628431 0.981373 0.629412 0.982353 0.630392 0.982353 0.632353 0.984314 0.633333 0.988235 0.637255 0.993137 0.637255 0.999020 0.343137 0.999020 0.339216 0.996078 0.336275 0.994118 0.336275 0.988235 0.333333 0.987255 0.332353 0.985294 0.334314 0.985294 0.337255 0.987255 0.340196 0.986275 0.343137 0.985294 0.345098 0.983333 0.349020 0.983333 0.351961 0.980392 0.353922 0.980392 0.355882 0.979412 0.356863 0.978431 0.356863 0.977451 0.358824 0.975490 0.359804 0.972549 0.360784 0.970588 0.361765 0.969608 0.365686 0.966667 0.366667 0.964706 0.366667 0.956863 0.369608 0.955882 0.371569 0.954902 0.373529 0.953922 0.375490 0.950980 0.377451 0.950000 0.379412 0.950000 0.384314 0.948039 0.381373 0.945098 0.380392 0.942157 0.378431 0.944118 0.376471 0.944118 0.379412 0.941176 0.381373 0.938235 0.382353 0.935294 0.384314 0.933333 0.385294 0.931373 0.381373 0.927451 0.380392 0.925490 0.380392 0.921569 0.381373 0.918627 0.384314 0.917647 0.385294 0.914706 0.383333 0.912745 0.380392 0.910784 0.377451 0.912745 0.372549 0.913725 0.366667 0.912745 0.364706 0.910784 0.362745 0.912745 0.358824 0.913725 0.364706 0.917647 0.365686 0.919608 0.358824 0.920588 0.358824 0.917647 0.356863 0.915686 0.358824 0.912745 0.358824 0.910784 0.361765 0.909804 0.362745 0.906863 0.363725 0.904902 0.366667 0.906863 0.366667 0.907843 0.369608 0.908824 0.371569 0.906863 0.373529 0.906863 0.376471 0.910784 0.379412 0.908824 0.379412 0.906863 0.382353 0.906863 0.383333 0.908824 0.384314 0.902941 0.386275 0.900980 0.384314 0.898039 0.379412 0.898039 0.374510 0.896078 0.373529 0.894118 0.371569 0.894118 0.371569 0.892157 0.374510 0.892157 0.375490 0.894118 0.378431 0.892157 0.376471 0.889216 0.378431 0.885294 0.382353 0.881373 0.382353 0.876471 0.386275 0.867647 0.389216 0.864706 0.389216 0.860784 0.391176 0.858824 0.391176 0.855882 0.393137 0.853922 0.394118 0.853922 0.398039 0.850980 0.401961 0.848039 0.403922 0.843137 0.402941 0.837255 0.400980 0.836275 0.395098 0.836275 0.392157 0.835294 0.390196 0.833333 0.389216 0.829412 0.386275 0.826471 0.386275 0.821569 0.388235 0.814706 0.390196 0.812745 0.391176 0.809804 0.393137 0.809804 0.394118 0.810784 0.396078 0.810784 0.398039 0.806863 0.399020 0.806863 0.400980 0.804902 0.403922 0.804902 0.406863 0.801961 0.409804 0.798039 0.410784 0.797059 0.416667 0.793137 0.422549 0.786275 0.426471 0.787255 0.433333 0.788235 0.435294 0.788235 0.438235 0.785294 0.439216 0.783333 0.437255 0.779412 0.441176 0.774510 0.438235 0.770588 0.440196 0.770588 0.443137 0.772549 0.447059 0.770588 0.445098 0.772549 0.444118 0.774510 0.445098 0.776471 0.448039 0.778431 0.445098 0.779412 0.443137 0.777451 0.441176 0.779412 0.443137 0.783333 0.444118 0.784314 0.446078 0.785294 0.448039 0.785294 0.450000 0.787255 0.451961 0.786275 0.453922 0.783333 0.455882 0.782353 0.453922 0.781373 0.452941 0.778431 0.455882 0.778431 0.455882 0.780392 0.458824 0.784314 0.464706 0.785294 0.464706 0.787255 0.467647 0.791176 0.469608 0.793137 0.472549 0.795098 0.476471 0.794118 0.477451 0.793137 0.479412 0.791176 0.476471 0.789216 0.474510 0.791176 0.475490 0.788235 0.476471 0.779412 0.474510 0.774510 0.475490 0.772549 0.475490 0.770588 0.474510 0.769608 0.473529 0.765686 0.472549 0.765686 0.469608 0.763725 0.468627 0.761765 0.468627 0.759804 0.467647 0.757843 0.456863 0.755882 0.439216 0.755882 0.435294 0.752941 0.432353 0.750000 0.431373 0.750000 0.429412 0.748039 0.426471 0.743137 0.424510 0.741176 0.423529 0.741176 0.421569 0.739216 0.419608 0.736275 0.419608 0.734314 0.421569 0.732353 0.421569 0.730392 0.423529 0.728431 0.425490 0.727451 0.428431 0.727451 0.430392 0.730392 0.433333 0.731373 0.438235 0.724510 0.442157 0.724510
