4 0.766667 0.083333 0.765686 0.085294 0.767647 0.093137 0.769608 0.091176 0.768627 0.088235 0.766667 0.083333
4 0.662745 0.000000 0.663725 0.001961 0.677451 0.001961 0.679412 0.003922 0.683333 0.004902 0.685294 0.005882 0.698039 0.013725 0.700980 0.015686 0.703922 0.018627 0.706863 0.020588 0.709804 0.022549 0.716667 0.025490 0.719608 0.027451 0.720588 0.028431 0.723529 0.029412 0.724510 0.032353 0.727451 0.035294 0.729412 0.036275 0.731373 0.037255 0.735294 0.035294 0.737255 0.035294 0.740196 0.037255 0.743137 0.036275 0.746078 0.039216 0.750980 0.040196 0.754902 0.044118 0.755882 0.047059 0.755882 0.050980 0.758824 0.057843 0.758824 0.064706 0.759804 0.068627 0.762745 0.072549 0.762745 0.076471 0.760784 0.077451 0.755882 0.078431 0.753922 0.078431 0.748039 0.076471 0.735294 0.077451 0.734314 0.090196 0.735294 0.093137 0.737255 0.095098 0.740196 0.096078 0.743137 0.096078 0.741176 0.098039 0.736275 0.100000 0.734314 0.101961 0.734314 0.107843 0.732353 0.109804 0.732353 0.114706 0.731373 0.116667 0.729412 0.118627 0.728431 0.122549 0.728431 0.128431 0.726471 0.131373 0.723529 0.134314 0.723529 0.139216 0.720588 0.145098 0.714706 0.150980 0.713725 0.152941 0.713725 0.157843 0.709804 0.162745 0.707843 0.164706 0.703922 0.168627 0.700000 0.169608 0.699020 0.172549 0.693137 0.179412 0.687255 0.181373 0.684314 0.185294 0.683333 0.188235 0.677451 0.194118 0.675490 0.195098 0.668627 0.196078 0.666667 0.197059 0.664706 0.199020 0.654902 0.202941 0.650980 0.202941 0.649020 0.203922 0.647059 0.204902 0.644118 0.206863 0.638235 0.212745 0.633333 0.214706 0.626471 0.215686 0.623529 0.217647 0.608824 0.217647 0.606863 0.219608 0.601961 0.219608 0.600980 0.223529 0.596078 0.224510 0.594118 0.219608 0.594118 0.215686 0.592157 0.213725 0.588235 0.211765 0.585294 0.210784 0.582353 0.210784 0.581373 0.209804 0.580392 0.186275 0.592157 0.184314 0.591176 0.180392 0.588235 0.173529 0.580392 0.171569 0.578431 0.173529 0.578431 0.184314 0.580392 0.186275 0.581373 0.209804 0.579412 0.209804 0.573529 0.210784 0.572549 0.209804 0.566667 0.209804 0.563725 0.208824 0.558824 0.203922 0.553922 0.201961 0.550980 0.200000 0.551961 0.196078 0.550000 0.194118 0.550000 0.190196 0.548039 0.188235 0.543137 0.189216 0.541176 0.186275 0.542157 0.185294 0.545098 0.187255 0.544118 0.183333 0.544118 0.159804 0.540196 0.157843 0.542157 0.159804 0.544118 0.159804 0.544118 0.183333 0.542157 0.185294 0.541176 0.186275 0.536275 0.185294 0.532353 0.185294 0.530392 0.187255 0.529412 0.189216 0.529412 0.193137 0.530392 0.200980 0.528431 0.203922 0.528431 0.204902 0.526471 0.202941 0.523529 0.202941 0.521569 0.204902 0.523529 0.207843 0.527451 0.207843 0.528431 0.204902 0.528431 0.203922 0.529412 0.226471 0.529412 0.228431 0.527451 0.225490 0.528431 0.219608 0.525490 0.216667 0.524510 0.215686 0.527451 0.213725 0.527451 0.210784 0.525490 0.208824 0.521569 0.211765 0.524510 0.215686 0.525490 0.216667 0.523529 0.218627 0.523529 0.219608 0.521569 0.221569 0.519608 0.220588 0.518627 0.218627 0.517647 0.216667 0.517647 0.213725 0.518627 0.212745 0.517647 0.209804 0.520588 0.205882 0.518627 0.202941 0.517647 0.202941 0.515686 0.200980 0.513725 0.190196 0.514706 0.185294 0.512745 0.181373 0.509804 0.178431 0.508824 0.176471 0.507843 0.162745 0.507843 0.159804 0.508824 0.157843 0.509804 0.156863 0.513725 0.153922 0.514706 0.151961 0.515686 0.148039 0.515686 0.145098 0.516667 0.141176 0.517647 0.139216 0.523529 0.133333 0.531373 0.142157 0.533333 0.145098 0.535294 0.143137 0.533333 0.140196 0.550000 0.123529 0.551961 0.123529 0.558824 0.123529 0.558824 0.118627 0.556863 0.116667 0.549020 0.116667 0.547059 0.118627 0.547059 0.120588 0.550000 0.123529 0.533333 0.140196 0.531373 0.142157 0.523529 0.133333 0.523529 0.129412 0.520588 0.128431 0.518627 0.126471 0.517647 0.124510 0.516667 0.126471 0.515686 0.127451 0.515686 0.129412 0.514706 0.131373 0.513725 0.133333 0.504902 0.132353 0.502941 0.131373 0.500980 0.129412 0.501961 0.124510 0.499020 0.121569 0.495098 0.121569 0.496078 0.117647 0.494118 0.115686 0.494118 0.113725 0.496078 0.113725 0.497059 0.110784 0.495098 0.108824 0.493137 0.107843 0.492157 0.105882 0.492157 0.102941 0.489216 0.100000 0.487255 0.099020 0.486275 0.097059 0.483333 0.094118 0.479412 0.093137 0.475490 0.093137 0.473529 0.092157 0.470588 0.089216 0.469608 0.087255 0.469608 0.078431 0.468627 0.072549 0.467647 0.071569 0.467647 0.067647 0.468627 0.063725 0.469608 0.061765 0.470588 0.059804 0.472549 0.057843 0.476471 0.054902 0.477451 0.051961 0.479412 0.050980 0.481373 0.049020 0.483333 0.045098 0.483333 0.043137 0.487255 0.042157 0.489216 0.041176 0.491176 0.039216 0.491176 0.037255 0.492157 0.035294 0.493137 0.034314 0.494118 0.034314 0.494118 0.031373 0.492157 0.030392 0.489216 0.030392 0.489216 0.026471 0.492157 0.024510 0.500000 0.024510 0.504902 0.026471 0.506863 0.024510 0.513725 0.020588 0.515686 0.023529 0.517647 0.025490 0.520588 0.024510 0.522549 0.022549 0.524510 0.017647 0.520588 0.014706 0.515686 0.014706 0.512745 0.017647 0.512745 0.017647 0.510784 0.015686 0.505882 0.016667 0.501961 0.013725 0.500000 0.014706 0.500000 0.015686 0.500980 0.019608 0.504902 0.018627 0.510784 0.019608 0.512745 0.017647 0.512745 0.017647 0.513725 0.020588 0.506863 0.024510 0.501961 0.022549 0.500000 0.024510 0.492157 0.024510 0.487255 0.024510 0.489216 0.026471 0.489216 0.030392 0.485294 0.029412 0.485294 0.020588 0.489216 0.016667 0.489216 0.013725 0.492157 0.010784 0.497059 0.008824 0.500000 0.011765 0.503922 0.010784 0.505882 0.010784 0.509804 0.005882 0.513725 0.005882 0.514706 0.004902 0.520588 0.004902 0.524510 0.003922 0.526471 0.002941 0.528431 0.000000 0.662745 0.000000
4 0.601961 0.640196 0.600980 0.641176 0.593137 0.641176 0.589216 0.642157 0.586275 0.643137 0.582353 0.646078 0.579412 0.646078 0.574510 0.651961 0.569608 0.653922 0.563725 0.654902 0.561765 0.655882 0.558824 0.657843 0.555882 0.659804 0.553922 0.661765 0.553922 0.665686 0.552941 0.667647 0.551961 0.668627 0.550000 0.669608 0.548039 0.669608 0.546078 0.670588 0.539216 0.677451 0.538235 0.682353 0.537255 0.684314 0.532353 0.686275 0.525490 0.686275 0.520588 0.683333 0.517647 0.683333 0.513725 0.679412 0.509804 0.678431 0.507843 0.676471 0.505882 0.675490 0.501961 0.675490 0.500000 0.673529 0.500000 0.672549 0.495098 0.670588 0.492157 0.670588 0.485294 0.671569 0.468627 0.670588 0.466667 0.668627 0.466667 0.664706 0.461765 0.665686 0.461765 0.668627 0.459804 0.670588 0.454902 0.670588 0.446078 0.669608 0.442157 0.671569 0.436275 0.671569 0.432353 0.672549 0.429412 0.673529 0.427451 0.675490 0.425490 0.678431 0.425490 0.682353 0.423529 0.683333 0.422549 0.685294 0.422549 0.688235 0.420588 0.691176 0.420588 0.695098 0.418627 0.700980 0.416667 0.700980 0.413725 0.700980 0.410784 0.700000 0.411765 0.697059 0.409804 0.699020 0.407843 0.699020 0.404902 0.701961 0.398039 0.701961 0.394118 0.702941 0.390196 0.706863 0.389216 0.708824 0.388235 0.716667 0.384314 0.715686 0.381373 0.717647 0.377451 0.717647 0.375490 0.719608 0.367647 0.722549 0.359804 0.720588 0.359804 0.719608 0.357843 0.717647 0.355882 0.716667 0.352941 0.716667 0.348039 0.713725 0.345098 0.712745 0.341176 0.715686 0.339216 0.716667 0.334314 0.717647 0.332353 0.719608 0.328431 0.724510 0.327451 0.728431 0.327451 0.741176 0.326471 0.747059 0.324510 0.749020 0.317647 0.749020 0.315686 0.750000 0.308824 0.755882 0.304902 0.755882 0.300980 0.757843 0.298039 0.758824 0.294118 0.762745 0.291176 0.766667 0.290196 0.768627 0.289216 0.770588 0.289216 0.772549 0.288235 0.774510 0.286275 0.776471 0.285294 0.778431 0.285294 0.782353 0.282353 0.787255 0.281373 0.794118 0.278431 0.798039 0.278431 0.800980 0.277451 0.801961 0.277451 0.803922 0.278431 0.804902 0.278431 0.806863 0.276471 0.810784 0.275490 0.816667 0.275490 0.823529 0.272549 0.829412 0.272549 0.842157 0.270588 0.844118 0.270588 0.852941 0.270588 0.854902 0.265686 0.863725 0.265686 0.866667 0.264706 0.869608 0.263725 0.871569 0.258824 0.875490 0.256863 0.879412 0.251961 0.884314 0.250980 0.886275 0.250980 0.888235 0.248039 0.892157 0.246078 0.897059 0.245098 0.900000 0.244118 0.902941 0.246078 0.906863 0.249020 0.912745 0.250000 0.915686 0.250980 0.921569 0.250980 0.944118 0.253922 0.951961 0.259804 0.962745 0.259804 0.965686 0.262745 0.974510 0.264706 0.976471 0.264706 0.981373 0.265686 0.984314 0.267647 0.986275 0.267647 0.988235 0.272549 0.993137 0.273529 0.993137 0.278431 0.999020 0.570588 0.999020 0.571569 0.997059 0.574510 0.996078 0.578431 0.996078 0.583333 0.998039 0.595098 0.996078 0.607843 0.997059 0.608824 0.999020 0.624510 0.999020 0.625490 0.997059 0.641176 0.996078 0.643137 0.996078 0.647059 0.997059 0.655882 0.997059 0.661765 0.997059 0.679412 0.995098 0.682353 0.995098 0.691176 0.996078 0.696078 0.997059 0.697059 0.999020 0.719608 0.999020 0.723529 0.996078 0.725490 0.994118 0.727451 0.991176 0.730392 0.985294 0.731373 0.981373 0.732353 0.977451 0.733333 0.972549 0.733333 0.960784 0.732353 0.951961 0.731373 0.946078 0.730392 0.939216 0.726471 0.926471 0.724510 0.913725 0.723529 0.906863 0.724510 0.902941 0.723529 0.897059 0.724510 0.892157 0.726471 0.890196 0.730392 0.890196 0.733333 0.893137 0.735294 0.901961 0.737255 0.903922 0.742157 0.905882 0.747059 0.910784 0.750000 0.912745 0.755882 0.912745 0.756863 0.913725 0.761765 0.913725 0.763725 0.912745 0.765686 0.911765 0.768627 0.908824 0.770588 0.904902 0.770588 0.902941 0.769608 0.901961 0.770588 0.898039 0.772549 0.897059 0.772549 0.891176 0.774510 0.887255 0.774510 0.876471 0.773529 0.873529 0.772549 0.870588 0.770588 0.868627 0.772549 0.865686 0.772549 0.862745 0.771569 0.861765 0.771569 0.859804 0.772549 0.858824 0.772549 0.856863 0.770588 0.853922 0.770588 0.851961 0.771569 0.844118 0.771569 0.840196 0.769608 0.838235 0.769608 0.835294 0.770588 0.834314 0.770588 0.832353 0.769608 0.825490 0.767647 0.821569 0.768627 0.815686 0.766667 0.810784 0.765686 0.799020 0.763725 0.789216 0.762745 0.784314 0.761765 0.782353 0.758824 0.779412 0.757843 0.777451 0.756863 0.775490 0.755882 0.770588 0.754902 0.768627 0.752941 0.766667 0.751961 0.766667 0.750980 0.765686 0.750000 0.763725 0.749020 0.759804 0.747059 0.756863 0.741176 0.750980 0.733333 0.748039 0.730392 0.745098 0.728431 0.744118 0.723529 0.743137 0.721569 0.742157 0.715686 0.736275 0.712745 0.735294 0.707843 0.733333 0.704902 0.733333 0.702941 0.731373 0.701961 0.728431 0.700000 0.726471 0.699020 0.726471 0.696078 0.723529 0.695098 0.723529 0.693137 0.720588 0.689216 0.719608 0.686275 0.715686 0.685294 0.714706 0.672549 0.702941 0.666667 0.695098 0.663725 0.691176 0.662745 0.688235 0.661765 0.687255 0.660784 0.687255 0.657843 0.685294 0.654902 0.682353 0.652941 0.681373 0.650980 0.680392 0.648039 0.680392 0.646078 0.679412 0.640196 0.673529 0.637255 0.669608 0.635294 0.666667 0.634314 0.664706 0.633333 0.660784 0.631373 0.656863 0.626471 0.650980 0.623529 0.648039 0.617647 0.643137 0.615686 0.642157 0.613725 0.641176 0.608824 0.640196 0.601961 0.640196
4 0.524510 0.626471 0.522549 0.628431 0.521569 0.630392 0.523529 0.633333 0.522549 0.639216 0.517647 0.642157 0.515686 0.646078 0.517647 0.649020 0.526471 0.648039 0.528431 0.647059 0.529412 0.638235 0.527451 0.636275 0.527451 0.634314 0.530392 0.631373 0.530392 0.628431 0.529412 0.626471 0.524510 0.626471
6 0.474510 0.358824 0.473529 0.360784 0.475490 0.360784 0.474510 0.358824
6 0.627451 0.206863 0.626471 0.208824 0.628431 0.208824 0.627451 0.206863
6 0.625490 0.200980 0.627451 0.201961 0.627451 0.200000 0.625490 0.200980
6 0.531373 0.168627 0.533333 0.171569 0.535294 0.169608 0.533333 0.167647 0.531373 0.168627
6 0.562745 0.152941 0.562745 0.154902 0.564706 0.155882 0.562745 0.152941
6 0.536275 0.149020 0.533333 0.151961 0.530392 0.153922 0.531373 0.155882 0.536275 0.154902 0.537255 0.152941 0.536275 0.149020
6 0.519608 0.152941 0.515686 0.153922 0.518627 0.154902 0.521569 0.150980 0.521569 0.149020 0.519608 0.152941
6 0.569608 0.139216 0.572549 0.140196 0.574510 0.139216 0.574510 0.137255 0.569608 0.139216
6 0.725490 0.032353 0.726471 0.034314 0.729412 0.034314 0.731373 0.032353 0.735294 0.033333 0.740196 0.032353 0.743137 0.035294 0.745098 0.035294 0.747059 0.036275 0.749020 0.041176 0.752941 0.044118 0.755882 0.048039 0.754902 0.053922 0.755882 0.057843 0.758824 0.060784 0.758824 0.063725 0.760784 0.066667 0.760784 0.069608 0.763725 0.074510 0.764706 0.079412 0.767647 0.082353 0.767647 0.088235 0.770588 0.091176 0.771569 0.093137 0.772549 0.098039 0.773529 0.105882 0.774510 0.114706 0.773529 0.119608 0.775490 0.122549 0.775490 0.127451 0.779412 0.135294 0.779412 0.138235 0.781373 0.143137 0.783333 0.146078 0.782353 0.150980 0.784314 0.153922 0.785294 0.159804 0.784314 0.161765 0.784314 0.163725 0.782353 0.165686 0.783333 0.170588 0.782353 0.178431 0.780392 0.181373 0.781373 0.188235 0.783333 0.191176 0.782353 0.196078 0.784314 0.200980 0.784314 0.209804 0.783333 0.216667 0.782353 0.223529 0.779412 0.228431 0.779412 0.233333 0.778431 0.236275 0.776471 0.239216 0.770588 0.246078 0.766667 0.250000 0.759804 0.253922 0.755882 0.257843 0.754902 0.259804 0.754902 0.264706 0.753922 0.266667 0.751961 0.269608 0.748039 0.273529 0.739216 0.277451 0.736275 0.279412 0.729412 0.284314 0.720588 0.292157 0.710784 0.298039 0.708824 0.299020 0.703922 0.300980 0.700980 0.300980 0.699020 0.301961 0.697059 0.302941 0.692157 0.305882 0.688235 0.308824 0.685294 0.312745 0.682353 0.313725 0.679412 0.316667 0.674510 0.319608 0.672549 0.319608 0.669608 0.322549 0.667647 0.323529 0.665686 0.324510 0.662745 0.325490 0.655882 0.326471 0.649020 0.328431 0.641176 0.331373 0.639216 0.332353 0.637255 0.333333 0.634314 0.335294 0.626471 0.342157 0.624510 0.344118 0.624510 0.345098 0.619608 0.346078 0.614706 0.348039 0.612745 0.350000 0.607843 0.349020 0.605882 0.349020 0.604902 0.350000 0.601961 0.350000 0.598039 0.351961 0.592157 0.352941 0.588235 0.350980 0.584314 0.350000 0.579412 0.350000 0.577451 0.348039 0.574510 0.348039 0.571569 0.346078 0.568627 0.347059 0.566667 0.349020 0.566667 0.350000 0.564706 0.351961 0.562745 0.351961 0.561765 0.349020 0.558824 0.345098 0.556863 0.343137 0.553922 0.345098 0.553922 0.347059 0.556863 0.348039 0.556863 0.350000 0.553922 0.349020 0.553922 0.348039 0.550000 0.348039 0.550000 0.349020 0.548039 0.350000 0.546078 0.351961 0.546078 0.354902 0.549020 0.357843 0.553922 0.357843 0.554902 0.362745 0.552941 0.363725 0.547059 0.362745 0.544118 0.362745 0.541176 0.365686 0.539216 0.365686 0.537255 0.367647 0.536275 0.369608 0.534314 0.366667 0.530392 0.365686 0.530392 0.364706 0.527451 0.363725 0.525490 0.365686 0.523529 0.365686 0.522549 0.363725 0.524510 0.348039 0.527451 0.346078 0.526471 0.344118 0.526471 0.343137 0.526471 0.340196 0.527451 0.336275 0.523529 0.335294 0.522549 0.339216 0.519608 0.338235 0.519608 0.336275 0.516667 0.335294 0.517647 0.331373 0.517647 0.326471 0.515686 0.328431 0.517647 0.331373 0.516667 0.335294 0.515686 0.338235 0.517647 0.340196 0.519608 0.338235 0.522549 0.339216 0.526471 0.340196 0.526471 0.343137 0.522549 0.344118 0.522549 0.346078 0.524510 0.348039 0.522549 0.363725 0.519608 0.363725 0.518627 0.365686 0.516667 0.365686 0.514706 0.362745 0.512745 0.362745 0.510784 0.360784 0.510784 0.359804 0.507843 0.359804 0.506863 0.361765 0.502941 0.361765 0.500980 0.359804 0.499020 0.361765 0.497059 0.361765 0.496078 0.357843 0.492157 0.356863 0.490196 0.359804 0.488235 0.357843 0.484314 0.358824 0.483333 0.361765 0.480392 0.361765 0.483333 0.358824 0.484314 0.355882 0.480392 0.353922 0.480392 0.352941 0.478431 0.350980 0.475490 0.351961 0.475490 0.352941 0.472549 0.352941 0.472549 0.351961 0.470588 0.350000 0.468627 0.350980 0.467647 0.353922 0.465686 0.353922 0.465686 0.349020 0.464706 0.348039 0.464706 0.343137 0.467647 0.341176 0.466667 0.338235 0.467647 0.335294 0.467647 0.332353 0.465686 0.330392 0.465686 0.328431 0.468627 0.326471 0.469608 0.322549 0.468627 0.318627 0.469608 0.315686 0.471569 0.313725 0.473529 0.311765 0.475490 0.311765 0.477451 0.311765 0.476471 0.313725 0.479412 0.313725 0.477451 0.311765 0.475490 0.311765 0.476471 0.307843 0.472549 0.303922 0.467647 0.304902 0.466667 0.306863 0.466667 0.310784 0.464706 0.310784 0.461765 0.309804 0.463725 0.308824 0.465686 0.306863 0.464706 0.303922 0.459804 0.297059 0.458824 0.293137 0.457843 0.291176 0.455882 0.289216 0.454902 0.289216 0.450980 0.286275 0.449020 0.284314 0.446078 0.280392 0.441176 0.275490 0.438235 0.273529 0.435294 0.272549 0.432353 0.270588 0.428431 0.267647 0.424510 0.264706 0.416667 0.256863 0.416667 0.255882 0.408824 0.248039 0.400000 0.243137 0.396078 0.243137 0.390196 0.241176 0.386275 0.240196 0.384314 0.239216 0.380392 0.236275 0.375490 0.232353 0.372549 0.228431 0.370588 0.226471 0.367647 0.225490 0.366667 0.223529 0.365686 0.220588 0.364706 0.216667 0.366667 0.211765 0.366667 0.206863 0.368627 0.203922 0.368627 0.200980 0.370588 0.196078 0.371569 0.194118 0.374510 0.189216 0.376471 0.185294 0.380392 0.181373 0.381373 0.179412 0.382353 0.176471 0.383333 0.172549 0.383333 0.163725 0.382353 0.141176 0.391176 0.143137 0.395098 0.143137 0.395098 0.144118 0.394118 0.145098 0.391176 0.149020 0.391176 0.152941 0.393137 0.154902 0.396078 0.154902 0.399020 0.152941 0.401961 0.152941 0.402941 0.148039 0.399020 0.147059 0.398039 0.145098 0.400980 0.145098 0.402941 0.143137 0.400980 0.140196 0.399020 0.140196 0.397059 0.142157 0.395098 0.144118 0.395098 0.143137 0.393137 0.141176 0.391176 0.143137 0.382353 0.141176 0.383333 0.134314 0.384314 0.128431 0.385294 0.122549 0.387255 0.113725 0.388235 0.110784 0.391176 0.105882 0.393137 0.103922 0.395098 0.103922 0.397059 0.101961 0.398039 0.099020 0.400980 0.098039 0.402941 0.096078 0.400980 0.093137 0.399020 0.093137 0.398039 0.092157 0.396078 0.091176 0.398039 0.089216 0.399020 0.089216 0.400980 0.087255 0.400000 0.085294 0.400980 0.082353 0.401961 0.082353 0.403922 0.080392 0.408824 0.081373 0.409804 0.078431 0.407843 0.076471 0.408824 0.074510 0.411765 0.073529 0.413725 0.071569 0.421569 0.079412 0.421569 0.081373 0.423529 0.083333 0.421569 0.086275 0.421569 0.089216 0.424510 0.092157 0.426471 0.093137 0.429412 0.090196 0.432353 0.089216 0.433333 0.088235 0.436275 0.084314 0.436275 0.080392 0.434314 0.078431 0.424510 0.077451 0.421569 0.079412 0.413725 0.071569 0.413725 0.069608 0.414706 0.067647 0.418627 0.065686 0.422549 0.065686 0.425490 0.064706 0.426471 0.059804 0.431373 0.057843 0.435294 0.054902 0.439216 0.059804 0.442157 0.061765 0.445098 0.059804 0.448039 0.059804 0.450000 0.061765 0.450980 0.062745 0.451961 0.064706 0.452941 0.067647 0.453922 0.074510 0.453922 0.076471 0.451961 0.079412 0.453922 0.083333 0.451961 0.087255 0.453922 0.091176 0.453922 0.094118 0.455882 0.096078 0.456863 0.098039 0.456863 0.100000 0.455882 0.103922 0.456863 0.111765 0.456863 0.115686 0.454902 0.116667 0.453922 0.119608 0.435294 0.118627 0.436275 0.112745 0.435294 0.110784 0.432353 0.109804 0.423529 0.108824 0.421569 0.110784 0.421569 0.112745 0.423529 0.114706 0.420588 0.118627 0.421569 0.120588 0.421569 0.122549 0.423529 0.124510 0.428431 0.124510 0.431373 0.122549 0.434314 0.124510 0.435294 0.118627 0.453922 0.119608 0.457843 0.123529 0.460784 0.120588 0.463725 0.119608 0.465686 0.117647 0.466667 0.117647 0.467647 0.116667 0.468627 0.114706 0.468627 0.112745 0.468627 0.108824 0.466667 0.106863 0.463725 0.108824 0.461765 0.108824 0.459804 0.107843 0.461765 0.104902 0.461765 0.103922 0.463725 0.101961 0.467647 0.101961 0.469608 0.104902 0.471569 0.104902 0.472549 0.107843 0.475490 0.105882 0.479412 0.104902 0.480392 0.102941 0.482353 0.102941 0.480392 0.106863 0.482353 0.108824 0.483333 0.110784 0.481373 0.113725 0.481373 0.115686 0.482353 0.128431 0.480392 0.139216 0.478431 0.140196 0.474510 0.140196 0.472549 0.142157 0.472549 0.145098 0.471569 0.147059 0.468627 0.149020 0.468627 0.150980 0.472549 0.154902 0.474510 0.155882 0.477451 0.153922 0.481373 0.156863 0.490196 0.156863 0.492157 0.157843 0.495098 0.159804 0.498039 0.163725 0.496078 0.164706 0.493137 0.163725 0.492157 0.165686 0.496078 0.164706 0.498039 0.163725 0.498039 0.165686 0.500000 0.167647 0.501961 0.167647 0.503922 0.168627 0.504902 0.170588 0.506863 0.170588 0.507843 0.173529 0.509804 0.175490 0.510784 0.175490 0.512745 0.179412 0.514706 0.177451 0.514706 0.178431 0.513725 0.182353 0.512745 0.181373 0.510784 0.178431 0.507843 0.179412 0.506863 0.181373 0.508824 0.182353 0.512745 0.181373 0.513725 0.182353 0.517647 0.183333 0.519608 0.181373 0.517647 0.178431 0.514706 0.178431 0.514706 0.177451 0.514706 0.175490 0.518627 0.175490 0.520588 0.172549 0.521569 0.175490 0.521569 0.178431 0.525490 0.177451 0.523529 0.177451 0.522549 0.182353 0.526471 0.183333 0.528431 0.181373 0.528431 0.179412 0.530392 0.183333 0.532353 0.184314 0.534314 0.184314 0.540196 0.190196 0.546078 0.189216 0.554902 0.190196 0.557843 0.188235 0.560784 0.188235 0.561765 0.184314 0.563725 0.182353 0.564706 0.182353 0.564706 0.179412 0.563725 0.179412 0.561765 0.177451 0.563725 0.174510 0.562745 0.170588 0.563725 0.168627 0.564706 0.168627 0.566667 0.166667 0.566667 0.164706 0.564706 0.162745 0.563725 0.162745 0.566667 0.156863 0.567647 0.156863 0.570588 0.152941 0.573529 0.151961 0.574510 0.147059 0.572549 0.146078 0.580392 0.146078 0.578431 0.146078 0.576471 0.148039 0.577451 0.151961 0.579412 0.152941 0.582353 0.152941 0.583333 0.149020 0.582353 0.152941 0.582353 0.154902 0.585294 0.152941 0.590196 0.151961 0.593137 0.153922 0.595098 0.153922 0.593137 0.154902 0.591176 0.156863 0.591176 0.159804 0.592157 0.166667 0.594118 0.168627 0.596078 0.168627 0.586275 0.169608 0.583333 0.166667 0.583333 0.163725 0.585294 0.162745 0.585294 0.162745 0.584314 0.166667 0.589216 0.167647 0.590196 0.163725 0.585294 0.162745 0.585294 0.162745 0.585294 0.160784 0.589216 0.159804 0.590196 0.156863 0.585294 0.155882 0.584314 0.158824 0.582353 0.160784 0.581373 0.159804 0.582353 0.156863 0.579412 0.155882 0.578431 0.158824 0.581373 0.159804 0.582353 0.160784 0.582353 0.161765 0.579412 0.162745 0.577451 0.164706 0.578431 0.167647 0.581373 0.168627 0.577451 0.170588 0.577451 0.191176 0.577451 0.193137 0.577451 0.200980 0.575490 0.201961 0.570588 0.201961 0.569608 0.200000 0.568627 0.199020 0.571569 0.200000 0.573529 0.199020 0.574510 0.196078 0.572549 0.194118 0.570588 0.194118 0.568627 0.196078 0.568627 0.199020 0.569608 0.200000 0.566667 0.200000 0.565686 0.199020 0.566667 0.195098 0.562745 0.194118 0.560784 0.196078 0.562745 0.199020 0.565686 0.199020 0.566667 0.200000 0.566667 0.200980 0.565686 0.201961 0.562745 0.202941 0.561765 0.205882 0.564706 0.206863 0.567647 0.208824 0.570588 0.208824 0.571569 0.209804 0.570588 0.211765 0.573529 0.211765 0.571569 0.209804 0.570588 0.208824 0.575490 0.207843 0.575490 0.209804 0.576471 0.210784 0.576471 0.213725 0.578431 0.215686 0.554902 0.242157 0.554902 0.236275 0.557843 0.236275 0.555882 0.234314 0.554902 0.236275 0.554902 0.242157 0.553922 0.244118 0.556863 0.245098 0.554902 0.242157 0.578431 0.215686 0.579412 0.215686 0.582353 0.218627 0.583333 0.218627 0.585294 0.220588 0.585294 0.221569 0.587255 0.225490 0.585294 0.227451 0.588235 0.229412 0.587255 0.225490 0.585294 0.221569 0.590196 0.221569 0.590196 0.220588 0.594118 0.216667 0.596078 0.216667 0.598039 0.218627 0.607843 0.218627 0.607843 0.220588 0.609804 0.224510 0.608824 0.228431 0.610784 0.230392 0.614706 0.230392 0.620588 0.231373 0.622549 0.229412 0.623529 0.227451 0.624510 0.224510 0.624510 0.218627 0.625490 0.217647 0.625490 0.215686 0.628431 0.215686 0.630392 0.217647 0.632353 0.215686 0.635294 0.215686 0.638235 0.212745 0.638235 0.210784 0.638235 0.213725 0.640196 0.215686 0.642157 0.216667 0.646078 0.217647 0.649020 0.215686 0.651961 0.215686 0.653922 0.213725 0.654902 0.211765 0.655882 0.206863 0.655882 0.200000 0.658824 0.199020 0.660784 0.197059 0.662745 0.196078 0.664706 0.199020 0.667647 0.197059 0.665686 0.194118 0.662745 0.196078 0.660784 0.197059 0.657843 0.194118 0.654902 0.194118 0.654902 0.191176 0.656863 0.190196 0.658824 0.190196 0.660784 0.188235 0.662745 0.188235 0.663725 0.190196 0.668627 0.188235 0.673529 0.188235 0.678431 0.187255 0.681373 0.184314 0.683333 0.184314 0.685294 0.182353 0.689216 0.180392 0.688235 0.176471 0.692157 0.174510 0.696078 0.175490 0.698039 0.174510 0.699020 0.173529 0.701961 0.168627 0.703922 0.166667 0.705882 0.165686 0.702941 0.162745 0.702941 0.160784 0.703922 0.158824 0.705882 0.157843 0.708824 0.156863 0.712745 0.156863 0.715686 0.155882 0.717647 0.153922 0.718627 0.150000 0.718627 0.141176 0.718627 0.136275 0.720588 0.134314 0.719608 0.129412 0.720588 0.127451 0.722549 0.125490 0.724510 0.125490 0.729412 0.121569 0.731373 0.119608 0.731373 0.116667 0.729412 0.114706 0.732353 0.111765 0.731373 0.109804 0.729412 0.107843 0.727451 0.106863 0.729412 0.104902 0.730392 0.104902 0.731373 0.101961 0.733333 0.099020 0.733333 0.097059 0.736275 0.095098 0.734314 0.093137 0.735294 0.090196 0.736275 0.090196 0.738235 0.088235 0.736275 0.085294 0.735294 0.085294 0.734314 0.082353 0.736275 0.080392 0.736275 0.078431 0.734314 0.076471 0.734314 0.074510 0.736275 0.074510 0.738235 0.072549 0.741176 0.072549 0.744118 0.073529 0.746078 0.071569 0.744118 0.069608 0.742157 0.069608 0.741176 0.072549 0.738235 0.072549 0.738235 0.070588 0.733333 0.069608 0.732353 0.066667 0.731373 0.065686 0.731373 0.063725 0.733333 0.065686 0.737255 0.065686 0.738235 0.062745 0.734314 0.061765 0.738235 0.058824 0.739216 0.060784 0.745098 0.059804 0.742157 0.060784 0.740196 0.062745 0.740196 0.064706 0.742157 0.066667 0.745098 0.066667 0.747059 0.064706 0.747059 0.062745 0.749020 0.060784 0.749020 0.057843 0.750000 0.057843 0.751961 0.057843 0.753922 0.055882 0.750980 0.053922 0.748039 0.055882 0.750000 0.057843 0.749020 0.057843 0.747059 0.055882 0.749020 0.053922 0.748039 0.050000 0.747059 0.048039 0.745098 0.046078 0.742157 0.046078 0.740196 0.048039 0.738235 0.050980 0.737255 0.050000 0.734314 0.047059 0.733333 0.049020 0.737255 0.050000 0.738235 0.050980 0.738235 0.052941 0.733333 0.053922 0.732353 0.056863 0.732353 0.054902 0.733333 0.053922 0.733333 0.051961 0.731373 0.050000 0.731373 0.048039 0.729412 0.046078 0.726471 0.046078 0.724510 0.049020 0.722549 0.045098 0.723529 0.039216 0.725490 0.041176 0.729412 0.042157 0.726471 0.039216 0.725490 0.041176 0.723529 0.039216 0.721569 0.037255 0.719608 0.036275 0.721569 0.035294 0.723529 0.033333 0.723529 0.031373 0.725490 0.032353
6 0.319608 0.718627 0.321569 0.721569 0.323529 0.720588 0.323529 0.719608 0.326471 0.718627 0.327451 0.721569 0.325490 0.723529 0.327451 0.726471 0.327451 0.730392 0.326471 0.737255 0.324510 0.739216 0.324510 0.741176 0.325490 0.745098 0.324510 0.747059 0.323529 0.746078 0.324510 0.743137 0.322549 0.741176 0.319608 0.743137 0.319608 0.745098 0.323529 0.746078 0.324510 0.747059 0.318627 0.747059 0.316667 0.748039 0.314706 0.748039 0.312745 0.749020 0.311765 0.750980 0.309804 0.752941 0.306863 0.750980 0.299020 0.751961 0.300000 0.750000 0.302941 0.747059 0.302941 0.744118 0.304902 0.739216 0.305882 0.736275 0.307843 0.734314 0.311765 0.733333 0.312745 0.720588 0.313725 0.718627 0.319608 0.718627
6 0.554902 0.653922 0.556863 0.654902 0.556863 0.652941 0.554902 0.653922
6 0.482353 0.641176 0.480392 0.644118 0.481373 0.648039 0.484314 0.648039 0.485294 0.646078 0.486275 0.650980 0.493137 0.650000 0.499020 0.649020 0.500000 0.651961 0.502941 0.652941 0.502941 0.653922 0.505882 0.654902 0.503922 0.651961 0.502941 0.653922 0.502941 0.652941 0.503922 0.650000 0.507843 0.650980 0.509804 0.650980 0.511765 0.649020 0.513725 0.649020 0.512745 0.652941 0.513725 0.654902 0.515686 0.655882 0.515686 0.658824 0.517647 0.660784 0.518627 0.663725 0.519608 0.664706 0.516667 0.663725 0.515686 0.666667 0.517647 0.668627 0.519608 0.664706 0.518627 0.663725 0.522549 0.662745 0.522549 0.661765 0.525490 0.660784 0.527451 0.658824 0.527451 0.659804 0.526471 0.661765 0.528431 0.663725 0.530392 0.660784 0.527451 0.659804 0.527451 0.658824 0.527451 0.655882 0.524510 0.654902 0.524510 0.651961 0.528431 0.649020 0.530392 0.650000 0.528431 0.651961 0.527451 0.651961 0.528431 0.655882 0.531373 0.656863 0.531373 0.657843 0.534314 0.656863 0.538235 0.656863 0.540196 0.659804 0.542157 0.657843 0.541176 0.654902 0.540196 0.654902 0.540196 0.651961 0.541176 0.651961 0.543137 0.650000 0.545098 0.650000 0.542157 0.651961 0.542157 0.654902 0.546078 0.655882 0.547059 0.658824 0.549020 0.660784 0.546078 0.662745 0.546078 0.667647 0.544118 0.674510 0.543137 0.674510 0.542157 0.676471 0.540196 0.678431 0.537255 0.679412 0.531373 0.679412 0.529412 0.681373 0.531373 0.683333 0.532353 0.683333 0.533333 0.685294 0.529412 0.684314 0.522549 0.684314 0.525490 0.683333 0.527451 0.681373 0.525490 0.679412 0.522549 0.679412 0.521569 0.678431 0.519608 0.678431 0.518627 0.679412 0.514706 0.678431 0.514706 0.677451 0.512745 0.675490 0.508824 0.677451 0.510784 0.674510 0.508824 0.671569 0.504902 0.668627 0.501961 0.669608 0.500000 0.670588 0.499020 0.671569 0.499020 0.672549 0.495098 0.671569 0.490196 0.669608 0.477451 0.670588 0.474510 0.668627 0.469608 0.668627 0.464706 0.667647 0.461765 0.665686 0.457843 0.664706 0.452941 0.665686 0.451961 0.666667 0.450980 0.667647 0.448039 0.667647 0.447059 0.668627 0.445098 0.668627 0.444118 0.667647 0.442157 0.667647 0.440196 0.669608 0.438235 0.669608 0.434314 0.672549 0.431373 0.672549 0.429412 0.674510 0.427451 0.678431 0.424510 0.679412 0.423529 0.685294 0.420588 0.688235 0.419608 0.691176 0.418627 0.691176 0.417647 0.690196 0.415686 0.687255 0.412745 0.689216 0.415686 0.692157 0.417647 0.690196 0.418627 0.691176 0.416667 0.693137 0.413725 0.693137 0.412745 0.692157 0.410784 0.692157 0.407843 0.693137 0.408824 0.692157 0.409804 0.688235 0.407843 0.686275 0.405882 0.688235 0.408824 0.692157 0.407843 0.693137 0.403922 0.697059 0.401961 0.696078 0.400000 0.696078 0.397059 0.700000 0.396078 0.700980 0.393137 0.701961 0.390196 0.704902 0.390196 0.705882 0.386275 0.709804 0.383333 0.710784 0.382353 0.713725 0.381373 0.715686 0.376471 0.717647 0.373529 0.721569 0.372549 0.722549 0.370588 0.723529 0.368627 0.723529 0.365686 0.720588 0.363725 0.720588 0.361765 0.718627 0.358824 0.717647 0.355882 0.716667 0.351961 0.716667 0.350000 0.714706 0.347059 0.713725 0.341176 0.713725 0.338235 0.715686 0.336275 0.715686 0.338235 0.713725 0.336275 0.710784 0.336275 0.708824 0.334314 0.706863 0.335294 0.703922 0.338235 0.705882 0.339216 0.702941 0.339216 0.700000 0.342157 0.701961 0.341176 0.698039 0.339216 0.700000 0.339216 0.702941 0.335294 0.703922 0.334314 0.706863 0.332353 0.706863 0.331373 0.709804 0.328431 0.710784 0.327451 0.703922 0.329412 0.701961 0.330392 0.699020 0.334314 0.697059 0.336275 0.695098 0.336275 0.694118 0.338235 0.692157 0.341176 0.692157 0.345098 0.688235 0.349020 0.688235 0.350980 0.687255 0.352941 0.685294 0.352941 0.684314 0.353922 0.683333 0.355882 0.682353 0.357843 0.681373 0.362745 0.681373 0.363725 0.685294 0.366667 0.685294 0.368627 0.685294 0.370588 0.687255 0.376471 0.688235 0.380392 0.687255 0.382353 0.685294 0.382353 0.683333 0.384314 0.682353 0.385294 0.679412 0.383333 0.677451 0.384314 0.675490 0.385294 0.678431 0.390196 0.679412 0.390196 0.681373 0.392157 0.683333 0.394118 0.682353 0.394118 0.681373 0.397059 0.680392 0.398039 0.677451 0.401961 0.675490 0.400980 0.676471 0.401961 0.678431 0.404902 0.679412 0.405882 0.676471 0.400980 0.676471 0.401961 0.675490 0.402941 0.672549 0.405882 0.672549 0.405882 0.674510 0.409804 0.672549 0.412745 0.671569 0.414706 0.671569 0.413725 0.673529 0.416667 0.673529 0.414706 0.671569 0.412745 0.671569 0.413725 0.666667 0.411765 0.664706 0.413725 0.666667 0.415686 0.666667 0.413725 0.663725 0.413725 0.661765 0.415686 0.659804 0.417647 0.660784 0.417647 0.661765 0.419608 0.663725 0.421569 0.661765 0.419608 0.658824 0.422549 0.658824 0.431373 0.657843 0.429412 0.660784 0.427451 0.658824 0.425490 0.662745 0.428431 0.663725 0.429412 0.660784 0.431373 0.657843 0.434314 0.655882 0.436275 0.655882 0.438235 0.657843 0.440196 0.657843 0.445098 0.656863 0.447059 0.658824 0.449020 0.656863 0.452941 0.656863 0.454902 0.658824 0.456863 0.656863 0.461765 0.656863 0.467647 0.655882 0.469608 0.652941 0.472549 0.650980 0.471569 0.648039 0.470588 0.648039 0.469608 0.645098 0.472549 0.642157 0.474510 0.642157 0.472549 0.643137 0.471569 0.648039 0.474510 0.649020 0.476471 0.647059 0.476471 0.645098 0.478431 0.645098 0.480392 0.643137 0.480392 0.642157 0.482353 0.641176
