0 0.313725 0.639216 0.309804 0.641176 0.301961 0.641176 0.299020 0.642157 0.296078 0.643137 0.294118 0.645098 0.290196 0.645098 0.287255 0.647059 0.284314 0.647059 0.282353 0.648039 0.277451 0.651961 0.274510 0.651961 0.271569 0.653922 0.267647 0.653922 0.262745 0.656863 0.255882 0.657843 0.252941 0.658824 0.250000 0.659804 0.247059 0.662745 0.242157 0.662745 0.239216 0.663725 0.235294 0.664706 0.231373 0.668627 0.227451 0.668627 0.225490 0.670588 0.220588 0.671569 0.217647 0.673529 0.215686 0.676471 0.211765 0.676471 0.207843 0.679412 0.204902 0.679412 0.201961 0.682353 0.200980 0.685294 0.199020 0.686275 0.197059 0.686275 0.195098 0.688235 0.193137 0.688235 0.189216 0.691176 0.188235 0.692157 0.187255 0.695098 0.181373 0.700980 0.178431 0.704902 0.177451 0.707843 0.173529 0.711765 0.172549 0.713725 0.172549 0.716667 0.167647 0.727451 0.166667 0.731373 0.165686 0.738235 0.166667 0.751961 0.165686 0.755882 0.166667 0.761765 0.167647 0.766667 0.168627 0.771569 0.170588 0.774510 0.171569 0.781373 0.172549 0.783333 0.173529 0.785294 0.174510 0.786275 0.178431 0.789216 0.180392 0.792157 0.182353 0.797059 0.190196 0.804902 0.195098 0.807843 0.196078 0.808824 0.196078 0.809804 0.197059 0.810784 0.200980 0.813725 0.203922 0.815686 0.205882 0.816667 0.207843 0.816667 0.211765 0.819608 0.214706 0.819608 0.217647 0.821569 0.220588 0.822549 0.224510 0.823529 0.232353 0.824510 0.235294 0.826471 0.239216 0.827451 0.244118 0.827451 0.247059 0.829412 0.250980 0.826471 0.251961 0.821569 0.254902 0.818627 0.255882 0.814706 0.260784 0.809804 0.260784 0.807843 0.261765 0.805882 0.264706 0.802941 0.266667 0.798039 0.268627 0.797059 0.270588 0.797059 0.273529 0.794118 0.273529 0.792157 0.274510 0.790196 0.275490 0.789216 0.277451 0.788235 0.280392 0.787255 0.282353 0.787255 0.284314 0.788235 0.287255 0.791176 0.287255 0.794118 0.288235 0.796078 0.291176 0.799020 0.295098 0.799020 0.298039 0.796078 0.300980 0.795098 0.302941 0.792157 0.305882 0.787255 0.305882 0.785294 0.306863 0.783333 0.309804 0.782353 0.312745 0.779412 0.314706 0.778431 0.316667 0.779412 0.317647 0.780392 0.318627 0.783333 0.320588 0.785294 0.320588 0.786275 0.322549 0.787255 0.324510 0.785294 0.326471 0.785294 0.328431 0.787255 0.330392 0.787255 0.338235 0.783333 0.344118 0.783333 0.350980 0.784314 0.357843 0.785294 0.360784 0.787255 0.364706 0.791176 0.365686 0.793137 0.365686 0.797059 0.366667 0.800000 0.367647 0.802941 0.371569 0.810784 0.373529 0.812745 0.379412 0.812745 0.383333 0.810784 0.390196 0.807843 0.393137 0.804902 0.396078 0.803922 0.399020 0.801961 0.401961 0.798039 0.403922 0.798039 0.407843 0.795098 0.408824 0.794118 0.411765 0.791176 0.412745 0.788235 0.414706 0.787255 0.415686 0.784314 0.418627 0.781373 0.421569 0.779412 0.422549 0.779412 0.423529 0.776471 0.425490 0.771569 0.427451 0.769608 0.429412 0.771569 0.430392 0.773529 0.431373 0.775490 0.431373 0.779412 0.433333 0.781373 0.434314 0.785294 0.437255 0.789216 0.437255 0.794118 0.438235 0.798039 0.439216 0.800980 0.440196 0.802941 0.442157 0.804902 0.446078 0.813725 0.447059 0.818627 0.451961 0.824510 0.454902 0.831373 0.462745 0.840196 0.467647 0.845098 0.473529 0.850000 0.477451 0.853922 0.484314 0.862745 0.489216 0.865686 0.494118 0.870588 0.498039 0.873529 0.504902 0.877451 0.509804 0.882353 0.520588 0.888235 0.524510 0.892157 0.532353 0.897059 0.537255 0.898039 0.541176 0.900980 0.545098 0.901961 0.547059 0.903922 0.551961 0.904902 0.556863 0.907843 0.559804 0.907843 0.564706 0.910784 0.567647 0.910784 0.573529 0.913725 0.579412 0.915686 0.594118 0.919608 0.598039 0.920588 0.602941 0.921569 0.623529 0.921569 0.628431 0.920588 0.632353 0.919608 0.643137 0.916667 0.646078 0.915686 0.648039 0.914706 0.650000 0.912745 0.654902 0.911765 0.661765 0.907843 0.667647 0.901961 0.673529 0.898039 0.675490 0.896078 0.675490 0.895098 0.678431 0.892157 0.680392 0.889216 0.681373 0.887255 0.682353 0.883333 0.683333 0.881373 0.685294 0.879412 0.686275 0.877451 0.686275 0.875490 0.688235 0.873529 0.688235 0.869608 0.690196 0.866667 0.691176 0.862745 0.692157 0.854902 0.693137 0.847059 0.693137 0.843137 0.692157 0.842157 0.693137 0.837255 0.692157 0.828431 0.690196 0.825490 0.685294 0.809804 0.685294 0.805882 0.683333 0.803922 0.678431 0.790196 0.676471 0.787255 0.674510 0.784314 0.669608 0.779412 0.667647 0.774510 0.662745 0.766667 0.661765 0.765686 0.656863 0.761765 0.655882 0.758824 0.651961 0.753922 0.645098 0.746078 0.643137 0.744118 0.634314 0.737255 0.633333 0.736275 0.630392 0.730392 0.623529 0.723529 0.622549 0.720588 0.619608 0.719608 0.614706 0.713725 0.613725 0.712745 0.612745 0.712745 0.609804 0.710784 0.604902 0.705882 0.600000 0.702941 0.598039 0.701961 0.589216 0.699020 0.579412 0.698039 0.563725 0.698039 0.560784 0.696078 0.556863 0.695098 0.549020 0.695098 0.545098 0.694118 0.542157 0.692157 0.537255 0.691176 0.531373 0.690196 0.524510 0.690196 0.521569 0.688235 0.513725 0.688235 0.505882 0.689216 0.501961 0.691176 0.499020 0.691176 0.497059 0.694118 0.493137 0.694118 0.489216 0.697059 0.484314 0.699020 0.484314 0.700000 0.482353 0.701961 0.477451 0.702941 0.470588 0.704902 0.466667 0.704902 0.460784 0.707843 0.457843 0.710784 0.453922 0.711765 0.451961 0.712745 0.449020 0.715686 0.447059 0.715686 0.444118 0.718627 0.439216 0.721569 0.435294 0.723529 0.434314 0.720588 0.428431 0.713725 0.425490 0.705882 0.422549 0.702941 0.421569 0.700980 0.420588 0.697059 0.416667 0.690196 0.414706 0.688235 0.409804 0.686275 0.405882 0.682353 0.401961 0.674510 0.399020 0.671569 0.395098 0.670588 0.393137 0.669608 0.387255 0.663725 0.384314 0.661765 0.380392 0.661765 0.377451 0.659804 0.373529 0.658824 0.366667 0.657843 0.360784 0.658824 0.358824 0.656863 0.355882 0.652941 0.353922 0.650980 0.352941 0.650980 0.351961 0.646078 0.350000 0.646078 0.346078 0.643137 0.342157 0.641176 0.335294 0.640196 0.320588 0.639216 0.313725 0.639216
0 0.822549 0.322549 0.818627 0.327451 0.814706 0.329412 0.813725 0.331373 0.812745 0.336275 0.812745 0.342157 0.810784 0.345098 0.810784 0.348039 0.806863 0.351961 0.805882 0.356863 0.804902 0.358824 0.802941 0.360784 0.801961 0.362745 0.799020 0.370588 0.798039 0.373529 0.797059 0.378431 0.797059 0.382353 0.796078 0.388235 0.791176 0.393137 0.790196 0.395098 0.789216 0.397059 0.787255 0.404902 0.785294 0.409804 0.782353 0.413725 0.781373 0.417647 0.781373 0.423529 0.780392 0.426471 0.779412 0.428431 0.777451 0.430392 0.776471 0.432353 0.775490 0.434314 0.775490 0.439216 0.773529 0.443137 0.770588 0.447059 0.769608 0.450000 0.769608 0.455882 0.766667 0.458824 0.765686 0.461765 0.765686 0.473529 0.767647 0.475490 0.772549 0.473529 0.774510 0.472549 0.776471 0.470588 0.779412 0.469608 0.782353 0.465686 0.783333 0.463725 0.783333 0.460784 0.786275 0.456863 0.790196 0.448039 0.791176 0.443137 0.792157 0.440196 0.794118 0.438235 0.795098 0.436275 0.796078 0.425490 0.797059 0.423529 0.800980 0.420588 0.801961 0.419608 0.802941 0.417647 0.802941 0.413725 0.803922 0.410784 0.809804 0.399020 0.810784 0.393137 0.811765 0.390196 0.814706 0.382353 0.817647 0.378431 0.818627 0.375490 0.819608 0.370588 0.822549 0.365686 0.824510 0.360784 0.825490 0.357843 0.826471 0.354902 0.826471 0.347059 0.827451 0.345098 0.829412 0.343137 0.830392 0.341176 0.830392 0.337255 0.829412 0.334314 0.827451 0.331373 0.827451 0.328431 0.822549 0.322549
0 0.902941 0.107843 0.900000 0.110784 0.899020 0.112745 0.898039 0.114706 0.897059 0.120588 0.895098 0.125490 0.891176 0.132353 0.890196 0.139216 0.888235 0.143137 0.884314 0.150000 0.880392 0.160784 0.880392 0.163725 0.879412 0.166667 0.875490 0.173529 0.874510 0.176471 0.874510 0.180392 0.873529 0.184314 0.869608 0.189216 0.868627 0.191176 0.867647 0.194118 0.867647 0.197059 0.866667 0.200000 0.863725 0.203922 0.863725 0.206863 0.859804 0.214706 0.859804 0.218627 0.857843 0.221569 0.856863 0.229412 0.853922 0.232353 0.852941 0.235294 0.851961 0.238235 0.850980 0.243137 0.850980 0.245098 0.851961 0.247059 0.853922 0.247059 0.860784 0.242157 0.862745 0.241176 0.864706 0.240196 0.868627 0.239216 0.872549 0.234314 0.873529 0.232353 0.874510 0.228431 0.874510 0.220588 0.879412 0.216667 0.880392 0.212745 0.881373 0.209804 0.882353 0.206863 0.883333 0.204902 0.884314 0.202941 0.886275 0.200980 0.887255 0.199020 0.888235 0.197059 0.889216 0.194118 0.889216 0.190196 0.890196 0.187255 0.892157 0.184314 0.892157 0.180392 0.895098 0.177451 0.896078 0.175490 0.899020 0.168627 0.900000 0.165686 0.900000 0.162745 0.900980 0.159804 0.904902 0.152941 0.904902 0.148039 0.905882 0.142157 0.909804 0.138235 0.910784 0.136275 0.911765 0.134314 0.912745 0.130392 0.915686 0.118627 0.912745 0.111765 0.911765 0.109804 0.907843 0.109804 0.905882 0.107843 0.902941 0.107843
0 0.849020 0.079412 0.839216 0.080392 0.830392 0.081373 0.825490 0.084314 0.820588 0.084314 0.816667 0.085294 0.813725 0.086275 0.811765 0.088235 0.811765 0.091176 0.809804 0.093137 0.798039 0.093137 0.795098 0.094118 0.792157 0.095098 0.786275 0.098039 0.783333 0.099020 0.781373 0.100980 0.780392 0.102941 0.779412 0.107843 0.773529 0.107843 0.768627 0.108824 0.764706 0.109804 0.760784 0.110784 0.758824 0.111765 0.756863 0.113725 0.754902 0.114706 0.752941 0.114706 0.750980 0.115686 0.750000 0.117647 0.749020 0.119608 0.748039 0.123529 0.743137 0.124510 0.741176 0.125490 0.735294 0.131373 0.734314 0.133333 0.734314 0.136275 0.733333 0.138235 0.731373 0.140196 0.728431 0.141176 0.726471 0.143137 0.719608 0.150980 0.718627 0.154902 0.712745 0.161765 0.711765 0.163725 0.709804 0.168627 0.703922 0.181373 0.702941 0.187255 0.701961 0.195098 0.702941 0.206863 0.702941 0.209804 0.700980 0.211765 0.700980 0.213725 0.703922 0.214706 0.703922 0.217647 0.701961 0.217647 0.701961 0.225490 0.700000 0.227451 0.697059 0.226471 0.696078 0.224510 0.698039 0.227451 0.697059 0.230392 0.695098 0.232353 0.691176 0.232353 0.688235 0.233333 0.686275 0.236275 0.687255 0.240196 0.685294 0.248039 0.683333 0.249020 0.675490 0.249020 0.671569 0.251961 0.670588 0.253922 0.669608 0.257843 0.670588 0.262745 0.664706 0.263725 0.661765 0.264706 0.659804 0.265686 0.656863 0.268627 0.655882 0.271569 0.654902 0.274510 0.653922 0.280392 0.651961 0.281373 0.650000 0.281373 0.649020 0.283333 0.648039 0.285294 0.648039 0.288235 0.646078 0.291176 0.646078 0.294118 0.644118 0.297059 0.643137 0.300000 0.642157 0.303922 0.641176 0.310784 0.641176 0.340196 0.642157 0.349020 0.644118 0.355882 0.645098 0.358824 0.648039 0.363725 0.649020 0.372549 0.650000 0.374510 0.652941 0.376471 0.653922 0.379412 0.654902 0.381373 0.653922 0.386275 0.655882 0.391176 0.655882 0.396078 0.656863 0.400000 0.657843 0.402941 0.660784 0.405882 0.663725 0.411765 0.665686 0.418627 0.667647 0.420588 0.668627 0.420588 0.670588 0.422549 0.671569 0.424510 0.671569 0.427451 0.672549 0.430392 0.674510 0.432353 0.675490 0.432353 0.678431 0.436275 0.684314 0.438235 0.686275 0.440196 0.686275 0.445098 0.687255 0.447059 0.692157 0.449020 0.693137 0.450980 0.695098 0.452941 0.698039 0.452941 0.700000 0.453922 0.701961 0.455882 0.701961 0.457843 0.702941 0.459804 0.703922 0.460784 0.705882 0.461765 0.707843 0.461765 0.719608 0.468627 0.722549 0.469608 0.725490 0.469608 0.732353 0.468627 0.733333 0.466667 0.734314 0.464706 0.734314 0.461765 0.737255 0.455882 0.740196 0.451961 0.741176 0.450000 0.743137 0.440196 0.748039 0.431373 0.749020 0.422549 0.751961 0.415686 0.755882 0.408824 0.757843 0.403922 0.758824 0.400980 0.758824 0.398039 0.759804 0.395098 0.760784 0.393137 0.762745 0.391176 0.763725 0.389216 0.764706 0.384314 0.764706 0.376471 0.765686 0.374510 0.768627 0.370588 0.770588 0.366667 0.771569 0.361765 0.772549 0.358824 0.775490 0.354902 0.776471 0.352941 0.777451 0.348039 0.779412 0.346078 0.780392 0.341176 0.782353 0.333333 0.782353 0.329412 0.784314 0.327451 0.785294 0.327451 0.787255 0.325490 0.788235 0.319608 0.790196 0.314706 0.791176 0.312745 0.793137 0.310784 0.794118 0.308824 0.795098 0.306863 0.795098 0.302941 0.796078 0.298039 0.799020 0.295098 0.800000 0.292157 0.800980 0.287255 0.801961 0.279412 0.800980 0.275490 0.804902 0.274510 0.806863 0.272549 0.806863 0.270588 0.807843 0.268627 0.809804 0.266667 0.810784 0.264706 0.811765 0.262745 0.811765 0.259804 0.812745 0.257843 0.814706 0.255882 0.814706 0.252941 0.815686 0.250980 0.819608 0.247059 0.819608 0.243137 0.821569 0.240196 0.821569 0.237255 0.822549 0.235294 0.825490 0.231373 0.827451 0.227451 0.828431 0.224510 0.828431 0.219608 0.831373 0.216667 0.835294 0.207843 0.835294 0.204902 0.836275 0.202941 0.838235 0.200980 0.841176 0.193137 0.842157 0.190196 0.843137 0.186275 0.843137 0.180392 0.844118 0.172549 0.847059 0.168627 0.847059 0.165686 0.850000 0.158824 0.850980 0.156863 0.852941 0.154902 0.853922 0.152941 0.853922 0.150980 0.856863 0.147059 0.857843 0.144118 0.858824 0.136275 0.860784 0.132353 0.862745 0.127451 0.865686 0.123529 0.866667 0.121569 0.867647 0.118627 0.868627 0.112745 0.869608 0.109804 0.872549 0.104902 0.873529 0.101961 0.874510 0.098039 0.874510 0.086275 0.872549 0.084314 0.872549 0.083333 0.860784 0.082353 0.857843 0.080392 0.849020 0.079412
4 0.238235 0.180392 0.234314 0.181373 0.229412 0.184314 0.219608 0.184314 0.216667 0.186275 0.211765 0.186275 0.209804 0.188235 0.202941 0.191176 0.200000 0.192157 0.197059 0.193137 0.195098 0.196078 0.194118 0.196078 0.192157 0.198039 0.191176 0.200000 0.191176 0.201961 0.192157 0.209804 0.190196 0.214706 0.191176 0.219608 0.191176 0.221569 0.189216 0.223529 0.192157 0.227451 0.192157 0.229412 0.191176 0.230392 0.191176 0.232353 0.192157 0.237255 0.193137 0.240196 0.196078 0.245098 0.197059 0.248039 0.197059 0.250980 0.199020 0.255882 0.200980 0.260784 0.201961 0.262745 0.202941 0.264706 0.207843 0.269608 0.208824 0.272549 0.212745 0.276471 0.218627 0.279412 0.227451 0.279412 0.230392 0.277451 0.236275 0.278431 0.238235 0.277451 0.240196 0.276471 0.245098 0.274510 0.247059 0.273529 0.251961 0.270588 0.256863 0.266667 0.262745 0.260784 0.268627 0.258824 0.268627 0.257843 0.274510 0.253922 0.275490 0.252941 0.276471 0.250000 0.279412 0.247059 0.280392 0.245098 0.281373 0.242157 0.283333 0.235294 0.284314 0.230392 0.282353 0.225490 0.283333 0.217647 0.283333 0.214706 0.282353 0.212745 0.279412 0.209804 0.278431 0.207843 0.278431 0.204902 0.275490 0.203922 0.274510 0.202941 0.273529 0.200000 0.271569 0.198039 0.271569 0.197059 0.266667 0.196078 0.264706 0.194118 0.263725 0.192157 0.262745 0.188235 0.259804 0.187255 0.258824 0.186275 0.258824 0.185294 0.256863 0.183333 0.256863 0.182353 0.250000 0.180392 0.238235 0.180392
4 0.419608 0.141176 0.414706 0.142157 0.411765 0.143137 0.409804 0.145098 0.405882 0.146078 0.400980 0.151961 0.395098 0.155882 0.390196 0.160784 0.383333 0.168627 0.380392 0.174510 0.380392 0.178431 0.381373 0.179412 0.381373 0.184314 0.384314 0.189216 0.384314 0.192157 0.385294 0.194118 0.387255 0.196078 0.389216 0.201961 0.390196 0.201961 0.392157 0.203922 0.393137 0.203922 0.395098 0.208824 0.398039 0.211765 0.398039 0.215686 0.400000 0.218627 0.403922 0.221569 0.404902 0.224510 0.406863 0.225490 0.409804 0.226471 0.411765 0.228431 0.412745 0.230392 0.412745 0.232353 0.416667 0.236275 0.419608 0.237255 0.422549 0.238235 0.428431 0.239216 0.439216 0.239216 0.448039 0.234314 0.450980 0.231373 0.453922 0.230392 0.457843 0.226471 0.461765 0.224510 0.466667 0.220588 0.470588 0.217647 0.471569 0.216667 0.472549 0.214706 0.472549 0.212745 0.475490 0.209804 0.476471 0.207843 0.478431 0.202941 0.479412 0.200000 0.479412 0.196078 0.481373 0.193137 0.482353 0.188235 0.482353 0.177451 0.481373 0.173529 0.475490 0.164706 0.470588 0.158824 0.465686 0.153922 0.462745 0.151961 0.456863 0.149020 0.449020 0.146078 0.444118 0.147059 0.442157 0.147059 0.437255 0.142157 0.435294 0.141176 0.424510 0.142157 0.419608 0.141176
4 0.193137 0.109804 0.188235 0.110784 0.186275 0.111765 0.182353 0.114706 0.173529 0.123529 0.171569 0.126471 0.170588 0.130392 0.171569 0.138235 0.173529 0.142157 0.177451 0.148039 0.177451 0.150000 0.180392 0.152941 0.180392 0.154902 0.184314 0.159804 0.188235 0.162745 0.192157 0.165686 0.194118 0.166667 0.197059 0.167647 0.200980 0.167647 0.202941 0.169608 0.208824 0.169608 0.212745 0.168627 0.217647 0.166667 0.221569 0.164706 0.227451 0.161765 0.231373 0.157843 0.231373 0.150000 0.228431 0.149020 0.226471 0.147059 0.226471 0.142157 0.224510 0.140196 0.220588 0.140196 0.218627 0.138235 0.218627 0.135294 0.217647 0.133333 0.216667 0.132353 0.215686 0.132353 0.213725 0.130392 0.213725 0.128431 0.212745 0.126471 0.208824 0.124510 0.204902 0.124510 0.202941 0.122549 0.202941 0.119608 0.201961 0.117647 0.200980 0.116667 0.197059 0.113725 0.196078 0.110784 0.193137 0.109804
4 0.344118 0.083333 0.342157 0.085294 0.339216 0.085294 0.338235 0.084314 0.336275 0.084314 0.329412 0.085294 0.325490 0.088235 0.322549 0.088235 0.317647 0.090196 0.315686 0.091176 0.313725 0.092157 0.306863 0.096078 0.303922 0.099020 0.300980 0.106863 0.297059 0.112745 0.296078 0.114706 0.296078 0.122549 0.300000 0.126471 0.300000 0.128431 0.302941 0.130392 0.303922 0.132353 0.304902 0.134314 0.305882 0.139216 0.307843 0.140196 0.309804 0.140196 0.311765 0.142157 0.311765 0.146078 0.313725 0.150000 0.314706 0.153922 0.317647 0.153922 0.319608 0.155882 0.323529 0.155882 0.325490 0.155882 0.327451 0.158824 0.326471 0.161765 0.326471 0.162745 0.328431 0.164706 0.329412 0.167647 0.329412 0.169608 0.332353 0.169608 0.337255 0.172549 0.340196 0.171569 0.342157 0.172549 0.344118 0.174510 0.346078 0.177451 0.352941 0.176471 0.357843 0.172549 0.362745 0.170588 0.367647 0.165686 0.371569 0.162745 0.374510 0.161765 0.375490 0.160784 0.376471 0.157843 0.378431 0.155882 0.379412 0.153922 0.380392 0.150980 0.381373 0.148039 0.382353 0.144118 0.382353 0.110784 0.380392 0.105882 0.380392 0.100000 0.379412 0.098039 0.376471 0.095098 0.369608 0.089216 0.365686 0.086275 0.363725 0.085294 0.361765 0.084314 0.353922 0.083333 0.344118 0.083333
4 0.441176 0.019608 0.437255 0.020588 0.435294 0.021569 0.433333 0.023529 0.431373 0.023529 0.427451 0.027451 0.423529 0.027451 0.418627 0.031373 0.416667 0.031373 0.412745 0.035294 0.411765 0.037255 0.410784 0.042157 0.407843 0.043137 0.406863 0.046078 0.403922 0.049020 0.401961 0.052941 0.403922 0.056863 0.401961 0.058824 0.400000 0.059804 0.399020 0.061765 0.397059 0.066667 0.397059 0.075490 0.392157 0.082353 0.392157 0.084314 0.395098 0.087255 0.396078 0.090196 0.395098 0.095098 0.396078 0.099020 0.400000 0.103922 0.400000 0.106863 0.403922 0.107843 0.407843 0.111765 0.407843 0.114706 0.411765 0.114706 0.417647 0.119608 0.423529 0.122549 0.427451 0.122549 0.430392 0.124510 0.434314 0.125490 0.444118 0.126471 0.449020 0.126471 0.451961 0.125490 0.453922 0.124510 0.455882 0.123529 0.463725 0.116667 0.466667 0.115686 0.470588 0.111765 0.474510 0.106863 0.474510 0.103922 0.477451 0.099020 0.478431 0.096078 0.479412 0.081373 0.479412 0.077451 0.478431 0.061765 0.476471 0.056863 0.476471 0.051961 0.475490 0.049020 0.473529 0.045098 0.469608 0.042157 0.469608 0.041176 0.465686 0.037255 0.457843 0.030392 0.455882 0.030392 0.453922 0.028431 0.453922 0.024510 0.452941 0.022549 0.450980 0.020588 0.448039 0.019608 0.441176 0.019608
4 0.816667 0.590196 0.818627 0.594118 0.818627 0.590196 0.816667 0.590196
4 0.784314 0.576471 0.786275 0.578431 0.787255 0.574510 0.784314 0.576471
4 0.778431 0.572549 0.777451 0.574510 0.777451 0.577451 0.776471 0.578431 0.776471 0.580392 0.778431 0.584314 0.781373 0.584314 0.783333 0.585294 0.784314 0.586275 0.788235 0.590196 0.787255 0.587255 0.782353 0.581373 0.781373 0.579412 0.781373 0.577451 0.782353 0.576471 0.782353 0.574510 0.781373 0.573529 0.781373 0.571569 0.778431 0.572549
4 0.786275 0.551961 0.786275 0.555882 0.783333 0.558824 0.783333 0.561765 0.785294 0.562745 0.787255 0.562745 0.791176 0.559804 0.796078 0.559804 0.791176 0.558824 0.789216 0.556863 0.789216 0.554902 0.792157 0.551961 0.786275 0.551961
4 0.751961 0.511765 0.751961 0.515686 0.756863 0.512745 0.754902 0.511765 0.751961 0.511765
4 0.927451 0.402941 0.934314 0.406863 0.939216 0.406863 0.942157 0.407843 0.944118 0.408824 0.948039 0.412745 0.950980 0.414706 0.953922 0.416667 0.955882 0.417647 0.959804 0.418627 0.961765 0.420588 0.974510 0.424510 0.981373 0.425490 0.984314 0.427451 0.987255 0.428431 0.994118 0.428431 0.995098 0.429412 0.999020 0.429412 0.999020 0.592157 0.994118 0.594118 0.991176 0.595098 0.977451 0.595098 0.971569 0.594118 0.968627 0.593137 0.966667 0.591176 0.964706 0.590196 0.957843 0.590196 0.952941 0.589216 0.948039 0.587255 0.942157 0.586275 0.930392 0.585294 0.923529 0.584314 0.919608 0.582353 0.872549 0.581373 0.867647 0.582353 0.862745 0.584314 0.859804 0.584314 0.856863 0.582353 0.850000 0.589216 0.850000 0.592157 0.845098 0.594118 0.842157 0.594118 0.840196 0.595098 0.833333 0.600980 0.831373 0.602941 0.831373 0.603922 0.829412 0.605882 0.827451 0.601961 0.827451 0.591176 0.828431 0.587255 0.830392 0.584314 0.830392 0.582353 0.828431 0.578431 0.827451 0.567647 0.827451 0.562745 0.828431 0.553922 0.827451 0.548039 0.825490 0.546078 0.823529 0.545098 0.820588 0.545098 0.820588 0.541176 0.824510 0.541176 0.822549 0.539216 0.820588 0.541176 0.820588 0.545098 0.803922 0.547059 0.797059 0.547059 0.795098 0.546078 0.793137 0.546078 0.791176 0.546078 0.791176 0.543137 0.793137 0.543137 0.795098 0.541176 0.794118 0.539216 0.793137 0.534314 0.794118 0.533333 0.794118 0.527451 0.797059 0.521569 0.798039 0.515686 0.799020 0.512745 0.801961 0.508824 0.801961 0.505882 0.805882 0.497059 0.808824 0.493137 0.808824 0.489216 0.811765 0.484314 0.812745 0.481373 0.813725 0.475490 0.814706 0.473529 0.816667 0.471569 0.817647 0.468627 0.818627 0.466667 0.822549 0.466667 0.825490 0.468627 0.832353 0.467647 0.837255 0.466667 0.840196 0.465686 0.842157 0.463725 0.843137 0.458824 0.842157 0.450980 0.843137 0.446078 0.844118 0.442157 0.845098 0.440196 0.846078 0.439216 0.848039 0.438235 0.852941 0.436275 0.856863 0.434314 0.858824 0.432353 0.858824 0.431373 0.860784 0.429412 0.865686 0.429412 0.869608 0.426471 0.872549 0.426471 0.874510 0.424510 0.876471 0.423529 0.879412 0.423529 0.886275 0.420588 0.888235 0.419608 0.890196 0.417647 0.892157 0.416667 0.896078 0.416667 0.899020 0.413725 0.902941 0.413725 0.904902 0.411765 0.904902 0.408824 0.905882 0.406863 0.915686 0.404902 0.918627 0.404902 0.922549 0.406863 0.922549 0.407843 0.925490 0.403922 0.927451 0.402941
4 0.336275 0.997059 0.336275 0.999020 0.338235 0.999020 0.338235 0.996078 0.336275 0.997059
4 0.336275 0.988235 0.338235 0.991176 0.338235 0.988235 0.336275 0.988235
4 0.306863 0.988235 0.304902 0.990196 0.304902 0.992157 0.302941 0.994118 0.303922 0.999020 0.309804 0.999020 0.311765 0.995098 0.311765 0.993137 0.309804 0.991176 0.308824 0.991176 0.307843 0.990196 0.306863 0.988235
4 0.381373 0.984314 0.377451 0.986275 0.379412 0.988235 0.380392 0.988235 0.382353 0.990196 0.384314 0.996078 0.387255 0.997059 0.389216 0.995098 0.388235 0.984314 0.381373 0.984314
4 0.361765 0.983333 0.359804 0.985294 0.359804 0.999020 0.362745 0.999020 0.362745 0.997059 0.365686 0.994118 0.366667 0.990196 0.366667 0.985294 0.364706 0.984314 0.361765 0.983333
4 0.345098 0.957843 0.343137 0.961765 0.344118 0.967647 0.349020 0.967647 0.350980 0.966667 0.349020 0.961765 0.346078 0.959804 0.345098 0.957843
4 0.320588 0.950980 0.317647 0.954902 0.321569 0.960784 0.326471 0.963725 0.328431 0.961765 0.328431 0.957843 0.322549 0.950980 0.320588 0.950980
4 0.329412 0.947059 0.328431 0.949020 0.328431 0.950980 0.330392 0.950980 0.329412 0.947059
4 0.003922 0.939216 0.005882 0.940196 0.005882 0.938235 0.003922 0.939216
4 0.301961 0.939216 0.303922 0.942157 0.303922 0.945098 0.305882 0.947059 0.305882 0.949020 0.305882 0.951961 0.301961 0.951961 0.300000 0.950000 0.299020 0.948039 0.298039 0.942157 0.298039 0.949020 0.296078 0.953922 0.296078 0.970588 0.297059 0.976471 0.299020 0.978431 0.298039 0.982353 0.300000 0.982353 0.299020 0.978431 0.301961 0.977451 0.303922 0.979412 0.303922 0.983333 0.305882 0.984314 0.308824 0.985294 0.308824 0.987255 0.310784 0.986275 0.310784 0.984314 0.309804 0.983333 0.309804 0.981373 0.310784 0.976471 0.308824 0.973529 0.310784 0.971569 0.311765 0.966667 0.312745 0.957843 0.311765 0.952941 0.313725 0.951961 0.314706 0.950000 0.312745 0.948039 0.312745 0.943137 0.311765 0.939216 0.310784 0.937255 0.309804 0.936275 0.308824 0.936275 0.306863 0.933333 0.301961 0.939216
4 0.023529 0.927451 0.025490 0.928431 0.025490 0.926471 0.023529 0.927451
4 0.507843 0.921569 0.494118 0.922549 0.480392 0.923529 0.475490 0.924510 0.461765 0.927451 0.458824 0.931373 0.456863 0.932353 0.452941 0.932353 0.452941 0.934314 0.450000 0.936275 0.448039 0.934314 0.448039 0.932353 0.444118 0.933333 0.442157 0.933333 0.439216 0.931373 0.434314 0.931373 0.431373 0.927451 0.430392 0.930392 0.428431 0.932353 0.421569 0.932353 0.421569 0.935294 0.418627 0.937255 0.416667 0.935294 0.415686 0.933333 0.414706 0.935294 0.412745 0.937255 0.409804 0.937255 0.408824 0.938235 0.406863 0.938235 0.405882 0.937255 0.402941 0.937255 0.400980 0.935294 0.400980 0.933333 0.399020 0.934314 0.398039 0.937255 0.395098 0.938235 0.392157 0.940196 0.389216 0.937255 0.387255 0.937255 0.385294 0.934314 0.383333 0.935294 0.382353 0.937255 0.379412 0.937255 0.376471 0.939216 0.373529 0.937255 0.370588 0.937255 0.366667 0.939216 0.363725 0.938235 0.362745 0.940196 0.360784 0.941176 0.358824 0.938235 0.354902 0.938235 0.348039 0.939216 0.346078 0.940196 0.344118 0.942157 0.344118 0.948039 0.343137 0.948039 0.342157 0.949020 0.341176 0.950980 0.339216 0.949020 0.339216 0.948039 0.337255 0.946078 0.337255 0.948039 0.337255 0.950980 0.341176 0.951961 0.341176 0.953922 0.344118 0.952941 0.346078 0.951961 0.346078 0.946078 0.348039 0.940196 0.350980 0.941176 0.350980 0.944118 0.350000 0.945098 0.350000 0.948039 0.350980 0.949020 0.350980 0.950980 0.354902 0.951961 0.366667 0.951961 0.372549 0.951961 0.379412 0.950000 0.381373 0.950000 0.396078 0.950000 0.399020 0.951961 0.403922 0.950980 0.407843 0.951961 0.410784 0.954902 0.407843 0.957843 0.407843 0.959804 0.409804 0.959804 0.410784 0.956863 0.413725 0.957843 0.413725 0.959804 0.416667 0.959804 0.415686 0.956863 0.412745 0.954902 0.414706 0.952941 0.416667 0.952941 0.418627 0.954902 0.420588 0.957843 0.419608 0.962745 0.419608 0.967647 0.417647 0.967647 0.414706 0.965686 0.410784 0.966667 0.409804 0.964706 0.406863 0.965686 0.407843 0.970588 0.407843 0.978431 0.406863 0.999020 0.533333 0.999020 0.534314 0.995098 0.536275 0.990196 0.537255 0.988235 0.538235 0.986275 0.542157 0.982353 0.543137 0.974510 0.543137 0.961765 0.545098 0.957843 0.546078 0.950980 0.546078 0.940196 0.545098 0.934314 0.544118 0.931373 0.541176 0.925490 0.538235 0.923529 0.531373 0.922549 0.513725 0.921569 0.507843 0.921569
4 0.010784 0.922549 0.007843 0.926471 0.008824 0.929412 0.010784 0.929412 0.012745 0.932353 0.013725 0.930392 0.012745 0.926471 0.014706 0.923529 0.013725 0.921569 0.010784 0.922549
4 0.008824 0.910784 0.008824 0.912745 0.010784 0.912745 0.010784 0.910784 0.008824 0.910784
4 0.210784 0.855882 0.211765 0.857843 0.212745 0.855882 0.210784 0.855882
4 0.117647 0.855882 0.117647 0.857843 0.119608 0.857843 0.119608 0.855882 0.117647 0.855882
4 0.221569 0.856863 0.224510 0.858824 0.223529 0.865686 0.221569 0.866667 0.219608 0.866667 0.218627 0.863725 0.215686 0.861765 0.218627 0.859804 0.218627 0.860784 0.221569 0.860784 0.219608 0.858824 0.218627 0.860784 0.218627 0.859804 0.220588 0.854902 0.221569 0.856863
4 0.040196 0.848039 0.041176 0.850980 0.042157 0.848039 0.040196 0.848039
4 0.179412 0.834314 0.182353 0.834314 0.181373 0.832353 0.179412 0.834314
4 0.125490 0.824510 0.125490 0.826471 0.127451 0.826471 0.125490 0.824510
4 0.112745 0.823529 0.109804 0.823529 0.109804 0.826471 0.112745 0.826471 0.112745 0.823529 0.114706 0.821569 0.112745 0.823529
4 0.122549 0.820588 0.120588 0.824510 0.116667 0.825490 0.120588 0.825490 0.122549 0.823529 0.122549 0.820588
4 0.117647 0.817647 0.118627 0.819608 0.119608 0.817647 0.117647 0.817647
4 0.143137 0.816667 0.143137 0.819608 0.147059 0.820588 0.148039 0.819608 0.147059 0.822549 0.150980 0.823529 0.151961 0.820588 0.148039 0.819608 0.147059 0.820588 0.148039 0.817647 0.150980 0.816667 0.153922 0.820588 0.153922 0.822549 0.151961 0.824510 0.151961 0.826471 0.148039 0.826471 0.147059 0.827451 0.148039 0.823529 0.144118 0.824510 0.144118 0.826471 0.147059 0.827451 0.148039 0.826471 0.147059 0.831373 0.146078 0.831373 0.144118 0.833333 0.146078 0.836275 0.148039 0.834314 0.146078 0.831373 0.147059 0.831373 0.151961 0.833333 0.151961 0.834314 0.153922 0.836275 0.151961 0.837255 0.149020 0.836275 0.148039 0.838235 0.151961 0.837255 0.153922 0.836275 0.153922 0.839216 0.151961 0.841176 0.153922 0.843137 0.153922 0.839216 0.153922 0.836275 0.155882 0.834314 0.154902 0.831373 0.153922 0.831373 0.152941 0.828431 0.154902 0.828431 0.157843 0.831373 0.160784 0.828431 0.164706 0.831373 0.166667 0.831373 0.168627 0.829412 0.170588 0.830392 0.168627 0.832353 0.168627 0.834314 0.170588 0.836275 0.170588 0.839216 0.168627 0.840196 0.171569 0.841176 0.173529 0.841176 0.176471 0.843137 0.178431 0.843137 0.181373 0.841176 0.179412 0.843137 0.179412 0.845098 0.183333 0.845098 0.187255 0.844118 0.189216 0.842157 0.190196 0.844118 0.194118 0.845098 0.196078 0.847059 0.198039 0.847059 0.200980 0.844118 0.201961 0.844118 0.203922 0.842157 0.203922 0.830392 0.205882 0.829412 0.208824 0.829412 0.208824 0.832353 0.212745 0.833333 0.210784 0.836275 0.212745 0.839216 0.214706 0.837255 0.216667 0.837255 0.214706 0.840196 0.214706 0.842157 0.218627 0.844118 0.218627 0.845098 0.221569 0.845098 0.221569 0.844118 0.224510 0.843137 0.225490 0.846078 0.230392 0.846078 0.230392 0.845098 0.232353 0.844118 0.232353 0.846078 0.230392 0.848039 0.230392 0.850000 0.225490 0.850980 0.224510 0.852941 0.224510 0.851961 0.224510 0.848039 0.222549 0.850000 0.224510 0.851961 0.224510 0.852941 0.219608 0.851961 0.218627 0.849020 0.215686 0.846078 0.215686 0.844118 0.213725 0.842157 0.211765 0.843137 0.210784 0.843137 0.209804 0.846078 0.211765 0.848039 0.213725 0.848039 0.213725 0.850980 0.209804 0.851961 0.207843 0.853922 0.207843 0.858824 0.208824 0.858824 0.209804 0.861765 0.211765 0.863725 0.213725 0.863725 0.213725 0.865686 0.211765 0.866667 0.208824 0.862745 0.206863 0.864706 0.206863 0.865686 0.202941 0.866667 0.202941 0.863725 0.200000 0.861765 0.200980 0.858824 0.201961 0.858824 0.202941 0.855882 0.200980 0.853922 0.200980 0.851961 0.201961 0.848039 0.199020 0.850000 0.200980 0.851961 0.200980 0.853922 0.198039 0.855882 0.198039 0.854902 0.196078 0.851961 0.195098 0.853922 0.198039 0.854902 0.198039 0.855882 0.198039 0.857843 0.195098 0.857843 0.194118 0.861765 0.189216 0.862745 0.189216 0.858824 0.187255 0.860784 0.189216 0.862745 0.194118 0.861765 0.196078 0.863725 0.198039 0.863725 0.198039 0.865686 0.200000 0.867647 0.201961 0.868627 0.200000 0.868627 0.198039 0.866667 0.196078 0.866667 0.194118 0.868627 0.193137 0.869608 0.191176 0.872549 0.193137 0.874510 0.195098 0.872549 0.193137 0.869608 0.194118 0.868627 0.197059 0.870588 0.198039 0.873529 0.181373 0.890196 0.179412 0.892157 0.183333 0.892157 0.181373 0.890196 0.198039 0.873529 0.200000 0.875490 0.203922 0.871569 0.206863 0.873529 0.208824 0.874510 0.210784 0.873529 0.212745 0.873529 0.214706 0.875490 0.216667 0.875490 0.216667 0.882353 0.211765 0.883333 0.213725 0.887255 0.210784 0.890196 0.211765 0.895098 0.211765 0.897059 0.209804 0.900000 0.211765 0.902941 0.210784 0.909804 0.212745 0.912745 0.216667 0.915686 0.217647 0.918627 0.220588 0.921569 0.223529 0.922549 0.227451 0.926471 0.232353 0.928431 0.233333 0.930392 0.233333 0.931373 0.234314 0.933333 0.235294 0.934314 0.237255 0.935294 0.239216 0.936275 0.241176 0.936275 0.244118 0.934314 0.249020 0.937255 0.250000 0.940196 0.250980 0.942157 0.251961 0.943137 0.253922 0.944118 0.255882 0.944118 0.256863 0.941176 0.254902 0.940196 0.254902 0.938235 0.256863 0.938235 0.258824 0.936275 0.258824 0.934314 0.262745 0.937255 0.263725 0.940196 0.261765 0.942157 0.263725 0.945098 0.264706 0.949020 0.265686 0.954902 0.270588 0.962745 0.270588 0.965686 0.272549 0.967647 0.275490 0.969608 0.278431 0.969608 0.279412 0.977451 0.279412 0.982353 0.278431 0.984314 0.274510 0.983333 0.270588 0.987255 0.267647 0.984314 0.265686 0.986275 0.268627 0.988235 0.268627 0.991176 0.267647 0.992157 0.266667 0.994118 0.269608 0.994118 0.267647 0.992157 0.268627 0.991176 0.270588 0.993137 0.268627 0.996078 0.268627 0.999020 0.000000 0.999020 0.000980 0.955882 0.000980 0.952941 0.000000 0.948039 0.001961 0.948039 0.001961 0.950000 0.004902 0.952941 0.006863 0.951961 0.007843 0.950000 0.006863 0.948039 0.003922 0.947059 0.001961 0.945098 0.000000 0.945098 0.000000 0.941176 0.001961 0.941176 0.002941 0.945098 0.005882 0.946078 0.006863 0.943137 0.007843 0.941176 0.009804 0.941176 0.011765 0.939216 0.011765 0.937255 0.008824 0.936275 0.008824 0.933333 0.010784 0.933333 0.010784 0.935294 0.014706 0.936275 0.017647 0.938235 0.021569 0.937255 0.023529 0.935294 0.023529 0.934314 0.026471 0.933333 0.027451 0.932353 0.026471 0.935294 0.028431 0.937255 0.030392 0.935294 0.030392 0.933333 0.027451 0.932353 0.026471 0.933333 0.027451 0.930392 0.029412 0.930392 0.031373 0.928431 0.031373 0.926471 0.028431 0.922549 0.030392 0.921569 0.031373 0.919608 0.042157 0.919608 0.042157 0.917647 0.043137 0.914706 0.044118 0.913725 0.046078 0.910784 0.042157 0.911765 0.040196 0.909804 0.043137 0.907843 0.041176 0.905882 0.038235 0.907843 0.040196 0.909804 0.042157 0.911765 0.044118 0.913725 0.043137 0.914706 0.039216 0.913725 0.038235 0.916667 0.042157 0.917647 0.042157 0.919608 0.045098 0.920588 0.044118 0.916667 0.042157 0.919608 0.031373 0.919608 0.030392 0.917647 0.028431 0.916667 0.028431 0.914706 0.031373 0.912745 0.031373 0.909804 0.028431 0.907843 0.030392 0.906863 0.031373 0.905882 0.032353 0.903922 0.033333 0.900000 0.031373 0.897059 0.031373 0.895098 0.034314 0.892157 0.034314 0.890196 0.037255 0.890196 0.039216 0.890196 0.038235 0.892157 0.040196 0.894118 0.042157 0.891176 0.039216 0.890196 0.037255 0.890196 0.039216 0.888235 0.039216 0.886275 0.041176 0.886275 0.042157 0.883333 0.039216 0.882353 0.036275 0.884314 0.038235 0.882353 0.038235 0.880392 0.036275 0.878431 0.033333 0.882353 0.032353 0.879412 0.035294 0.877451 0.034314 0.874510 0.032353 0.873529 0.033333 0.868627 0.033333 0.866667 0.032353 0.864706 0.033333 0.867647 0.036275 0.868627 0.034314 0.871569 0.034314 0.873529 0.037255 0.874510 0.038235 0.877451 0.040196 0.879412 0.042157 0.879412 0.043137 0.878431 0.042157 0.881373 0.046078 0.882353 0.047059 0.879412 0.043137 0.878431 0.042157 0.879412 0.043137 0.874510 0.039216 0.873529 0.039216 0.871569 0.042157 0.870588 0.043137 0.867647 0.045098 0.867647 0.045098 0.870588 0.042157 0.872549 0.044118 0.874510 0.046078 0.874510 0.046078 0.878431 0.049020 0.880392 0.050000 0.882353 0.052941 0.883333 0.052941 0.885294 0.050980 0.887255 0.053922 0.889216 0.055882 0.888235 0.053922 0.890196 0.053922 0.892157 0.055882 0.894118 0.057843 0.893137 0.059804 0.890196 0.060784 0.890196 0.069608 0.900000 0.071569 0.901961 0.073529 0.899020 0.073529 0.897059 0.077451 0.896078 0.074510 0.893137 0.074510 0.890196 0.076471 0.889216 0.076471 0.887255 0.073529 0.887255 0.072549 0.887255 0.074510 0.884314 0.072549 0.882353 0.070588 0.885294 0.072549 0.887255 0.073529 0.887255 0.073529 0.888235 0.070588 0.889216 0.069608 0.893137 0.071569 0.895098 0.073529 0.895098 0.073529 0.897059 0.073529 0.899020 0.069608 0.900000 0.060784 0.890196 0.062745 0.888235 0.062745 0.886275 0.064706 0.884314 0.062745 0.881373 0.062745 0.877451 0.060784 0.876471 0.063725 0.874510 0.063725 0.871569 0.065686 0.874510 0.069608 0.875490 0.069608 0.877451 0.072549 0.878431 0.074510 0.876471 0.074510 0.874510 0.070588 0.873529 0.070588 0.871569 0.073529 0.871569 0.073529 0.873529 0.076471 0.874510 0.077451 0.871569 0.074510 0.869608 0.077451 0.867647 0.079412 0.862745 0.081373 0.861765 0.081373 0.859804 0.084314 0.859804 0.084314 0.861765 0.086275 0.863725 0.085294 0.863725 0.081373 0.864706 0.084314 0.866667 0.085294 0.863725 0.086275 0.863725 0.089216 0.863725 0.089216 0.865686 0.089216 0.868627 0.085294 0.868627 0.087255 0.870588 0.089216 0.868627 0.089216 0.865686 0.092157 0.866667 0.098039 0.886275 0.097059 0.888235 0.096078 0.887255 0.098039 0.882353 0.100980 0.879412 0.103922 0.878431 0.105882 0.876471 0.103922 0.874510 0.101961 0.874510 0.099020 0.877451 0.097059 0.875490 0.095098 0.875490 0.094118 0.878431 0.096078 0.879412 0.095098 0.881373 0.093137 0.882353 0.094118 0.886275 0.096078 0.887255 0.097059 0.888235 0.100000 0.889216 0.098039 0.886275 0.092157 0.866667 0.092157 0.862745 0.091176 0.862745 0.091176 0.858824 0.093137 0.857843 0.093137 0.855882 0.096078 0.854902 0.097059 0.851961 0.100000 0.850980 0.103922 0.848039 0.105882 0.846078 0.105882 0.844118 0.102941 0.843137 0.100980 0.842157 0.100980 0.840196 0.098039 0.839216 0.097059 0.842157 0.095098 0.839216 0.096078 0.839216 0.097059 0.836275 0.095098 0.835294 0.095098 0.832353 0.097059 0.835294 0.100000 0.836275 0.100000 0.837255 0.101961 0.839216 0.103922 0.839216 0.104902 0.836275 0.101961 0.835294 0.100000 0.837255 0.100000 0.836275 0.100980 0.833333 0.104902 0.833333 0.107843 0.836275 0.107843 0.839216 0.104902 0.841176 0.105882 0.843137 0.108824 0.845098 0.108824 0.846078 0.112745 0.846078 0.112745 0.845098 0.115686 0.844118 0.118627 0.848039 0.120588 0.848039 0.120588 0.850000 0.117647 0.850980 0.116667 0.848039 0.112745 0.848039 0.111765 0.850000 0.109804 0.850980 0.109804 0.854902 0.108824 0.855882 0.105882 0.854902 0.105882 0.853922 0.104902 0.851961 0.101961 0.850980 0.100980 0.853922 0.102941 0.855882 0.105882 0.853922 0.105882 0.854902 0.104902 0.857843 0.107843 0.858824 0.108824 0.855882 0.109804 0.854902 0.110784 0.854902 0.112745 0.857843 0.112745 0.859804 0.109804 0.858824 0.108824 0.860784 0.110784 0.862745 0.112745 0.859804 0.112745 0.857843 0.115686 0.858824 0.115686 0.860784 0.118627 0.863725 0.127451 0.875490 0.126471 0.881373 0.125490 0.881373 0.124510 0.886275 0.128431 0.890196 0.132353 0.890196 0.133333 0.889216 0.138235 0.889216 0.139216 0.884314 0.138235 0.882353 0.133333 0.880392 0.136275 0.879412 0.137255 0.876471 0.135294 0.874510 0.132353 0.874510 0.131373 0.875490 0.127451 0.875490 0.118627 0.863725 0.121569 0.861765 0.121569 0.859804 0.123529 0.857843 0.123529 0.854902 0.121569 0.853922 0.121569 0.851961 0.124510 0.850000 0.124510 0.848039 0.121569 0.846078 0.125490 0.842157 0.125490 0.840196 0.127451 0.839216 0.128431 0.842157 0.131373 0.843137 0.134314 0.840196 0.137255 0.843137 0.139216 0.843137 0.139216 0.838235 0.140196 0.833333 0.143137 0.831373 0.144118 0.828431 0.141176 0.827451 0.140196 0.825490 0.143137 0.823529 0.144118 0.820588 0.141176 0.819608 0.141176 0.816667 0.143137 0.816667
4 0.145098 0.813725 0.145098 0.815686 0.147059 0.813725 0.145098 0.813725
4 0.129412 0.798039 0.130392 0.800000 0.131373 0.798039 0.129412 0.798039
5 0.313725 0.775490 0.312745 0.777451 0.311765 0.780392 0.306863 0.785294 0.305882 0.787255 0.304902 0.789216 0.303922 0.795098 0.300980 0.797059 0.296078 0.802941 0.292157 0.802941 0.289216 0.801961 0.289216 0.800980 0.287255 0.799020 0.286275 0.796078 0.286275 0.793137 0.284314 0.789216 0.283333 0.787255 0.279412 0.786275 0.275490 0.789216 0.274510 0.790196 0.267647 0.797059 0.266667 0.798039 0.265686 0.800000 0.264706 0.802941 0.261765 0.805882 0.256863 0.813725 0.250000 0.828431 0.250000 0.831373 0.249020 0.834314 0.247059 0.836275 0.243137 0.847059 0.234314 0.865686 0.231373 0.868627 0.228431 0.873529 0.226471 0.878431 0.221569 0.884314 0.220588 0.886275 0.217647 0.893137 0.215686 0.900000 0.215686 0.904902 0.217647 0.911765 0.220588 0.917647 0.223529 0.920588 0.230392 0.926471 0.232353 0.927451 0.234314 0.928431 0.240196 0.928431 0.242157 0.926471 0.246078 0.918627 0.248039 0.916667 0.250000 0.915686 0.252941 0.915686 0.259804 0.918627 0.264706 0.918627 0.269608 0.920588 0.277451 0.920588 0.280392 0.923529 0.281373 0.926471 0.281373 0.945098 0.280392 0.975490 0.281373 0.993137 0.282353 0.996078 0.283333 0.997059 0.283333 0.999020 0.284314 0.997059 0.286275 0.997059 0.287255 0.999020 0.291176 0.999020 0.291176 0.997059 0.293137 0.993137 0.292157 0.963725 0.292157 0.953922 0.293137 0.928431 0.294118 0.915686 0.295098 0.911765 0.296078 0.908824 0.300000 0.903922 0.302941 0.900000 0.310784 0.892157 0.313725 0.890196 0.325490 0.883333 0.327451 0.882353 0.329412 0.881373 0.331373 0.881373 0.333333 0.880392 0.335294 0.879412 0.340196 0.875490 0.345098 0.873529 0.350000 0.868627 0.353922 0.863725 0.357843 0.856863 0.357843 0.854902 0.359804 0.851961 0.361765 0.850000 0.362745 0.850000 0.364706 0.848039 0.368627 0.843137 0.369608 0.841176 0.370588 0.838235 0.371569 0.834314 0.372549 0.828431 0.372549 0.816667 0.371569 0.814706 0.370588 0.812745 0.368627 0.810784 0.367647 0.808824 0.366667 0.806863 0.363725 0.798039 0.363725 0.794118 0.362745 0.792157 0.357843 0.787255 0.355882 0.786275 0.350980 0.785294 0.335294 0.785294 0.330392 0.786275 0.326471 0.789216 0.320588 0.788235 0.319608 0.786275 0.318627 0.784314 0.318627 0.779412 0.317647 0.777451 0.315686 0.775490 0.313725 0.775490
5 0.999020 0.165686 0.999020 0.425490 0.992157 0.425490 0.986275 0.424510 0.980392 0.422549 0.974510 0.419608 0.967647 0.417647 0.963725 0.417647 0.960784 0.416667 0.958824 0.415686 0.956863 0.414706 0.946078 0.403922 0.944118 0.402941 0.940196 0.401961 0.938235 0.400980 0.931373 0.394118 0.930392 0.392157 0.927451 0.383333 0.927451 0.371569 0.929412 0.366667 0.929412 0.348039 0.930392 0.344118 0.931373 0.342157 0.935294 0.338235 0.937255 0.334314 0.939216 0.332353 0.942157 0.330392 0.945098 0.328431 0.947059 0.327451 0.957843 0.323529 0.960784 0.322549 0.974510 0.319608 0.982353 0.315686 0.986275 0.312745 0.990196 0.308824 0.991176 0.305882 0.992157 0.302941 0.992157 0.297059 0.991176 0.294118 0.989216 0.291176 0.986275 0.288235 0.982353 0.286275 0.977451 0.281373 0.975490 0.280392 0.971569 0.279412 0.969608 0.277451 0.967647 0.272549 0.965686 0.270588 0.962745 0.269608 0.961765 0.258824 0.962745 0.254902 0.964706 0.251961 0.961765 0.249020 0.958824 0.248039 0.953922 0.243137 0.952941 0.241176 0.951961 0.239216 0.951961 0.237255 0.951961 0.234314 0.952941 0.231373 0.952941 0.228431 0.953922 0.226471 0.954902 0.224510 0.955882 0.223529 0.956863 0.223529 0.967647 0.215686 0.970588 0.213725 0.977451 0.212745 0.985294 0.233333 0.984314 0.237255 0.986275 0.239216 0.989216 0.236275 0.987255 0.233333 0.985294 0.233333 0.977451 0.212745 0.978431 0.208824 0.981373 0.205882 0.982353 0.200980 0.985294 0.196078 0.985294 0.192157 0.986275 0.189216 0.988235 0.186275 0.989216 0.180392 0.993137 0.173529 0.994118 0.168627 0.997059 0.165686 0.999020 0.165686
