0 0.712996 0.923494 0.712996 0.924848 0.715704 0.925525 0.715704 0.922817 0.712996 0.923494
0 0.735560 0.792146 0.734657 0.794177 0.735560 0.795531 0.736462 0.793500 0.735560 0.792146
0 0.528881 0.702776 0.530686 0.704130 0.531588 0.704130 0.532491 0.706161 0.531588 0.709546 0.533394 0.712932 0.536101 0.714963 0.530686 0.721056 0.534296 0.719702 0.534296 0.723087 0.536101 0.724441 0.537906 0.723087 0.538809 0.721733 0.538809 0.719702 0.537004 0.718348 0.534296 0.719702 0.530686 0.721056 0.527076 0.721056 0.523466 0.721056 0.521661 0.719702 0.519856 0.719702 0.517148 0.721733 0.517148 0.723087 0.518051 0.727827 0.517148 0.731212 0.520758 0.731212 0.522563 0.729858 0.523466 0.727827 0.524368 0.724441 0.523466 0.721056 0.527076 0.721056 0.528881 0.722410 0.530686 0.721056 0.536101 0.714963 0.537906 0.714963 0.539711 0.713609 0.540614 0.712255 0.541516 0.714963 0.544224 0.715640 0.544224 0.717671 0.543321 0.719025 0.543321 0.721056 0.544224 0.722410 0.544224 0.717671 0.544224 0.715640 0.546029 0.714286 0.546029 0.712255 0.546931 0.710900 0.550542 0.714286 0.553249 0.716317 0.555957 0.715640 0.562274 0.719702 0.564982 0.720379 0.567690 0.722410 0.570397 0.723764 0.574007 0.724441 0.577617 0.727150 0.579422 0.727150 0.582130 0.729181 0.587545 0.728504 0.591155 0.729858 0.592960 0.731889 0.593863 0.732566 0.595668 0.733243 0.599278 0.733243 0.601986 0.734597 0.605596 0.737305 0.607401 0.737982 0.611011 0.737982 0.616426 0.740014 0.620036 0.741368 0.622744 0.743399 0.626354 0.744076 0.632671 0.748138 0.634477 0.748815 0.637184 0.748815 0.638989 0.749492 0.642599 0.751523 0.647112 0.751523 0.651625 0.750846 0.655235 0.749492 0.662455 0.748815 0.669675 0.748815 0.671480 0.749492 0.673285 0.750846 0.677798 0.751523 0.679603 0.752200 0.682310 0.753555 0.684116 0.754909 0.685018 0.756263 0.686823 0.759648 0.687726 0.761679 0.688628 0.765741 0.691336 0.769804 0.691336 0.775220 0.694043 0.777251 0.694946 0.777251 0.696751 0.778605 0.698556 0.777928 0.700361 0.776574 0.700361 0.780636 0.699458 0.780636 0.698556 0.785376 0.701264 0.792146 0.701264 0.796209 0.699458 0.798240 0.699458 0.799594 0.703069 0.806364 0.703971 0.811104 0.703971 0.818551 0.702166 0.829384 0.702166 0.840894 0.701264 0.842248 0.699458 0.843602 0.697653 0.843602 0.695848 0.844279 0.694043 0.845633 0.692238 0.848341 0.691336 0.851049 0.688628 0.853758 0.688628 0.857820 0.687726 0.860528 0.686823 0.862559 0.685921 0.863913 0.685018 0.865267 0.682310 0.867299 0.675090 0.872038 0.673285 0.874069 0.672383 0.875423 0.672383 0.880840 0.671480 0.884225 0.670578 0.886933 0.669675 0.888287 0.663357 0.893026 0.662455 0.895058 0.659747 0.897089 0.658845 0.897089 0.656137 0.899120 0.654332 0.901828 0.652527 0.902505 0.646209 0.904536 0.627256 0.904536 0.626354 0.902505 0.628159 0.901151 0.629964 0.900474 0.632671 0.899797 0.633574 0.900474 0.635379 0.901828 0.637184 0.902505 0.638989 0.899797 0.635379 0.899120 0.633574 0.900474 0.632671 0.899797 0.631769 0.894381 0.629964 0.888287 0.629061 0.890318 0.620036 0.890995 0.615523 0.891672 0.613718 0.892349 0.609206 0.895058 0.606498 0.896412 0.602888 0.896412 0.601083 0.897766 0.600181 0.899120 0.599278 0.900474 0.600181 0.903859 0.598375 0.905213 0.595668 0.905213 0.592960 0.907244 0.592058 0.908599 0.591155 0.911984 0.589350 0.912661 0.586643 0.912661 0.583935 0.914692 0.584838 0.918754 0.583032 0.920108 0.578520 0.920108 0.576715 0.919431 0.574910 0.916046 0.574007 0.917400 0.572202 0.918077 0.567690 0.914015 0.568592 0.909276 0.566787 0.907244 0.564079 0.906567 0.563177 0.905890 0.562274 0.904536 0.562274 0.895735 0.561372 0.894381 0.558664 0.892349 0.555054 0.892349 0.552347 0.890995 0.548736 0.890995 0.546029 0.890318 0.541516 0.887610 0.536101 0.885579 0.528881 0.883548 0.524368 0.883548 0.521661 0.882871 0.518953 0.882194 0.516245 0.880840 0.511733 0.877454 0.509928 0.877454 0.503610 0.874746 0.501805 0.873392 0.501805 0.872715 0.500000 0.871361 0.493682 0.867299 0.487365 0.863236 0.484657 0.862559 0.481949 0.860528 0.480144 0.859851 0.477437 0.859851 0.475632 0.858497 0.475632 0.857820 0.474729 0.857143 0.473827 0.857143 0.472022 0.855789 0.469314 0.855112 0.466606 0.855112 0.464801 0.854435 0.462996 0.853758 0.462094 0.853081 0.457581 0.849018 0.452166 0.844279 0.450361 0.842248 0.449458 0.840894 0.449458 0.838863 0.445848 0.834123 0.444946 0.830738 0.444043 0.823968 0.443141 0.821259 0.441336 0.819228 0.441336 0.817197 0.436823 0.811104 0.436823 0.809072 0.435921 0.807041 0.435018 0.805687 0.434116 0.805010 0.433213 0.805010 0.431408 0.803656 0.431408 0.802979 0.428700 0.800271 0.425993 0.798240 0.423285 0.797563 0.420578 0.795531 0.419675 0.794177 0.419675 0.790115 0.420578 0.786730 0.421480 0.784022 0.422383 0.782668 0.424188 0.781991 0.427798 0.781991 0.431408 0.779282 0.435921 0.773866 0.436823 0.772512 0.437726 0.767773 0.438628 0.766418 0.440433 0.765741 0.443141 0.765741 0.447653 0.763033 0.449458 0.763033 0.451264 0.762356 0.453069 0.761002 0.453971 0.759648 0.454874 0.756263 0.453971 0.754232 0.453069 0.752200 0.452166 0.750846 0.451264 0.750169 0.450361 0.750169 0.449458 0.749492 0.448556 0.748138 0.447653 0.744753 0.447653 0.742045 0.448556 0.738659 0.449458 0.736628 0.454874 0.732566 0.458484 0.731889 0.461191 0.729858 0.462094 0.727827 0.468412 0.727150 0.473827 0.727827 0.477437 0.726473 0.481949 0.726473 0.483755 0.725118 0.484657 0.723764 0.484657 0.721733 0.486462 0.720379 0.488267 0.721733 0.490975 0.721733 0.492780 0.720379 0.497292 0.719702 0.500000 0.717671 0.500000 0.712932 0.501805 0.710223 0.503610 0.710900 0.505415 0.712255 0.508123 0.710223 0.512635 0.710223 0.516245 0.708192 0.517148 0.707515 0.518051 0.705484 0.521661 0.704807 0.523466 0.703453 0.525271 0.702776 0.528881 0.702776
5 0.543321 0.354773 0.540614 0.356804 0.542419 0.356804 0.544224 0.355450 0.544224 0.349357 0.543321 0.354773
5 0.498195 0.142857 0.496390 0.145565 0.499097 0.146242 0.500000 0.145565 0.501805 0.145565 0.505415 0.148274 0.507220 0.148951 0.510830 0.149628 0.513538 0.149628 0.521661 0.148951 0.525271 0.146919 0.527978 0.148274 0.531588 0.147596 0.533394 0.148274 0.535199 0.149628 0.536101 0.150305 0.543321 0.156398 0.548736 0.159783 0.550542 0.159783 0.552347 0.161137 0.552347 0.161814 0.554152 0.163169 0.556859 0.164523 0.558664 0.164523 0.560469 0.165200 0.561372 0.165877 0.561372 0.166554 0.563177 0.167908 0.564982 0.168585 0.568592 0.168585 0.573105 0.170616 0.576715 0.170616 0.578520 0.169262 0.578520 0.167908 0.581227 0.167231 0.583935 0.168585 0.589350 0.169262 0.592058 0.171970 0.592058 0.172647 0.593863 0.174001 0.594765 0.174001 0.599278 0.174001 0.599278 0.175355 0.598375 0.176032 0.598375 0.177387 0.601083 0.179418 0.601083 0.180772 0.609206 0.186865 0.611011 0.187542 0.614621 0.187542 0.616426 0.188219 0.618231 0.189573 0.620036 0.189573 0.621841 0.190251 0.623646 0.191605 0.625451 0.192282 0.627256 0.192282 0.629964 0.193636 0.636282 0.192959 0.641697 0.193636 0.646209 0.195667 0.657942 0.195667 0.661552 0.196344 0.666065 0.199729 0.668773 0.203114 0.669675 0.204469 0.670578 0.211239 0.670578 0.218009 0.671480 0.220718 0.673285 0.222749 0.674188 0.224780 0.676895 0.226811 0.677798 0.228842 0.681408 0.231550 0.682310 0.233582 0.685018 0.235613 0.685921 0.236967 0.685921 0.238998 0.688628 0.241029 0.688628 0.241706 0.690433 0.243060 0.691336 0.243060 0.693141 0.244414 0.694946 0.248477 0.695848 0.254570 0.694946 0.257955 0.694946 0.259986 0.696751 0.262695 0.696751 0.264049 0.695848 0.264726 0.694946 0.267434 0.694946 0.270819 0.693141 0.273527 0.692238 0.274882 0.691336 0.275559 0.690433 0.275559 0.688628 0.276913 0.686823 0.279621 0.675993 0.278944 0.674188 0.277590 0.674188 0.280298 0.675993 0.278944 0.686823 0.279621 0.685921 0.283006 0.684116 0.285037 0.683213 0.286391 0.685921 0.290454 0.685921 0.292485 0.685018 0.293162 0.685018 0.295193 0.686823 0.297901 0.684116 0.299255 0.684116 0.297901 0.682310 0.296547 0.679603 0.297901 0.679603 0.299255 0.682310 0.301286 0.682310 0.302640 0.678700 0.305349 0.677798 0.309411 0.673285 0.312796 0.671480 0.314827 0.670578 0.317536 0.668773 0.319567 0.664260 0.322952 0.662455 0.324983 0.662455 0.325660 0.661552 0.326337 0.658845 0.327014 0.655235 0.330399 0.654332 0.331077 0.653430 0.331077 0.651625 0.332431 0.645307 0.334462 0.640794 0.336493 0.638087 0.338524 0.636282 0.338524 0.631769 0.341909 0.629964 0.342586 0.623646 0.343940 0.608303 0.343940 0.606498 0.345295 0.601083 0.343940 0.594765 0.343940 0.592058 0.345972 0.592960 0.349357 0.592058 0.350711 0.589350 0.351388 0.588448 0.350711 0.585740 0.350711 0.583032 0.348680 0.580325 0.350034 0.579422 0.347326 0.581227 0.345295 0.577617 0.345972 0.579422 0.347326 0.580325 0.350034 0.577617 0.350034 0.574910 0.349357 0.573105 0.348680 0.572202 0.346649 0.570397 0.345295 0.566787 0.343940 0.564079 0.343940 0.563177 0.343263 0.561372 0.343263 0.560469 0.350034 0.559567 0.350711 0.559567 0.352742 0.559567 0.351388 0.557762 0.350034 0.556859 0.350034 0.556859 0.340555 0.557762 0.342586 0.559567 0.343940 0.560469 0.339878 0.558664 0.339201 0.558664 0.337170 0.555054 0.334462 0.555054 0.333108 0.551444 0.330399 0.547834 0.331077 0.546931 0.333108 0.545126 0.334462 0.544224 0.335816 0.540614 0.332431 0.538809 0.330399 0.539711 0.329045 0.539711 0.328368 0.543321 0.327691 0.544224 0.328368 0.547834 0.328368 0.548736 0.329045 0.551444 0.329045 0.554152 0.327014 0.554152 0.324306 0.552347 0.322952 0.550542 0.321598 0.549639 0.320921 0.547834 0.320244 0.549639 0.311442 0.553249 0.311442 0.554152 0.308057 0.551444 0.306026 0.549639 0.305349 0.546931 0.306703 0.546029 0.308734 0.546029 0.310088 0.549639 0.311442 0.547834 0.320244 0.544224 0.320921 0.541516 0.318890 0.539711 0.318890 0.537004 0.316858 0.535199 0.316858 0.533394 0.317536 0.530686 0.319567 0.529783 0.320921 0.528881 0.324983 0.528881 0.330399 0.524368 0.329722 0.522563 0.328368 0.524368 0.327014 0.524368 0.324983 0.521661 0.322952 0.518051 0.320921 0.515343 0.322275 0.517148 0.324306 0.518051 0.326337 0.520758 0.328368 0.522563 0.328368 0.524368 0.329722 0.519856 0.331754 0.514440 0.335816 0.514440 0.341909 0.513538 0.343263 0.511733 0.343940 0.507220 0.343940 0.502708 0.344617 0.499097 0.345972 0.501805 0.346649 0.503610 0.348003 0.503610 0.350034 0.500903 0.350711 0.500000 0.354773 0.501805 0.356127 0.498195 0.358158 0.492780 0.358835 0.485560 0.358835 0.483755 0.357481 0.466606 0.358158 0.456679 0.358158 0.421480 0.358158 0.414260 0.358158 0.406137 0.357481 0.399819 0.356804 0.398917 0.354773 0.396209 0.352742 0.398917 0.350711 0.398917 0.348680 0.400722 0.347326 0.407040 0.345972 0.412455 0.345295 0.415162 0.343263 0.416065 0.340555 0.416968 0.340555 0.418773 0.339201 0.419675 0.335139 0.418773 0.340555 0.418773 0.341909 0.420578 0.343263 0.421480 0.344617 0.421480 0.345972 0.423285 0.347326 0.425993 0.347326 0.426895 0.345972 0.430505 0.347326 0.433213 0.347326 0.435018 0.349357 0.435921 0.347326 0.436823 0.346649 0.436823 0.345295 0.432310 0.344617 0.431408 0.343940 0.429603 0.343940 0.429603 0.339878 0.426895 0.337170 0.427798 0.332431 0.425090 0.333108 0.423285 0.333785 0.421480 0.333108 0.423285 0.332431 0.425090 0.331077 0.425090 0.329045 0.424188 0.328368 0.426895 0.329045 0.428700 0.327691 0.428700 0.324983 0.426895 0.323629 0.424188 0.325660 0.424188 0.328368 0.425090 0.329045 0.421480 0.327691 0.416065 0.327691 0.415162 0.326337 0.414260 0.322952 0.411552 0.322275 0.410650 0.320244 0.409747 0.319567 0.407942 0.318890 0.411552 0.311442 0.412455 0.309411 0.420578 0.309411 0.421480 0.310765 0.423285 0.312119 0.425090 0.312796 0.426895 0.312796 0.428700 0.312119 0.430505 0.310765 0.431408 0.309411 0.431408 0.307380 0.427798 0.304672 0.427798 0.303318 0.424188 0.302640 0.421480 0.304672 0.420578 0.307380 0.420578 0.309411 0.412455 0.309411 0.409747 0.310088 0.411552 0.311442 0.407942 0.318890 0.406137 0.319567 0.403430 0.320921 0.399819 0.317536 0.398917 0.316181 0.398014 0.314150 0.398014 0.308734 0.395307 0.306026 0.392599 0.303995 0.388989 0.306026 0.384477 0.303318 0.382671 0.302640 0.381769 0.301963 0.379061 0.301286 0.375451 0.302640 0.366426 0.295870 0.368231 0.294516 0.368231 0.293162 0.362816 0.292485 0.361913 0.294516 0.363718 0.295870 0.366426 0.295870 0.375451 0.302640 0.374549 0.303318 0.373646 0.304672 0.371841 0.308057 0.370939 0.306703 0.369134 0.305349 0.366426 0.307380 0.362816 0.307380 0.361913 0.309411 0.361011 0.310765 0.359206 0.310765 0.357401 0.309411 0.355596 0.309411 0.354693 0.310765 0.352888 0.311442 0.351986 0.308734 0.348375 0.308057 0.346570 0.309411 0.346570 0.310765 0.344765 0.311442 0.344765 0.306703 0.342960 0.305349 0.339350 0.302640 0.337545 0.301963 0.333032 0.301963 0.331227 0.302640 0.329422 0.303318 0.326715 0.305349 0.325812 0.308734 0.325812 0.311442 0.327617 0.312796 0.330325 0.313473 0.337545 0.313473 0.338448 0.314827 0.335740 0.315504 0.332130 0.318213 0.319495 0.318213 0.317690 0.319567 0.315884 0.318890 0.314079 0.318890 0.312274 0.317536 0.312274 0.316181 0.307762 0.312796 0.305054 0.312119 0.303249 0.310765 0.302347 0.310765 0.297834 0.310765 0.296931 0.308057 0.295126 0.306026 0.294224 0.301963 0.292419 0.303318 0.287906 0.303318 0.284296 0.304672 0.282491 0.303995 0.281588 0.302640 0.281588 0.301286 0.282491 0.300609 0.282491 0.298578 0.280686 0.296547 0.280686 0.293162 0.279783 0.290454 0.278881 0.288422 0.274368 0.287745 0.274368 0.284360 0.276173 0.283006 0.274368 0.281652 0.270758 0.282329 0.268051 0.280298 0.267148 0.279621 0.266245 0.278267 0.264440 0.270142 0.262635 0.267434 0.261733 0.262695 0.262635 0.257955 0.261733 0.251185 0.262635 0.249154 0.265343 0.251862 0.266245 0.253216 0.268953 0.250508 0.270758 0.247800 0.270758 0.246445 0.269856 0.243060 0.271661 0.243060 0.272563 0.245091 0.275271 0.245768 0.277076 0.244414 0.276173 0.242383 0.273466 0.241706 0.273466 0.238998 0.275271 0.237644 0.276173 0.237644 0.275271 0.234936 0.273466 0.234936 0.270758 0.236290 0.268051 0.233582 0.267148 0.232227 0.267148 0.230873 0.268051 0.230196 0.268953 0.227488 0.272563 0.225457 0.273466 0.222749 0.275271 0.221395 0.277978 0.220718 0.280686 0.220718 0.281588 0.221395 0.283394 0.221395 0.292419 0.220718 0.296931 0.220041 0.298736 0.219364 0.300542 0.218687 0.305054 0.215301 0.305957 0.213947 0.306859 0.212593 0.306859 0.208531 0.309567 0.206500 0.310469 0.204469 0.313177 0.203791 0.315884 0.201760 0.317690 0.201083 0.320397 0.201083 0.321300 0.200406 0.323105 0.200406 0.324007 0.201083 0.325812 0.201083 0.325812 0.199052 0.325812 0.197698 0.329422 0.194313 0.333935 0.193636 0.335740 0.192282 0.337545 0.191605 0.342058 0.190928 0.342058 0.190251 0.345668 0.189573 0.351986 0.188219 0.358303 0.186865 0.361011 0.185511 0.368231 0.184834 0.371841 0.185511 0.373646 0.180772 0.375451 0.180095 0.377256 0.179418 0.380866 0.179418 0.384477 0.176710 0.388087 0.178064 0.389892 0.176710 0.389892 0.176032 0.391697 0.174678 0.393502 0.174001 0.399819 0.174678 0.401625 0.174001 0.403430 0.175355 0.403430 0.178741 0.405235 0.177387 0.403430 0.175355 0.401625 0.174001 0.404332 0.173324 0.409747 0.172647 0.415162 0.173324 0.420578 0.172647 0.421480 0.174001 0.421480 0.175355 0.423285 0.176710 0.423285 0.178741 0.421480 0.181449 0.421480 0.184157 0.422383 0.185511 0.428700 0.186188 0.430505 0.184834 0.432310 0.185511 0.434116 0.186865 0.436823 0.185511 0.436823 0.183480 0.435921 0.180095 0.435921 0.173324 0.435921 0.169262 0.439531 0.166554 0.443141 0.165877 0.444946 0.165200 0.446751 0.163846 0.448556 0.163169 0.450361 0.163169 0.452166 0.161814 0.452166 0.161137 0.453971 0.159783 0.455776 0.159106 0.458484 0.158429 0.462996 0.158429 0.467509 0.157075 0.470217 0.155044 0.475632 0.150305 0.479242 0.149628 0.481047 0.148951 0.483755 0.146919 0.483755 0.146242 0.486462 0.144211 0.488267 0.144211 0.490072 0.142857 0.491877 0.142857 0.492780 0.143534 0.494585 0.143534 0.498195 0.142857
4 0.646209 0.890995 0.645307 0.893026 0.647112 0.892349 0.646209 0.890995
4 0.559567 0.719025 0.558664 0.720379 0.557762 0.723087 0.554152 0.723764 0.556859 0.725118 0.558664 0.724441 0.560469 0.721733 0.559567 0.719025
4 0.599278 0.717671 0.592058 0.720379 0.592960 0.725796 0.590253 0.727150 0.590253 0.729181 0.591155 0.729858 0.591155 0.731212 0.592960 0.731212 0.596570 0.732566 0.605596 0.731889 0.607401 0.731889 0.614621 0.733243 0.618231 0.732566 0.620036 0.731889 0.621841 0.729181 0.621841 0.726473 0.621841 0.721056 0.619134 0.721733 0.616426 0.719702 0.611011 0.720379 0.606498 0.718348 0.601083 0.717671 0.599278 0.717671
4 0.533394 0.707515 0.532491 0.708869 0.533394 0.710900 0.535199 0.712255 0.535199 0.714963 0.534296 0.716317 0.531588 0.718348 0.527076 0.719025 0.522563 0.718348 0.519856 0.718348 0.518051 0.719025 0.516245 0.720379 0.516245 0.725796 0.519856 0.728504 0.519856 0.729858 0.518051 0.731212 0.520758 0.731212 0.523466 0.732566 0.527978 0.732566 0.529783 0.731889 0.530686 0.731212 0.531588 0.729181 0.533394 0.727827 0.536101 0.727150 0.540614 0.726473 0.543321 0.728504 0.545126 0.728504 0.546029 0.725796 0.547834 0.724441 0.549639 0.723764 0.546931 0.722410 0.546931 0.721056 0.546931 0.719025 0.547834 0.716994 0.551444 0.719702 0.552347 0.721733 0.553249 0.720379 0.553249 0.719025 0.555957 0.716994 0.552347 0.712932 0.546931 0.712255 0.544224 0.712932 0.544224 0.714286 0.545126 0.716994 0.542419 0.717671 0.542419 0.719702 0.540614 0.721056 0.538809 0.719702 0.538809 0.718348 0.539711 0.716994 0.538809 0.715640 0.537004 0.714286 0.536101 0.711578 0.536101 0.708192 0.533394 0.707515
4 0.453069 0.702776 0.466606 0.702776 0.479242 0.703453 0.482852 0.704130 0.484657 0.704807 0.490072 0.708192 0.492780 0.708869 0.495487 0.710900 0.498195 0.711578 0.498195 0.712932 0.499097 0.713609 0.499097 0.716994 0.498195 0.717671 0.498195 0.721733 0.496390 0.722410 0.495487 0.720379 0.491877 0.720379 0.490975 0.722410 0.489170 0.723764 0.484657 0.724441 0.482852 0.725796 0.481047 0.726473 0.477437 0.725796 0.473827 0.727150 0.470217 0.727150 0.465704 0.730535 0.463899 0.730535 0.462094 0.731889 0.460289 0.732566 0.454874 0.733243 0.451264 0.735951 0.449458 0.739336 0.448556 0.742722 0.448556 0.746107 0.449458 0.748138 0.455776 0.752200 0.456679 0.753555 0.455776 0.756263 0.454874 0.756263 0.453069 0.757617 0.452166 0.758971 0.452166 0.760325 0.453069 0.761002 0.453069 0.763033 0.448556 0.764387 0.442238 0.765741 0.438628 0.765741 0.436823 0.769804 0.435018 0.775897 0.435018 0.778605 0.433213 0.779959 0.431408 0.779959 0.427798 0.781991 0.422383 0.781991 0.421480 0.786053 0.419675 0.790115 0.419675 0.791469 0.420578 0.792146 0.420578 0.794177 0.424188 0.796886 0.426895 0.796886 0.429603 0.798917 0.434116 0.803656 0.435018 0.805010 0.435921 0.807718 0.435921 0.810427 0.437726 0.813812 0.440433 0.817197 0.442238 0.821936 0.442238 0.825322 0.443141 0.827353 0.444946 0.829384 0.444946 0.832092 0.445848 0.834800 0.446751 0.836154 0.448556 0.837508 0.449458 0.838863 0.449458 0.840894 0.450361 0.842248 0.454874 0.847664 0.456679 0.849695 0.459386 0.852404 0.462996 0.855112 0.465704 0.855789 0.468412 0.857820 0.470217 0.858497 0.472924 0.858497 0.481047 0.861205 0.485560 0.863913 0.491877 0.868653 0.495487 0.870007 0.497292 0.871361 0.497292 0.872038 0.499097 0.873392 0.501805 0.874746 0.503610 0.875423 0.505415 0.875423 0.507220 0.876100 0.511733 0.878131 0.518051 0.882871 0.519856 0.883548 0.524368 0.884902 0.528881 0.884902 0.529783 0.886933 0.531588 0.887610 0.533394 0.887610 0.535199 0.888964 0.538809 0.889641 0.542419 0.889641 0.547834 0.891672 0.552347 0.891672 0.555957 0.893703 0.559567 0.894381 0.562274 0.896412 0.562274 0.899797 0.563177 0.901828 0.564079 0.903182 0.566787 0.905213 0.569495 0.905213 0.571300 0.903859 0.574910 0.905890 0.577617 0.906567 0.579422 0.907244 0.582130 0.905890 0.584838 0.905890 0.590253 0.906567 0.595668 0.904536 0.597473 0.905213 0.599278 0.905213 0.602888 0.903859 0.604693 0.903859 0.606498 0.903859 0.608303 0.899797 0.608303 0.897089 0.609206 0.895735 0.610108 0.895058 0.611913 0.894381 0.613718 0.894381 0.615523 0.893026 0.617329 0.892349 0.620036 0.891672 0.629964 0.891672 0.631769 0.893026 0.632671 0.896412 0.634477 0.897766 0.636282 0.898443 0.638087 0.898443 0.639892 0.899797 0.639892 0.900474 0.641697 0.901828 0.646209 0.901828 0.649819 0.903859 0.651625 0.903859 0.653430 0.903182 0.655235 0.901828 0.656137 0.899797 0.656137 0.893703 0.654332 0.893026 0.654332 0.891672 0.657040 0.893026 0.658845 0.891672 0.658845 0.890995 0.669675 0.890318 0.670578 0.876100 0.673285 0.870684 0.674188 0.868653 0.673285 0.862559 0.674188 0.861205 0.675993 0.859851 0.677798 0.859174 0.679603 0.859851 0.680505 0.861205 0.682310 0.860528 0.684116 0.859174 0.685921 0.857820 0.686823 0.856466 0.686823 0.843602 0.688628 0.841571 0.692238 0.839540 0.692238 0.835477 0.698556 0.834123 0.698556 0.832092 0.699458 0.828707 0.697653 0.827353 0.697653 0.823290 0.698556 0.821259 0.695848 0.820582 0.694946 0.822613 0.697653 0.823290 0.697653 0.827353 0.694043 0.829384 0.696751 0.832092 0.698556 0.832092 0.698556 0.834123 0.700361 0.835477 0.701264 0.832092 0.698556 0.834123 0.692238 0.835477 0.689531 0.834800 0.691336 0.831415 0.691336 0.828707 0.688628 0.826676 0.686823 0.826676 0.685921 0.825322 0.682310 0.826676 0.680505 0.824645 0.682310 0.822613 0.682310 0.820582 0.681408 0.817197 0.683213 0.817197 0.683213 0.818551 0.685921 0.817197 0.685018 0.814489 0.687726 0.815843 0.690433 0.815166 0.691336 0.813135 0.694043 0.814489 0.694946 0.815843 0.698556 0.816520 0.700361 0.813812 0.701264 0.811104 0.702166 0.805010 0.702166 0.798240 0.701264 0.796886 0.694043 0.796886 0.691336 0.796886 0.689531 0.796209 0.687726 0.788084 0.688628 0.784699 0.688628 0.782668 0.686823 0.780636 0.686823 0.766418 0.685018 0.765064 0.683213 0.764387 0.674188 0.764387 0.672383 0.763033 0.673285 0.758294 0.672383 0.757617 0.672383 0.754232 0.674188 0.752877 0.675090 0.752877 0.677798 0.752877 0.679603 0.754232 0.680505 0.754232 0.682310 0.755586 0.683213 0.757617 0.685921 0.757617 0.686823 0.756263 0.686823 0.750846 0.685018 0.749492 0.679603 0.749492 0.677798 0.750846 0.677798 0.752877 0.675090 0.752877 0.674188 0.750169 0.673285 0.750169 0.670578 0.748138 0.670578 0.744076 0.671480 0.743399 0.671480 0.738659 0.672383 0.737305 0.674188 0.736628 0.676895 0.735951 0.678700 0.737305 0.678700 0.737982 0.679603 0.738659 0.685018 0.742045 0.687726 0.742045 0.692238 0.744076 0.696751 0.744753 0.700361 0.744753 0.703069 0.748815 0.704874 0.750169 0.708484 0.750169 0.710289 0.751523 0.710289 0.754909 0.708484 0.756263 0.705776 0.756263 0.703971 0.756940 0.702166 0.758294 0.699458 0.761679 0.696751 0.765741 0.695848 0.767095 0.700361 0.771158 0.711191 0.770481 0.716606 0.771835 0.720217 0.771835 0.724729 0.773189 0.726534 0.773866 0.728339 0.774543 0.731047 0.776574 0.731949 0.777928 0.732852 0.779959 0.733755 0.784699 0.736462 0.791469 0.737365 0.793500 0.740072 0.796209 0.740975 0.797563 0.741877 0.800948 0.742780 0.807041 0.742780 0.811104 0.740975 0.814489 0.741877 0.818551 0.740975 0.824645 0.741877 0.830061 0.742780 0.832092 0.743682 0.834123 0.747292 0.837508 0.748195 0.838863 0.748195 0.840217 0.749097 0.841571 0.750000 0.842925 0.750903 0.843602 0.755415 0.844956 0.757220 0.848341 0.759025 0.850372 0.762635 0.853081 0.763538 0.854435 0.766245 0.861882 0.768953 0.866622 0.770758 0.867976 0.771661 0.871361 0.771661 0.899120 0.770758 0.903182 0.769856 0.904536 0.765343 0.907921 0.764440 0.909953 0.761733 0.911984 0.759025 0.912661 0.755415 0.915369 0.752708 0.916046 0.750000 0.918077 0.744585 0.922139 0.741877 0.924171 0.740975 0.926879 0.740072 0.928233 0.739170 0.928910 0.736462 0.929587 0.733755 0.931618 0.733755 0.932295 0.731047 0.934326 0.727437 0.935680 0.724729 0.937712 0.724729 0.938389 0.721119 0.941097 0.720217 0.943128 0.717509 0.945159 0.716606 0.948544 0.715704 0.949898 0.711191 0.953284 0.710289 0.954638 0.709386 0.957346 0.708484 0.958700 0.707581 0.959377 0.703069 0.962085 0.702166 0.963439 0.701264 0.966825 0.699458 0.968179 0.696751 0.968179 0.694043 0.970210 0.694043 0.970887 0.690433 0.973595 0.685018 0.975626 0.681408 0.975626 0.678700 0.977657 0.677798 0.979689 0.677798 0.982397 0.675993 0.983751 0.675090 0.983751 0.672383 0.985782 0.671480 0.989167 0.668773 0.991198 0.666968 0.991198 0.663357 0.993907 0.661552 0.994584 0.657040 0.995938 0.654332 0.996615 0.648917 0.996615 0.646209 0.997292 0.642599 0.997969 0.641697 0.999323 0.625451 0.999323 0.625451 0.997969 0.623646 0.996615 0.621841 0.995938 0.617329 0.995938 0.614621 0.997969 0.614621 0.999323 0.396209 0.999323 0.396209 0.997969 0.394404 0.996615 0.392599 0.995938 0.388989 0.999323 0.385379 0.999323 0.384477 0.997292 0.382671 0.996615 0.380866 0.995938 0.375451 0.995938 0.372744 0.997292 0.370939 0.999323 0.368231 0.999323 0.368231 0.997969 0.366426 0.996615 0.361913 0.995938 0.356498 0.993907 0.352888 0.991875 0.349278 0.989167 0.348375 0.989167 0.345668 0.987136 0.340253 0.983074 0.338448 0.981720 0.335740 0.979012 0.335740 0.978334 0.333935 0.976980 0.330325 0.975626 0.328520 0.974272 0.326715 0.970887 0.321300 0.966825 0.320397 0.965471 0.319495 0.962085 0.318592 0.960731 0.314982 0.958023 0.314079 0.956669 0.308664 0.947867 0.305957 0.943128 0.305957 0.941097 0.305054 0.939066 0.302347 0.936357 0.297834 0.932295 0.296029 0.930264 0.295126 0.928233 0.293321 0.926202 0.291516 0.924171 0.287906 0.921462 0.287004 0.920108 0.286101 0.915369 0.283394 0.911307 0.282491 0.906567 0.282491 0.901151 0.286101 0.893026 0.287004 0.891672 0.288809 0.889641 0.295126 0.884902 0.296931 0.882871 0.297834 0.881517 0.298736 0.878808 0.298736 0.866622 0.296931 0.851049 0.296931 0.849018 0.297834 0.848341 0.297834 0.845633 0.299639 0.842248 0.300542 0.838186 0.298736 0.835477 0.298736 0.828707 0.299639 0.827353 0.302347 0.824645 0.302347 0.823290 0.303249 0.821936 0.305054 0.820582 0.305957 0.819228 0.306859 0.817874 0.307762 0.813812 0.310469 0.811104 0.310469 0.807041 0.311372 0.805687 0.312274 0.804333 0.314982 0.802302 0.322202 0.800271 0.324910 0.798917 0.327617 0.796886 0.328520 0.795531 0.329422 0.792146 0.333032 0.788761 0.333935 0.787407 0.334838 0.786053 0.335740 0.784022 0.336643 0.781313 0.337545 0.775897 0.337545 0.774543 0.336643 0.764387 0.337545 0.761679 0.339350 0.759648 0.342058 0.757617 0.342960 0.756263 0.342960 0.754909 0.344765 0.752877 0.346570 0.751523 0.349278 0.750169 0.350181 0.750169 0.351083 0.749492 0.351986 0.748138 0.352888 0.746784 0.352888 0.744753 0.353791 0.742722 0.355596 0.741368 0.356498 0.739336 0.356498 0.737982 0.357401 0.735951 0.360108 0.733920 0.360108 0.732566 0.364621 0.729181 0.370939 0.729181 0.374549 0.730535 0.381769 0.730535 0.387184 0.728504 0.393502 0.729181 0.397112 0.729181 0.398917 0.727827 0.399819 0.726473 0.399819 0.723764 0.401625 0.720379 0.406137 0.716994 0.406137 0.705484 0.407942 0.704130 0.411552 0.703453 0.416968 0.704130 0.442238 0.702776 0.453069 0.702776
4 0.901625 0.340555 0.904332 0.341232 0.908845 0.343263 0.915162 0.342586 0.918773 0.343940 0.928700 0.343940 0.931408 0.341909 0.934116 0.344617 0.936823 0.345295 0.939531 0.345295 0.943141 0.345972 0.948556 0.349357 0.950361 0.350034 0.953971 0.348680 0.959386 0.348680 0.964801 0.346649 0.967509 0.345972 0.971119 0.345295 0.977437 0.345295 0.981949 0.344617 0.985560 0.342586 0.990072 0.342586 0.992780 0.341232 0.994585 0.341232 0.996390 0.341909 0.999097 0.343263 0.999097 0.595802 0.984657 0.595802 0.972924 0.596479 0.965704 0.597156 0.961191 0.599188 0.958484 0.599865 0.956679 0.599865 0.950361 0.599188 0.947653 0.598510 0.940433 0.596479 0.938628 0.595802 0.936823 0.594448 0.935018 0.593771 0.933213 0.593094 0.925993 0.591740 0.923285 0.591063 0.921480 0.589709 0.914260 0.587678 0.909747 0.586324 0.907040 0.585647 0.900722 0.584292 0.897112 0.584292 0.894404 0.583615 0.888989 0.581584 0.878159 0.579553 0.873646 0.578199 0.868231 0.576845 0.866426 0.576168 0.859206 0.572783 0.857401 0.572106 0.851986 0.570074 0.845668 0.568720 0.841155 0.566012 0.827617 0.561273 0.806859 0.551117 0.799639 0.547732 0.796931 0.546378 0.787004 0.539607 0.781588 0.537576 0.776173 0.534191 0.771661 0.530806 0.770758 0.530806 0.767148 0.528097 0.764440 0.524712 0.759928 0.521327 0.759025 0.519296 0.751805 0.514557 0.750903 0.513879 0.750000 0.512525 0.750000 0.511171 0.748195 0.509817 0.748195 0.503724 0.747292 0.502370 0.744585 0.500339 0.780686 0.471225 0.784296 0.471225 0.785199 0.469871 0.783394 0.468517 0.782491 0.453622 0.784296 0.452945 0.785199 0.451591 0.785199 0.448206 0.784296 0.442789 0.782491 0.440081 0.780686 0.443466 0.780686 0.452268 0.782491 0.453622 0.783394 0.468517 0.780686 0.469871 0.780686 0.471225 0.744585 0.500339 0.740975 0.501693 0.734657 0.497630 0.734657 0.496276 0.732852 0.494922 0.731949 0.493568 0.731949 0.490860 0.730144 0.489506 0.731047 0.486121 0.729242 0.484766 0.724729 0.485443 0.720217 0.482058 0.719314 0.479350 0.718412 0.475288 0.717509 0.469194 0.716606 0.463778 0.717509 0.459039 0.716606 0.457007 0.715704 0.454976 0.712996 0.452945 0.712094 0.451591 0.711191 0.450237 0.711191 0.445498 0.710289 0.442789 0.709386 0.440758 0.708484 0.438727 0.705776 0.435342 0.705776 0.423832 0.707581 0.421124 0.708484 0.417739 0.708484 0.407583 0.709386 0.406229 0.711191 0.404875 0.712094 0.402844 0.712094 0.396073 0.712996 0.392688 0.717509 0.389303 0.718412 0.387949 0.719314 0.383886 0.720217 0.381855 0.722924 0.377793 0.724729 0.376439 0.727437 0.375762 0.738267 0.375762 0.747292 0.375085 0.749097 0.374408 0.756318 0.368991 0.757220 0.367637 0.758123 0.364929 0.760830 0.362221 0.763538 0.360190 0.766245 0.358835 0.771661 0.356804 0.778881 0.356127 0.780686 0.356127 0.794224 0.356804 0.798736 0.358158 0.807762 0.358158 0.815884 0.357481 0.822202 0.356127 0.831227 0.356127 0.834838 0.355450 0.837545 0.354096 0.840253 0.353419 0.842960 0.353419 0.843863 0.352742 0.845668 0.352742 0.848375 0.353419 0.851083 0.354773 0.852888 0.356127 0.855596 0.357481 0.864621 0.358158 0.869134 0.357481 0.870939 0.356804 0.874549 0.354096 0.874549 0.353419 0.877256 0.351388 0.878159 0.351388 0.881769 0.348680 0.882671 0.346649 0.885379 0.344617 0.888087 0.343940 0.889892 0.343263 0.890794 0.342586 0.890794 0.341909 0.898917 0.340555 0.901625 0.340555
