4 0.486458 0.757327 0.483333 0.759086 0.472917 0.758499 0.469792 0.758499 0.466667 0.759672 0.460417 0.760258 0.454167 0.760258 0.451042 0.761430 0.440625 0.763189 0.436458 0.763189 0.430208 0.764361 0.428125 0.765533 0.428125 0.766120 0.426042 0.767292 0.418750 0.769050 0.411458 0.769637 0.394792 0.768464 0.389583 0.768464 0.376042 0.769050 0.371875 0.770223 0.360417 0.770223 0.358333 0.771395 0.350000 0.771981 0.345833 0.771395 0.342708 0.772567 0.334375 0.773154 0.330208 0.772567 0.326042 0.773740 0.319792 0.773740 0.313542 0.774326 0.309375 0.776084 0.306250 0.776084 0.303125 0.777257 0.298958 0.777257 0.291667 0.778429 0.286458 0.780188 0.281250 0.780774 0.273958 0.780774 0.266667 0.781360 0.261458 0.781946 0.256250 0.783705 0.250000 0.784291 0.247917 0.785463 0.238542 0.784877 0.234375 0.784877 0.227083 0.785463 0.221875 0.786049 0.219792 0.786635 0.216667 0.788394 0.212500 0.788394 0.209375 0.789566 0.205208 0.789566 0.203125 0.790152 0.201042 0.791325 0.198958 0.791911 0.193750 0.793083 0.189583 0.793083 0.186458 0.793669 0.183333 0.795428 0.182292 0.795428 0.180208 0.796600 0.179167 0.797773 0.178125 0.798945 0.176042 0.801876 0.176042 0.803634 0.175000 0.804807 0.171875 0.807151 0.170833 0.807737 0.169792 0.807737 0.166667 0.808910 0.163542 0.810668 0.160417 0.813013 0.159375 0.814185 0.159375 0.819461 0.161458 0.822392 0.161458 0.825909 0.163542 0.832356 0.164583 0.834701 0.167708 0.837632 0.167708 0.845838 0.165625 0.850528 0.164583 0.855803 0.163542 0.866354 0.160417 0.875147 0.160417 0.889215 0.161458 0.892732 0.162500 0.895076 0.163542 0.895662 0.163542 0.896835 0.162500 0.897421 0.162500 0.899179 0.161458 0.900938 0.157292 0.905041 0.156250 0.907386 0.155208 0.910903 0.154167 0.915006 0.154167 0.923212 0.155208 0.927902 0.156250 0.929660 0.157292 0.930832 0.158333 0.932005 0.161458 0.934349 0.164583 0.936108 0.166667 0.936694 0.168750 0.937280 0.176042 0.937866 0.187500 0.937866 0.211458 0.936694 0.213542 0.936694 0.214583 0.937280 0.216667 0.937280 0.219792 0.936108 0.222917 0.936108 0.230208 0.933763 0.235417 0.932591 0.238542 0.932005 0.248958 0.932005 0.257292 0.931419 0.264583 0.930832 0.271875 0.929660 0.279167 0.929660 0.282292 0.928488 0.293750 0.927902 0.297917 0.926729 0.302083 0.926143 0.311458 0.925557 0.320833 0.925557 0.329167 0.924971 0.333333 0.924385 0.336458 0.923798 0.339583 0.923212 0.344792 0.921454 0.348958 0.920868 0.356250 0.921454 0.358333 0.921454 0.359375 0.920868 0.361458 0.920868 0.364583 0.921454 0.368750 0.922626 0.372917 0.923212 0.391667 0.923212 0.395833 0.922626 0.398958 0.921454 0.403125 0.921454 0.405208 0.920868 0.409375 0.918523 0.412500 0.917351 0.420833 0.914420 0.422917 0.913834 0.427083 0.913247 0.432292 0.910317 0.442708 0.906213 0.445833 0.905627 0.451042 0.902696 0.454167 0.902110 0.461458 0.898007 0.463542 0.897421 0.465625 0.897421 0.467708 0.896835 0.471875 0.894490 0.478125 0.892732 0.481250 0.892145 0.490625 0.890973 0.495833 0.890973 0.498958 0.890387 0.501042 0.889801 0.504167 0.888628 0.506250 0.887456 0.514583 0.882181 0.515625 0.880422 0.520833 0.877491 0.522917 0.875733 0.523958 0.874560 0.525000 0.873388 0.526042 0.871630 0.527083 0.869285 0.527083 0.866940 0.528125 0.866354 0.528125 0.864596 0.527083 0.862837 0.526042 0.861079 0.522917 0.858148 0.522917 0.852872 0.525000 0.849941 0.526042 0.846424 0.526042 0.843494 0.525000 0.842907 0.525000 0.839390 0.523958 0.837046 0.522917 0.835287 0.521875 0.834115 0.516667 0.830598 0.515625 0.829426 0.513542 0.826495 0.513542 0.825322 0.515625 0.820047 0.515625 0.813599 0.514583 0.810668 0.511458 0.806565 0.511458 0.792497 0.510417 0.787808 0.508333 0.783118 0.504167 0.774912 0.503125 0.771395 0.503125 0.767292 0.502083 0.764361 0.501042 0.762016 0.500000 0.760844 0.496875 0.759086 0.494792 0.758499 0.490625 0.758499 0.486458 0.757327
4 0.767708 0.668816 0.759375 0.671161 0.755208 0.672919 0.750000 0.675264 0.742708 0.678781 0.741667 0.679367 0.741667 0.679953 0.739583 0.681125 0.735417 0.685229 0.734375 0.686401 0.733333 0.689332 0.731250 0.691676 0.728125 0.694021 0.727083 0.695193 0.725000 0.699883 0.721875 0.702814 0.720833 0.704572 0.719792 0.706331 0.718750 0.709261 0.718750 0.712778 0.717708 0.715123 0.715625 0.718640 0.714583 0.720399 0.712500 0.722157 0.703125 0.727433 0.702083 0.729191 0.698958 0.730950 0.688542 0.736225 0.686458 0.738570 0.677083 0.743845 0.670833 0.748535 0.666667 0.750879 0.662500 0.752638 0.656250 0.754396 0.655208 0.754982 0.652083 0.757327 0.651042 0.757327 0.647917 0.759086 0.641667 0.763189 0.640625 0.764361 0.639583 0.765533 0.638542 0.768464 0.637500 0.769637 0.636458 0.770809 0.632292 0.773154 0.630208 0.776084 0.626042 0.778429 0.625000 0.779601 0.623958 0.782532 0.625000 0.783705 0.626042 0.784291 0.627083 0.784291 0.631250 0.786635 0.632292 0.787222 0.635417 0.787808 0.640625 0.789566 0.646875 0.793083 0.650000 0.797186 0.653125 0.798945 0.654167 0.800703 0.661458 0.804807 0.664583 0.805393 0.673958 0.810668 0.675000 0.812427 0.680208 0.815358 0.681250 0.815358 0.686458 0.818875 0.689583 0.819461 0.693750 0.821805 0.697917 0.822978 0.700000 0.824150 0.709375 0.830598 0.711458 0.831770 0.715625 0.833529 0.715625 0.834115 0.717708 0.835287 0.720833 0.835873 0.726042 0.838218 0.728125 0.838804 0.732292 0.838804 0.736458 0.838218 0.740625 0.837046 0.741667 0.836460 0.744792 0.835873 0.747917 0.835287 0.750000 0.832943 0.751042 0.832356 0.752083 0.832356 0.754167 0.831184 0.757292 0.830598 0.761458 0.828253 0.764583 0.827667 0.766667 0.826495 0.772917 0.821805 0.778125 0.819461 0.779167 0.818875 0.779167 0.818288 0.781250 0.817116 0.782292 0.815358 0.787500 0.811841 0.790625 0.807737 0.792708 0.805979 0.803125 0.798359 0.804167 0.796600 0.806250 0.794842 0.819792 0.787222 0.822917 0.783705 0.830208 0.777843 0.835417 0.774326 0.836458 0.773740 0.838542 0.773154 0.839583 0.773154 0.841667 0.772567 0.842708 0.771981 0.848958 0.768464 0.850000 0.767878 0.852083 0.765533 0.853125 0.764947 0.860417 0.761430 0.862500 0.760844 0.864583 0.760844 0.867708 0.759086 0.872917 0.757913 0.875000 0.756741 0.880208 0.753224 0.882292 0.750293 0.885417 0.748535 0.886458 0.746776 0.889583 0.744431 0.894792 0.741501 0.896875 0.740328 0.897917 0.737984 0.904167 0.733880 0.905208 0.732708 0.906250 0.725674 0.906250 0.712778 0.905208 0.708089 0.904167 0.705744 0.903125 0.703986 0.894792 0.699297 0.886458 0.699297 0.884375 0.699883 0.880208 0.701641 0.878125 0.700469 0.877083 0.700469 0.873958 0.698710 0.872917 0.697538 0.872917 0.695780 0.869792 0.692263 0.862500 0.688159 0.843750 0.688159 0.837500 0.688159 0.834375 0.687573 0.830208 0.685229 0.826042 0.684056 0.818750 0.681712 0.816667 0.681125 0.814583 0.680539 0.811458 0.680539 0.809375 0.679953 0.798958 0.676436 0.792708 0.675850 0.784375 0.671161 0.782292 0.670574 0.780208 0.670574 0.776042 0.668816 0.767708 0.668816
4 0.229167 0.548066 0.226042 0.548652 0.220833 0.549824 0.216667 0.552169 0.213542 0.552755 0.211458 0.553927 0.201042 0.559203 0.193750 0.563306 0.191667 0.563892 0.189583 0.563892 0.187500 0.564478 0.184375 0.566237 0.177083 0.568581 0.171875 0.570340 0.169792 0.570926 0.167708 0.571512 0.165625 0.571512 0.163542 0.572098 0.161458 0.572685 0.157292 0.574443 0.151042 0.575615 0.145833 0.578546 0.139583 0.579132 0.137500 0.579719 0.135417 0.580305 0.132292 0.582063 0.130208 0.582649 0.126042 0.583236 0.123958 0.584994 0.119792 0.585580 0.115625 0.586753 0.113542 0.587339 0.107292 0.589683 0.103125 0.590270 0.101042 0.590856 0.092708 0.594373 0.088542 0.594959 0.083333 0.597890 0.080208 0.598476 0.078125 0.599062 0.077083 0.599648 0.077083 0.600234 0.076042 0.600821 0.073958 0.601407 0.071875 0.601407 0.069792 0.601993 0.065625 0.603751 0.061458 0.606096 0.058333 0.606682 0.056250 0.607268 0.055208 0.607855 0.052083 0.610199 0.048958 0.610199 0.040625 0.612544 0.037500 0.614302 0.033333 0.614302 0.030208 0.616647 0.025000 0.617233 0.018750 0.618992 0.014583 0.621336 0.012500 0.621923 0.007292 0.622509 0.002083 0.626026 0.000000 0.626026 0.000000 0.682884 0.003125 0.684056 0.005208 0.684642 0.008333 0.684642 0.020833 0.684642 0.029167 0.683470 0.042708 0.682884 0.060417 0.682884 0.063542 0.681712 0.066667 0.681712 0.069792 0.680539 0.076042 0.680539 0.079167 0.679367 0.082292 0.679953 0.084375 0.680539 0.087500 0.681712 0.094792 0.685815 0.100000 0.688159 0.102083 0.688746 0.105208 0.689332 0.109375 0.689332 0.116667 0.688746 0.119792 0.688159 0.122917 0.687573 0.130208 0.685229 0.133333 0.683470 0.138542 0.682298 0.142708 0.680539 0.146875 0.678781 0.153125 0.675850 0.160417 0.671747 0.169792 0.667644 0.172917 0.666471 0.181250 0.663540 0.186458 0.662368 0.189583 0.660610 0.192708 0.659437 0.194792 0.659437 0.196875 0.658851 0.200000 0.657679 0.204167 0.655334 0.206250 0.654748 0.208333 0.654748 0.212500 0.652403 0.214583 0.651817 0.216667 0.651231 0.223958 0.650059 0.231250 0.647714 0.236458 0.644783 0.239583 0.643611 0.242708 0.643025 0.246875 0.641266 0.253125 0.638335 0.259375 0.635404 0.265625 0.631887 0.265625 0.631301 0.271875 0.628370 0.273958 0.627198 0.273958 0.626612 0.276042 0.625440 0.289583 0.618406 0.291667 0.616647 0.293750 0.614889 0.296875 0.611372 0.302083 0.603165 0.303125 0.601407 0.304167 0.599062 0.304167 0.592028 0.303125 0.590270 0.300000 0.588511 0.300000 0.587925 0.297917 0.586753 0.291667 0.584994 0.286458 0.584408 0.273958 0.580305 0.270833 0.580305 0.266667 0.577960 0.265625 0.576788 0.264583 0.575029 0.263542 0.572098 0.263542 0.567995 0.262500 0.565651 0.259375 0.561547 0.254167 0.556858 0.250000 0.554513 0.248958 0.552755 0.247917 0.551583 0.246875 0.550996 0.242708 0.549238 0.239583 0.548066 0.229167 0.548066
4 0.677083 0.512309 0.673958 0.512896 0.671875 0.513482 0.664583 0.518171 0.661458 0.519930 0.659375 0.520516 0.655208 0.521102 0.645833 0.521688 0.632292 0.521688 0.623958 0.522860 0.618750 0.522274 0.613542 0.523447 0.608333 0.523447 0.606250 0.523447 0.596875 0.522860 0.588542 0.521688 0.580208 0.521102 0.578125 0.521102 0.577083 0.521688 0.575000 0.521688 0.548958 0.520516 0.546875 0.520516 0.540625 0.520516 0.532292 0.521102 0.528125 0.522274 0.523958 0.521688 0.519792 0.522860 0.515625 0.522274 0.501042 0.522860 0.497917 0.524033 0.489583 0.524619 0.473958 0.524619 0.467708 0.525205 0.462500 0.525791 0.454167 0.528136 0.451042 0.528136 0.448958 0.528722 0.446875 0.529308 0.445833 0.529894 0.445833 0.530481 0.443750 0.531653 0.442708 0.532825 0.441667 0.533998 0.440625 0.536342 0.441667 0.542790 0.441667 0.545135 0.440625 0.546893 0.439583 0.548066 0.436458 0.550996 0.423958 0.558030 0.418750 0.559789 0.414583 0.559789 0.409375 0.560961 0.408333 0.562134 0.408333 0.564478 0.409375 0.566237 0.410417 0.567409 0.411458 0.568581 0.419792 0.573271 0.421875 0.573857 0.426042 0.574443 0.428125 0.575029 0.433333 0.576788 0.439583 0.579719 0.445833 0.582063 0.447917 0.582649 0.450000 0.582649 0.456250 0.584994 0.462500 0.586166 0.464583 0.586753 0.466667 0.587925 0.468750 0.588511 0.470833 0.589097 0.476042 0.589683 0.480208 0.591442 0.482292 0.592028 0.485417 0.592614 0.489583 0.593200 0.495833 0.593787 0.503125 0.594373 0.511458 0.594959 0.519792 0.595545 0.536458 0.595545 0.556250 0.597304 0.571875 0.597890 0.580208 0.597890 0.584375 0.597304 0.585417 0.597890 0.589583 0.597304 0.591667 0.597304 0.604167 0.597890 0.620833 0.597304 0.626042 0.596131 0.634375 0.595545 0.639583 0.595545 0.646875 0.596131 0.656250 0.594959 0.679167 0.594959 0.686458 0.594373 0.689583 0.593200 0.693750 0.593200 0.696875 0.592028 0.700000 0.592028 0.705208 0.590270 0.708333 0.589683 0.718750 0.588511 0.725000 0.586753 0.728125 0.586753 0.731250 0.586166 0.733333 0.585580 0.735417 0.584408 0.740625 0.583822 0.744792 0.582063 0.747917 0.580305 0.748958 0.578546 0.748958 0.572685 0.747917 0.566823 0.746875 0.563306 0.744792 0.558030 0.743750 0.556272 0.740625 0.553341 0.740625 0.546893 0.739583 0.543962 0.738542 0.541618 0.737500 0.540445 0.735417 0.538687 0.731250 0.536342 0.728125 0.535170 0.725000 0.535170 0.722917 0.534584 0.720833 0.533411 0.716667 0.532825 0.711458 0.531067 0.706250 0.528136 0.705208 0.526964 0.705208 0.525791 0.704167 0.524619 0.697917 0.519930 0.695833 0.516999 0.692708 0.514068 0.690625 0.512896 0.688542 0.512309 0.677083 0.512309
4 0.889583 0.556272 0.884375 0.556858 0.878125 0.558617 0.873958 0.559203 0.868750 0.559203 0.866667 0.559789 0.864583 0.560961 0.863542 0.562134 0.863542 0.567995 0.866667 0.573271 0.867708 0.576202 0.867708 0.580305 0.869792 0.583822 0.870833 0.587339 0.870833 0.590270 0.869792 0.599062 0.870833 0.602579 0.871875 0.605510 0.872917 0.607855 0.873958 0.609613 0.875000 0.611372 0.879167 0.615475 0.882292 0.619578 0.883333 0.623681 0.887500 0.627784 0.892708 0.630715 0.895833 0.631887 0.897917 0.631887 0.900000 0.632474 0.903125 0.634232 0.909375 0.638335 0.911458 0.638921 0.916667 0.638335 0.917708 0.637163 0.920833 0.631887 0.921875 0.628370 0.921875 0.620750 0.922917 0.617233 0.923958 0.615475 0.925000 0.614302 0.927083 0.613130 0.933333 0.613130 0.936458 0.613716 0.947917 0.616061 0.953125 0.617819 0.958333 0.618406 0.965625 0.620164 0.971875 0.621923 0.976042 0.623681 0.982292 0.625440 0.987500 0.626026 0.989583 0.626612 0.993750 0.628370 0.996875 0.628957 0.998958 0.628957 0.998958 0.564478 0.995833 0.564478 0.994792 0.563892 0.981250 0.563892 0.969792 0.562720 0.957292 0.562720 0.947917 0.562134 0.942708 0.561547 0.931250 0.559203 0.926042 0.558617 0.920833 0.558030 0.912500 0.557444 0.905208 0.557444 0.896875 0.556272 0.889583 0.556272
4 0.430208 0.372216 0.425000 0.373388 0.422917 0.374560 0.419792 0.378664 0.417708 0.380422 0.415625 0.382181 0.404167 0.388628 0.403125 0.390387 0.402083 0.390973 0.401042 0.390973 0.400000 0.391559 0.398958 0.392732 0.398958 0.396835 0.403125 0.400938 0.408333 0.403869 0.411458 0.404455 0.415625 0.406800 0.415625 0.407972 0.418750 0.409730 0.418750 0.410903 0.420833 0.412075 0.425000 0.412075 0.430208 0.412661 0.435417 0.413247 0.438542 0.414420 0.441667 0.415006 0.447917 0.415006 0.453125 0.416178 0.458333 0.416178 0.462500 0.417351 0.467708 0.417351 0.472917 0.418523 0.478125 0.419109 0.485417 0.419695 0.492708 0.420281 0.508333 0.420868 0.537500 0.420868 0.543750 0.420281 0.545833 0.419695 0.547917 0.419109 0.554167 0.415592 0.558333 0.412661 0.560417 0.410903 0.562500 0.407972 0.566667 0.405627 0.568750 0.403869 0.568750 0.402110 0.570833 0.399766 0.573958 0.397421 0.575000 0.396249 0.575000 0.390973 0.573958 0.388628 0.572917 0.386870 0.571875 0.385111 0.568750 0.383353 0.565625 0.382767 0.562500 0.382181 0.523958 0.382181 0.515625 0.382181 0.508333 0.381594 0.501042 0.381008 0.497917 0.379836 0.487500 0.378077 0.482292 0.378077 0.473958 0.376319 0.467708 0.376319 0.461458 0.375147 0.455208 0.375147 0.444792 0.373388 0.434375 0.372802 0.433333 0.372216 0.430208 0.372216
4 0.371875 0.359906 0.367708 0.361079 0.366667 0.362837 0.366667 0.365182 0.364583 0.367526 0.363542 0.369871 0.363542 0.373974 0.364583 0.375147 0.366667 0.375147 0.367708 0.374560 0.369792 0.374560 0.371875 0.375147 0.373958 0.376319 0.375000 0.377491 0.376042 0.384525 0.378125 0.383939 0.380208 0.382767 0.382292 0.381008 0.382292 0.376905 0.387500 0.374560 0.389583 0.373388 0.390625 0.372216 0.390625 0.368113 0.392708 0.365768 0.391667 0.364596 0.388542 0.364009 0.384375 0.362837 0.380208 0.360492 0.376042 0.360492 0.375000 0.359906 0.371875 0.359906
4 0.700000 0.420868 0.697917 0.419695 0.695833 0.419695 0.692708 0.420868 0.688542 0.421454 0.688542 0.422040 0.686458 0.422626 0.684375 0.423798 0.684375 0.425557 0.682292 0.426729 0.681250 0.428488 0.682292 0.431419 0.683333 0.434349 0.685417 0.438453 0.686458 0.439625 0.693750 0.443728 0.694792 0.445487 0.694792 0.453107 0.695833 0.456038 0.697917 0.457796 0.697917 0.460141 0.694792 0.461899 0.693750 0.461899 0.691667 0.463072 0.691667 0.464244 0.689583 0.465416 0.688542 0.466589 0.687500 0.468347 0.686458 0.470106 0.686458 0.474795 0.687500 0.476553 0.688542 0.477726 0.693750 0.482415 0.696875 0.484174 0.700000 0.485346 0.708333 0.487691 0.713542 0.488863 0.716667 0.488863 0.720833 0.490621 0.725000 0.490035 0.731250 0.490621 0.734375 0.491794 0.745833 0.491794 0.751042 0.492966 0.755208 0.493552 0.759375 0.492380 0.764583 0.493552 0.767708 0.492966 0.768750 0.493552 0.770833 0.493552 0.773958 0.492380 0.779167 0.492380 0.783333 0.491794 0.786458 0.490621 0.791667 0.490621 0.794792 0.488863 0.797917 0.488277 0.802083 0.486518 0.803125 0.484760 0.801042 0.483001 0.797917 0.481243 0.793750 0.481829 0.791667 0.480657 0.789583 0.480657 0.786458 0.481829 0.784375 0.480657 0.782292 0.480070 0.779167 0.480657 0.777083 0.479484 0.776042 0.478312 0.776042 0.470106 0.779167 0.468347 0.782292 0.468347 0.785417 0.466589 0.786458 0.465416 0.787500 0.464244 0.787500 0.459555 0.785417 0.456624 0.782292 0.452521 0.781250 0.451348 0.772917 0.446659 0.771875 0.445487 0.770833 0.443728 0.770833 0.440797 0.768750 0.437280 0.767708 0.435522 0.763542 0.432591 0.759375 0.432005 0.755208 0.430246 0.752083 0.428488 0.752083 0.427902 0.747917 0.426143 0.746875 0.424385 0.743750 0.424385 0.740625 0.422626 0.735417 0.422626 0.732292 0.421454 0.729167 0.420868 0.729167 0.420281 0.727083 0.419695 0.723958 0.420868 0.720833 0.419109 0.716667 0.419695 0.711458 0.418523 0.705208 0.418523 0.700000 0.420868
4 0.655208 0.330598 0.650000 0.331184 0.644792 0.331770 0.640625 0.332943 0.639583 0.334115 0.638542 0.336460 0.638542 0.347011 0.639583 0.349355 0.640625 0.351114 0.643750 0.353458 0.646875 0.358734 0.647917 0.362251 0.648958 0.364009 0.652083 0.367526 0.653125 0.369871 0.653125 0.372216 0.654167 0.374560 0.655208 0.375733 0.660417 0.378664 0.662500 0.381008 0.669792 0.385111 0.671875 0.385698 0.679167 0.386284 0.686458 0.386284 0.688542 0.387456 0.690625 0.387456 0.692708 0.386870 0.694792 0.387456 0.695833 0.388628 0.706250 0.388628 0.718750 0.389801 0.727083 0.389801 0.731250 0.388628 0.733333 0.388628 0.738542 0.389215 0.739583 0.388628 0.744792 0.388628 0.746875 0.387456 0.751042 0.388042 0.753125 0.387456 0.755208 0.386284 0.761458 0.385698 0.764583 0.385698 0.765625 0.386284 0.768750 0.386284 0.777083 0.385111 0.782292 0.385698 0.786458 0.384525 0.792708 0.384525 0.796875 0.383939 0.804167 0.382767 0.806250 0.382181 0.808333 0.381008 0.809375 0.381008 0.810417 0.380422 0.811458 0.379250 0.812500 0.377491 0.812500 0.371630 0.811458 0.369285 0.809375 0.366940 0.805208 0.364596 0.803125 0.363423 0.798958 0.362251 0.794792 0.359906 0.792708 0.359320 0.790625 0.358734 0.786458 0.358734 0.782292 0.358148 0.779167 0.356389 0.767708 0.354045 0.760417 0.351700 0.755208 0.348769 0.753125 0.348769 0.751042 0.348183 0.748958 0.347011 0.748958 0.346424 0.746875 0.345252 0.744792 0.344666 0.738542 0.344080 0.732292 0.344080 0.723958 0.342321 0.720833 0.341735 0.716667 0.339390 0.711458 0.339390 0.708333 0.337632 0.705208 0.338218 0.703125 0.337632 0.696875 0.336460 0.694792 0.335873 0.690625 0.334115 0.685417 0.332943 0.677083 0.331184 0.663542 0.330598 0.655208 0.330598
5 0.434375 0.446073 0.434375 0.447245 0.436458 0.447245 0.439583 0.449590 0.442708 0.450176 0.448958 0.454279 0.451042 0.455451 0.452083 0.455451 0.454167 0.456624 0.455208 0.458382 0.459375 0.458968 0.462500 0.460727 0.462500 0.461313 0.465625 0.463072 0.467708 0.463658 0.469792 0.463658 0.473958 0.466002 0.479167 0.466589 0.482292 0.466002 0.480208 0.464830 0.479167 0.464830 0.477083 0.463072 0.473958 0.461899 0.470833 0.461313 0.463542 0.457210 0.457292 0.454279 0.455208 0.454279 0.453125 0.453693 0.451042 0.452521 0.450000 0.450762 0.444792 0.449590 0.442708 0.447831 0.441667 0.447245 0.439583 0.446659 0.436458 0.446073 0.434375 0.446073
5 0.295833 0.333529 0.294792 0.334701 0.294792 0.335873 0.291667 0.337632 0.290625 0.338804 0.289583 0.341149 0.284375 0.344080 0.281250 0.344080 0.276042 0.342321 0.265625 0.342321 0.261458 0.342907 0.258333 0.343494 0.250000 0.345838 0.246875 0.346424 0.240625 0.347011 0.231250 0.346424 0.226042 0.346424 0.216667 0.347597 0.213542 0.347011 0.205208 0.344080 0.202083 0.343494 0.193750 0.342907 0.189583 0.341735 0.182292 0.339390 0.172917 0.337632 0.165625 0.337046 0.163542 0.338218 0.163542 0.342321 0.165625 0.343494 0.167708 0.344080 0.171875 0.344666 0.177083 0.344666 0.180208 0.346424 0.182292 0.347011 0.185417 0.347011 0.187500 0.347597 0.189583 0.348183 0.190625 0.348769 0.191667 0.349941 0.191667 0.354045 0.189583 0.356389 0.187500 0.357562 0.185417 0.358148 0.181250 0.358148 0.179167 0.357562 0.175000 0.355217 0.171875 0.351700 0.168750 0.349941 0.164583 0.349941 0.162500 0.350528 0.160417 0.351114 0.153125 0.355217 0.150000 0.355803 0.147917 0.356975 0.147917 0.363423 0.150000 0.366940 0.150000 0.372802 0.151042 0.373974 0.155208 0.376319 0.157292 0.376905 0.159375 0.376905 0.161458 0.377491 0.165625 0.380422 0.167708 0.381594 0.168750 0.381594 0.170833 0.382767 0.172917 0.385698 0.176042 0.387456 0.177083 0.389215 0.189583 0.396249 0.190625 0.398007 0.191667 0.398593 0.192708 0.398593 0.193750 0.399179 0.194792 0.400352 0.195833 0.402110 0.198958 0.405041 0.202083 0.406800 0.203125 0.408558 0.206250 0.410317 0.211458 0.415006 0.214583 0.417937 0.218750 0.422040 0.221875 0.425557 0.225000 0.430246 0.226042 0.433763 0.228125 0.437280 0.232292 0.442556 0.239583 0.450762 0.252083 0.457796 0.258333 0.457796 0.260417 0.458382 0.263542 0.459555 0.266667 0.461313 0.268750 0.461899 0.270833 0.462485 0.278125 0.463658 0.282292 0.465416 0.288542 0.466002 0.293750 0.466002 0.298958 0.467175 0.307292 0.467761 0.315625 0.468347 0.325000 0.468933 0.327083 0.468933 0.343750 0.468347 0.350000 0.467761 0.352083 0.466589 0.357292 0.466002 0.363542 0.466589 0.371875 0.464244 0.376042 0.464244 0.378125 0.463658 0.380208 0.463072 0.384375 0.460727 0.387500 0.460727 0.389583 0.460141 0.392708 0.458382 0.395833 0.457796 0.396875 0.456038 0.403125 0.452521 0.405208 0.452521 0.407292 0.451934 0.408333 0.451348 0.411458 0.449004 0.411458 0.447831 0.412500 0.446659 0.414583 0.445487 0.416667 0.444900 0.419792 0.444314 0.423958 0.443728 0.428125 0.443728 0.427083 0.442556 0.421875 0.439625 0.419792 0.439039 0.417708 0.438453 0.410417 0.437866 0.407292 0.437866 0.403125 0.440211 0.397917 0.439625 0.395833 0.439625 0.392708 0.437866 0.390625 0.437866 0.388542 0.439039 0.387500 0.437280 0.384375 0.434936 0.384375 0.431419 0.382292 0.427902 0.383333 0.425557 0.385417 0.423212 0.385417 0.419695 0.390625 0.416764 0.394792 0.415592 0.397917 0.413247 0.398958 0.412661 0.401042 0.412075 0.405208 0.411489 0.407292 0.410903 0.407292 0.407972 0.405208 0.406800 0.400000 0.405627 0.395833 0.403283 0.394792 0.402110 0.393750 0.400352 0.393750 0.392145 0.396875 0.389801 0.398958 0.388042 0.408333 0.382767 0.410417 0.382767 0.413542 0.381008 0.414583 0.379836 0.414583 0.378664 0.418750 0.376319 0.419792 0.373974 0.418750 0.371630 0.416667 0.371043 0.407292 0.371043 0.406250 0.372216 0.406250 0.373388 0.404167 0.374560 0.402083 0.374560 0.400000 0.373974 0.396875 0.375147 0.391667 0.375147 0.389583 0.376319 0.389583 0.380422 0.388542 0.381594 0.387500 0.382181 0.384375 0.382767 0.384375 0.383939 0.383333 0.384525 0.383333 0.386870 0.382292 0.388628 0.381250 0.389801 0.376042 0.390387 0.373958 0.391559 0.367708 0.391559 0.364583 0.393318 0.362500 0.393904 0.359375 0.393318 0.358333 0.392145 0.358333 0.390973 0.359375 0.388042 0.358333 0.382767 0.359375 0.374560 0.360417 0.368113 0.362500 0.366354 0.363542 0.363423 0.364583 0.360492 0.364583 0.351114 0.363542 0.349941 0.362500 0.348769 0.360417 0.347011 0.357292 0.345252 0.355208 0.344666 0.352083 0.344080 0.346875 0.343494 0.339583 0.342907 0.336458 0.342907 0.333333 0.344080 0.326042 0.344080 0.321875 0.341735 0.318750 0.341149 0.314583 0.340563 0.312500 0.339977 0.303125 0.334115 0.301042 0.332943 0.298958 0.332356 0.295833 0.333529
5 0.061458 0.320047 0.057292 0.320633 0.055208 0.321219 0.052083 0.322978 0.048958 0.325322 0.044792 0.330012 0.043750 0.331770 0.042708 0.334115 0.041667 0.340563 0.041667 0.341735 0.042708 0.343494 0.044792 0.346424 0.044792 0.351114 0.046875 0.355803 0.046875 0.359320 0.045833 0.361665 0.043750 0.363423 0.041667 0.364596 0.036458 0.366940 0.032292 0.367526 0.030208 0.368699 0.030208 0.369285 0.028125 0.370457 0.026042 0.371043 0.023958 0.371043 0.021875 0.372216 0.019792 0.372802 0.012500 0.374560 0.008333 0.374560 0.003125 0.376319 0.000000 0.376319 0.000000 0.436694 0.003125 0.436694 0.005208 0.436108 0.007292 0.433763 0.008333 0.433177 0.009375 0.433177 0.012500 0.432005 0.016667 0.429660 0.019792 0.429074 0.022917 0.427315 0.025000 0.424971 0.033333 0.420281 0.037500 0.418523 0.042708 0.417351 0.048958 0.413834 0.053125 0.413247 0.055208 0.412661 0.061458 0.410317 0.064583 0.409144 0.068750 0.408558 0.073958 0.408558 0.076042 0.408558 0.079167 0.407386 0.083333 0.407386 0.090625 0.406213 0.093750 0.405627 0.096875 0.405041 0.106250 0.402696 0.112500 0.400938 0.117708 0.399179 0.120833 0.398007 0.123958 0.396249 0.129167 0.391559 0.130208 0.390387 0.131250 0.389215 0.132292 0.387456 0.135417 0.381008 0.136458 0.378664 0.137500 0.376319 0.137500 0.369871 0.139583 0.364596 0.139583 0.354631 0.138542 0.348769 0.137500 0.347011 0.136458 0.345252 0.135417 0.344080 0.133333 0.342907 0.132292 0.342907 0.129167 0.341149 0.126042 0.338804 0.122917 0.334701 0.118750 0.332356 0.114583 0.330598 0.112500 0.330012 0.110417 0.329426 0.100000 0.328253 0.096875 0.327667 0.093750 0.327081 0.088542 0.325322 0.085417 0.325322 0.082292 0.324736 0.080208 0.324150 0.077083 0.322392 0.075000 0.321805 0.065625 0.320047 0.061458 0.320047
