4 0.475000 0.639508 0.469792 0.640094 0.464583 0.641266 0.459375 0.641266 0.456250 0.641852 0.454167 0.642438 0.452083 0.644197 0.450000 0.647714 0.447917 0.648300 0.445833 0.648300 0.442708 0.650059 0.437500 0.650645 0.428125 0.651231 0.426042 0.651231 0.423958 0.650059 0.418750 0.649472 0.410417 0.649472 0.403125 0.647714 0.398958 0.647128 0.390625 0.646542 0.386458 0.645369 0.382292 0.644783 0.373958 0.644197 0.361458 0.644783 0.359375 0.644783 0.358333 0.644197 0.356250 0.644197 0.350000 0.644783 0.344792 0.645369 0.341667 0.647128 0.338542 0.647128 0.333333 0.648886 0.329167 0.649472 0.326042 0.649472 0.321875 0.650059 0.317708 0.652403 0.313542 0.652989 0.311458 0.654162 0.309375 0.654748 0.305208 0.655334 0.301042 0.655334 0.297917 0.655920 0.294792 0.657679 0.291667 0.658265 0.288542 0.659437 0.282292 0.662954 0.281250 0.664127 0.280208 0.667057 0.279167 0.668230 0.277083 0.669402 0.275000 0.669988 0.272917 0.670574 0.269792 0.670574 0.267708 0.671161 0.265625 0.671747 0.260417 0.674091 0.259375 0.674091 0.258333 0.674678 0.251042 0.679367 0.250000 0.681712 0.250000 0.684056 0.248958 0.685815 0.246875 0.686987 0.241667 0.688159 0.239583 0.689332 0.238542 0.692263 0.238542 0.693435 0.239583 0.698710 0.240625 0.701055 0.246875 0.703986 0.247917 0.704572 0.247917 0.705158 0.250000 0.706331 0.251042 0.708089 0.253125 0.708675 0.256250 0.709261 0.259375 0.709848 0.263542 0.710434 0.267708 0.710434 0.278125 0.712778 0.285417 0.712778 0.289583 0.713951 0.294792 0.714537 0.304167 0.715123 0.325000 0.715123 0.328125 0.714537 0.330208 0.713365 0.334375 0.713365 0.337500 0.712192 0.341667 0.712192 0.344792 0.710434 0.346875 0.709848 0.348958 0.709848 0.353125 0.708089 0.357292 0.707503 0.364583 0.707503 0.366667 0.708089 0.372917 0.711606 0.375000 0.714537 0.377083 0.715709 0.378125 0.715709 0.381250 0.717468 0.384375 0.718640 0.387500 0.718640 0.393750 0.720399 0.398958 0.721571 0.403125 0.723329 0.405208 0.723916 0.408333 0.724502 0.414583 0.725088 0.425000 0.725674 0.442708 0.726260 0.451042 0.725674 0.458333 0.725088 0.463542 0.723916 0.466667 0.723329 0.470833 0.720985 0.473958 0.720985 0.481250 0.718640 0.489583 0.713951 0.490625 0.712778 0.490625 0.711606 0.492708 0.710434 0.492708 0.709848 0.494792 0.709261 0.498958 0.706331 0.498958 0.705744 0.502083 0.703986 0.505208 0.703986 0.508333 0.704572 0.513542 0.706331 0.517708 0.703400 0.520833 0.702814 0.521875 0.701055 0.523958 0.698710 0.527083 0.696952 0.529167 0.695193 0.530208 0.694021 0.531250 0.691090 0.532292 0.689918 0.534375 0.688746 0.540625 0.685815 0.541667 0.684056 0.545833 0.681712 0.547917 0.678781 0.552083 0.676436 0.553125 0.674091 0.555208 0.672919 0.558333 0.672333 0.560417 0.671161 0.561458 0.669988 0.562500 0.668816 0.562500 0.667057 0.567708 0.662368 0.568750 0.657679 0.568750 0.652989 0.567708 0.651817 0.564583 0.651231 0.561458 0.650059 0.558333 0.649472 0.554167 0.649472 0.551042 0.648886 0.547917 0.648300 0.541667 0.645369 0.536458 0.643611 0.534375 0.643611 0.532292 0.643025 0.529167 0.641266 0.522917 0.640680 0.514583 0.640094 0.506250 0.639508 0.503125 0.639508 0.483333 0.639508 0.475000 0.639508
4 0.078125 0.602579 0.077083 0.603165 0.068750 0.603751 0.063542 0.604924 0.062500 0.606096 0.061458 0.607855 0.059375 0.609027 0.055208 0.609027 0.050000 0.611958 0.046875 0.615475 0.043750 0.617233 0.040625 0.617233 0.038542 0.617819 0.036458 0.618992 0.032292 0.619578 0.031250 0.620750 0.030208 0.622509 0.023958 0.623681 0.019792 0.623681 0.015625 0.624267 0.012500 0.625440 0.008333 0.625440 0.006250 0.626026 0.003125 0.627198 0.001042 0.628370 0.000000 0.672333 0.003125 0.672333 0.004167 0.672919 0.009375 0.672919 0.012500 0.673505 0.017708 0.675264 0.021875 0.675264 0.026042 0.676436 0.030208 0.676436 0.034375 0.677608 0.044792 0.678195 0.048958 0.679367 0.057292 0.679953 0.064583 0.679953 0.070833 0.680539 0.075000 0.681712 0.082292 0.682298 0.084375 0.682298 0.089583 0.682298 0.091667 0.682298 0.094792 0.681125 0.096875 0.681125 0.098958 0.681712 0.104167 0.680539 0.108333 0.681125 0.114583 0.680539 0.118750 0.679367 0.123958 0.679367 0.129167 0.678781 0.132292 0.678195 0.135417 0.677022 0.139583 0.676436 0.140625 0.674678 0.142708 0.673505 0.146875 0.673505 0.148958 0.672333 0.153125 0.672333 0.155208 0.671161 0.161458 0.667057 0.164583 0.666471 0.172917 0.662368 0.179167 0.662368 0.183333 0.665299 0.185417 0.666471 0.187500 0.667057 0.189583 0.667057 0.192708 0.666471 0.200000 0.662954 0.210417 0.657093 0.212500 0.656506 0.214583 0.656506 0.216667 0.655920 0.226042 0.651231 0.234375 0.646542 0.239583 0.643025 0.240625 0.642438 0.241667 0.642438 0.243750 0.641266 0.247917 0.640680 0.250000 0.640094 0.253125 0.638921 0.260417 0.634818 0.264583 0.631887 0.267708 0.627784 0.270833 0.626026 0.271875 0.624853 0.272917 0.623681 0.272917 0.611372 0.270833 0.610199 0.267708 0.610199 0.263542 0.607855 0.261458 0.607268 0.259375 0.607268 0.257292 0.606096 0.255208 0.605510 0.251042 0.605510 0.247917 0.606682 0.236458 0.606682 0.234375 0.607855 0.232292 0.608441 0.214583 0.609027 0.208333 0.608441 0.188542 0.609613 0.180208 0.609613 0.169792 0.606096 0.167708 0.605510 0.161458 0.604924 0.156250 0.604924 0.152083 0.603751 0.148958 0.603751 0.147917 0.604338 0.144792 0.604338 0.141667 0.602579 0.126042 0.602579 0.117708 0.603165 0.111458 0.602579 0.109375 0.602579 0.106250 0.603751 0.100000 0.604338 0.097917 0.604338 0.088542 0.603165 0.086458 0.603165 0.085417 0.603751 0.083333 0.603751 0.080208 0.602579 0.078125 0.602579
4 0.252083 0.589683 0.252083 0.592028 0.255208 0.591442 0.254167 0.589683 0.252083 0.589683
4 0.567708 0.547479 0.564583 0.548066 0.560417 0.550410 0.557292 0.550410 0.545833 0.552755 0.543750 0.553341 0.541667 0.554513 0.539583 0.554513 0.536458 0.556272 0.534375 0.556858 0.532292 0.556858 0.530208 0.558030 0.528125 0.558617 0.513542 0.562134 0.502083 0.562134 0.493750 0.562720 0.488542 0.563892 0.483333 0.563892 0.478125 0.564478 0.473958 0.566237 0.472917 0.566823 0.471875 0.567995 0.470833 0.569168 0.469792 0.571512 0.467708 0.573271 0.464583 0.575029 0.463542 0.576202 0.462500 0.577960 0.462500 0.579719 0.464583 0.582063 0.466667 0.583236 0.468750 0.583822 0.471875 0.584408 0.476042 0.584408 0.480208 0.584994 0.483333 0.586166 0.490625 0.587339 0.494792 0.587925 0.498958 0.587925 0.503125 0.588511 0.509375 0.590270 0.518750 0.590856 0.523958 0.592614 0.527083 0.593200 0.538542 0.593787 0.547917 0.594959 0.558333 0.597304 0.562500 0.597890 0.567708 0.597890 0.571875 0.598476 0.576042 0.599648 0.580208 0.600234 0.590625 0.600821 0.592708 0.600821 0.598958 0.600821 0.610417 0.600234 0.611458 0.599648 0.614583 0.599648 0.615625 0.598476 0.615625 0.595545 0.614583 0.594373 0.611458 0.592614 0.610417 0.591442 0.609375 0.589683 0.608333 0.586753 0.608333 0.582063 0.607292 0.577960 0.606250 0.574443 0.605208 0.571512 0.603125 0.566823 0.602083 0.564478 0.598958 0.559789 0.596875 0.558617 0.595833 0.557444 0.594792 0.555686 0.594792 0.552755 0.592708 0.548652 0.591667 0.547479 0.578125 0.547479 0.572917 0.546893 0.567708 0.547479
4 0.416667 0.536342 0.411458 0.536928 0.409375 0.538101 0.407292 0.538687 0.405208 0.538687 0.403125 0.538101 0.391667 0.538687 0.382292 0.539859 0.378125 0.539859 0.377083 0.539273 0.371875 0.539273 0.364583 0.538687 0.360417 0.537515 0.357292 0.538687 0.352083 0.538687 0.319792 0.538101 0.313542 0.538687 0.310417 0.539859 0.306250 0.540445 0.301042 0.541032 0.292708 0.541032 0.290625 0.541032 0.285417 0.542790 0.282292 0.543376 0.279167 0.545721 0.272917 0.545721 0.269792 0.546307 0.263542 0.548066 0.260417 0.549824 0.256250 0.550410 0.253125 0.551583 0.248958 0.553927 0.246875 0.554513 0.243750 0.555100 0.237500 0.555686 0.233333 0.556272 0.231250 0.556858 0.228125 0.558030 0.226042 0.559203 0.226042 0.559789 0.222917 0.560375 0.215625 0.562720 0.211458 0.562720 0.209375 0.563306 0.205208 0.565064 0.202083 0.566823 0.202083 0.567409 0.198958 0.569168 0.193750 0.570340 0.187500 0.573857 0.186458 0.575029 0.186458 0.576202 0.189583 0.577960 0.192708 0.578546 0.196875 0.578546 0.201042 0.579719 0.208333 0.579132 0.213542 0.579719 0.216667 0.580891 0.222917 0.581477 0.229167 0.581477 0.233333 0.582649 0.238542 0.583236 0.244792 0.583236 0.247917 0.583822 0.252083 0.586166 0.254167 0.586753 0.259375 0.586166 0.263542 0.586753 0.272917 0.586166 0.279167 0.587339 0.283333 0.586753 0.292708 0.589097 0.294792 0.589097 0.297917 0.587339 0.307292 0.587339 0.318750 0.588511 0.326042 0.588511 0.330208 0.586753 0.336458 0.586166 0.342708 0.586166 0.352083 0.586753 0.360417 0.586166 0.365625 0.584408 0.368750 0.584408 0.372917 0.582649 0.375000 0.579719 0.377083 0.578546 0.383333 0.577960 0.385417 0.577960 0.386458 0.578546 0.388542 0.578546 0.392708 0.576202 0.393750 0.575029 0.394792 0.572098 0.398958 0.567409 0.404167 0.563892 0.407292 0.562134 0.409375 0.561547 0.412500 0.560961 0.422917 0.560961 0.427083 0.560375 0.430208 0.559203 0.433333 0.558030 0.435417 0.556858 0.436458 0.555686 0.436458 0.546307 0.435417 0.543376 0.434375 0.541032 0.433333 0.539859 0.432292 0.538687 0.428125 0.538101 0.422917 0.536342 0.416667 0.536342
4 0.066667 0.531067 0.056250 0.531653 0.051042 0.532239 0.046875 0.532825 0.043750 0.533411 0.040625 0.534584 0.037500 0.534584 0.032292 0.535756 0.028125 0.538101 0.025000 0.538687 0.022917 0.539859 0.021875 0.541618 0.020833 0.542204 0.018750 0.542790 0.012500 0.542790 0.009375 0.543376 0.006250 0.545135 0.004167 0.545721 0.000000 0.546307 0.000000 0.580891 0.003125 0.582063 0.006250 0.582649 0.012500 0.582063 0.017708 0.583236 0.028125 0.582649 0.030208 0.581477 0.030208 0.580891 0.033333 0.579132 0.037500 0.579132 0.039583 0.580305 0.046875 0.580305 0.050000 0.579719 0.053125 0.578546 0.056250 0.577960 0.060417 0.577960 0.063542 0.576788 0.070833 0.576202 0.072917 0.575615 0.075000 0.575029 0.081250 0.572098 0.083333 0.571512 0.089583 0.570926 0.096875 0.571512 0.100000 0.573857 0.103125 0.575029 0.106250 0.575029 0.110417 0.574443 0.113542 0.573271 0.120833 0.569754 0.122917 0.568581 0.123958 0.567409 0.123958 0.566237 0.125000 0.565064 0.127083 0.563892 0.131250 0.562720 0.139583 0.560375 0.142708 0.559789 0.146875 0.559203 0.150000 0.559789 0.152083 0.558617 0.154167 0.558617 0.155208 0.559789 0.157292 0.560375 0.158333 0.559203 0.159375 0.558617 0.159375 0.556858 0.160417 0.555686 0.162500 0.554513 0.165625 0.553341 0.168750 0.553341 0.171875 0.551583 0.171875 0.550410 0.173958 0.548652 0.180208 0.545135 0.178125 0.543962 0.173958 0.543962 0.171875 0.543376 0.168750 0.541618 0.166667 0.541032 0.162500 0.541032 0.158333 0.539273 0.155208 0.541032 0.152083 0.541032 0.151042 0.540445 0.148958 0.540445 0.145833 0.542204 0.136458 0.536928 0.134375 0.536928 0.130208 0.534584 0.127083 0.535170 0.123958 0.536342 0.117708 0.536342 0.115625 0.535170 0.110417 0.535170 0.107292 0.533411 0.102083 0.533411 0.100000 0.532825 0.096875 0.532825 0.095833 0.533411 0.093750 0.533411 0.089583 0.532239 0.079167 0.532239 0.076042 0.531067 0.066667 0.531067
4 0.344792 0.526964 0.345833 0.529308 0.346875 0.529308 0.348958 0.529894 0.351042 0.529308 0.350000 0.526964 0.347917 0.526964 0.344792 0.526964
4 0.348958 0.491208 0.359375 0.491794 0.363542 0.492380 0.366667 0.492966 0.368750 0.493552 0.370833 0.494138 0.376042 0.496483 0.378125 0.497069 0.381250 0.497069 0.383333 0.498828 0.385417 0.499414 0.396875 0.500000 0.397917 0.501172 0.398958 0.502931 0.402083 0.504689 0.403125 0.505862 0.402083 0.509379 0.401042 0.512309 0.396875 0.516413 0.395833 0.518757 0.395833 0.521102 0.391667 0.522274 0.388542 0.522860 0.384375 0.522860 0.380208 0.524033 0.377083 0.523447 0.370833 0.524033 0.362500 0.522860 0.360417 0.522860 0.357292 0.524619 0.355208 0.524619 0.347917 0.524033 0.345833 0.525205 0.341667 0.523447 0.339583 0.522860 0.332292 0.522274 0.325000 0.522274 0.322917 0.521102 0.320833 0.520516 0.316667 0.520516 0.312500 0.521102 0.311458 0.521688 0.309375 0.521688 0.304167 0.521102 0.300000 0.522274 0.297917 0.522274 0.294792 0.519930 0.282292 0.520516 0.279167 0.518171 0.276042 0.518171 0.273958 0.518757 0.271875 0.519343 0.268750 0.521102 0.268750 0.524033 0.267708 0.524619 0.267708 0.525791 0.265625 0.525791 0.263542 0.524619 0.264583 0.521688 0.262500 0.520516 0.260417 0.521688 0.261458 0.523447 0.263542 0.524619 0.265625 0.525791 0.262500 0.527550 0.262500 0.530481 0.255208 0.530481 0.255208 0.527550 0.257292 0.525791 0.257292 0.522274 0.255208 0.521102 0.252083 0.521102 0.250000 0.522274 0.247917 0.522860 0.241667 0.521688 0.236458 0.521688 0.232292 0.524033 0.231250 0.525205 0.231250 0.526377 0.231250 0.529894 0.229167 0.528722 0.229167 0.527550 0.231250 0.525791 0.230208 0.524619 0.228125 0.524033 0.225000 0.521688 0.223958 0.520516 0.222917 0.519343 0.221875 0.516999 0.221875 0.512896 0.227083 0.509965 0.229167 0.508792 0.233333 0.508206 0.239583 0.508206 0.242708 0.507034 0.246875 0.507034 0.253125 0.504103 0.256250 0.502345 0.258333 0.500000 0.263542 0.498828 0.264583 0.498242 0.264583 0.497655 0.266667 0.496483 0.271875 0.495897 0.275000 0.494138 0.279167 0.494138 0.281250 0.492966 0.287500 0.492380 0.326042 0.492380 0.344792 0.491208 0.348958 0.491208
5 0.291667 0.814185 0.298958 0.814771 0.301042 0.816530 0.307292 0.818288 0.318750 0.820633 0.322917 0.820633 0.325000 0.821805 0.329167 0.821805 0.332292 0.823564 0.334375 0.823564 0.339583 0.823564 0.341667 0.823564 0.344792 0.821805 0.348958 0.822978 0.353125 0.821219 0.363542 0.821805 0.365625 0.821805 0.366667 0.821219 0.369792 0.821219 0.376042 0.825322 0.380208 0.825909 0.381250 0.828253 0.384375 0.829426 0.385417 0.830598 0.386458 0.832356 0.389583 0.833529 0.392708 0.836460 0.392708 0.838804 0.390625 0.840563 0.391667 0.844080 0.391667 0.845838 0.389583 0.847011 0.388542 0.849941 0.385417 0.852872 0.385417 0.854631 0.386458 0.855803 0.390625 0.858148 0.391667 0.859320 0.391667 0.861079 0.392708 0.862837 0.394792 0.864009 0.395833 0.864009 0.401042 0.866940 0.402083 0.867526 0.402083 0.868113 0.404167 0.869285 0.406250 0.868113 0.408333 0.868113 0.409375 0.868699 0.412500 0.868113 0.414583 0.866354 0.426042 0.866354 0.433333 0.865182 0.435417 0.864596 0.436458 0.864009 0.436458 0.863423 0.438542 0.862251 0.442708 0.862251 0.447917 0.859320 0.450000 0.859320 0.455208 0.856389 0.458333 0.855803 0.460417 0.854631 0.461458 0.852872 0.462500 0.852286 0.468750 0.850528 0.478125 0.845252 0.480208 0.845252 0.482292 0.844666 0.483333 0.844080 0.485417 0.842907 0.487500 0.841735 0.490625 0.838218 0.492708 0.833529 0.493750 0.831770 0.497917 0.828839 0.498958 0.827667 0.500000 0.825322 0.501042 0.824150 0.504167 0.823564 0.509375 0.820633 0.518750 0.820633 0.523958 0.821219 0.526042 0.821805 0.531250 0.824150 0.535417 0.826495 0.536458 0.828839 0.536458 0.830598 0.537500 0.832356 0.538542 0.833529 0.540625 0.834701 0.542708 0.835287 0.544792 0.835287 0.548958 0.834115 0.555208 0.834115 0.557292 0.834701 0.558333 0.835287 0.558333 0.835873 0.560417 0.837046 0.561458 0.838804 0.562500 0.841735 0.563542 0.843494 0.565625 0.845252 0.567708 0.846424 0.570833 0.845252 0.575000 0.847011 0.579167 0.845252 0.581250 0.845838 0.581250 0.846424 0.583333 0.847597 0.585417 0.847597 0.586458 0.845838 0.588542 0.845838 0.587500 0.847011 0.585417 0.847597 0.585417 0.849355 0.587500 0.850528 0.589583 0.848769 0.591667 0.848183 0.592708 0.847597 0.593750 0.845838 0.597917 0.846424 0.600000 0.846424 0.602083 0.845252 0.606250 0.847011 0.608333 0.847011 0.614583 0.848183 0.622917 0.852872 0.628125 0.853458 0.632292 0.856389 0.636458 0.860492 0.640625 0.865182 0.642708 0.868113 0.642708 0.870457 0.601042 0.876905 0.598958 0.875733 0.598958 0.878077 0.601042 0.876905 0.642708 0.870457 0.645833 0.872802 0.645833 0.878077 0.646875 0.883353 0.650000 0.887456 0.653125 0.889215 0.654167 0.890387 0.656250 0.893318 0.656250 0.895076 0.657292 0.896249 0.661458 0.898593 0.662500 0.900352 0.663542 0.903283 0.664583 0.907386 0.665625 0.915006 0.666667 0.922626 0.666667 0.924385 0.665625 0.938453 0.663542 0.943728 0.660417 0.947245 0.660417 0.948417 0.661458 0.951348 0.659375 0.953693 0.658333 0.960727 0.659375 0.964830 0.659375 0.967175 0.657292 0.976553 0.657292 0.978898 0.658333 0.986518 0.656250 0.992380 0.482292 0.984760 0.503125 0.977726 0.505208 0.979484 0.507292 0.978312 0.505208 0.976553 0.505208 0.972450 0.507292 0.971278 0.507292 0.970106 0.504167 0.969519 0.503125 0.971278 0.505208 0.972450 0.505208 0.976553 0.503125 0.977726 0.482292 0.984760 0.480208 0.985932 0.477083 0.985932 0.473958 0.984174 0.475000 0.971864 0.473958 0.969519 0.471875 0.970692 0.475000 0.971864 0.473958 0.984174 0.471875 0.984760 0.470833 0.986518 0.468750 0.988277 0.468750 0.990621 0.471875 0.992380 0.471875 0.994138 0.473958 0.995311 0.476042 0.994138 0.476042 0.991794 0.472917 0.991208 0.472917 0.989449 0.475000 0.988863 0.475000 0.990035 0.477083 0.991208 0.479167 0.991208 0.480208 0.989449 0.477083 0.987691 0.477083 0.985932 0.480208 0.985932 0.480208 0.987104 0.482292 0.984760 0.656250 0.992380 0.656250 0.999414 0.000000 0.999414 0.000000 0.879250 0.002083 0.879250 0.003125 0.878664 0.006250 0.878664 0.007292 0.878077 0.009375 0.878077 0.014583 0.878664 0.016667 0.877491 0.020833 0.877491 0.021875 0.875147 0.020833 0.873388 0.019792 0.872216 0.015625 0.869871 0.014583 0.868113 0.013542 0.866354 0.013542 0.864596 0.017708 0.862251 0.022917 0.860492 0.028125 0.860492 0.036458 0.858734 0.040625 0.856975 0.042708 0.856389 0.052083 0.856389 0.055208 0.857562 0.059375 0.858148 0.061458 0.857562 0.063542 0.857562 0.066667 0.856389 0.069792 0.855217 0.080208 0.849355 0.084375 0.849355 0.087500 0.850528 0.090625 0.850528 0.095833 0.851700 0.097917 0.852872 0.100000 0.853458 0.105208 0.854631 0.110417 0.854631 0.114583 0.855803 0.125000 0.855217 0.132292 0.855217 0.136458 0.855803 0.138542 0.856389 0.141667 0.858148 0.150000 0.859906 0.153125 0.861665 0.155208 0.861665 0.161458 0.861665 0.165625 0.860492 0.170833 0.860492 0.175000 0.859906 0.180208 0.858148 0.183333 0.858148 0.185417 0.857562 0.188542 0.855803 0.192708 0.855803 0.196875 0.854045 0.200000 0.854045 0.204167 0.851700 0.208333 0.851700 0.213542 0.849941 0.216667 0.848183 0.218750 0.845252 0.220833 0.844666 0.223958 0.844666 0.226042 0.843494 0.229167 0.842907 0.231250 0.842907 0.234375 0.842321 0.236458 0.841149 0.237500 0.839977 0.237500 0.838804 0.240625 0.837046 0.240625 0.835873 0.244792 0.833529 0.244792 0.832356 0.243750 0.831770 0.243750 0.830012 0.246875 0.829426 0.248958 0.828253 0.251042 0.825909 0.251042 0.822978 0.252083 0.821805 0.255208 0.822392 0.257292 0.821219 0.258333 0.820047 0.260417 0.819461 0.262500 0.818875 0.270833 0.817116 0.273958 0.817116 0.279167 0.815944 0.281250 0.814771 0.284375 0.814771 0.285417 0.815358 0.287500 0.815358 0.291667 0.814185
5 0.127083 0.710434 0.126042 0.714537 0.127083 0.715709 0.129167 0.716882 0.135417 0.716882 0.135417 0.715709 0.132292 0.713951 0.131250 0.712192 0.129167 0.711020 0.127083 0.710434
5 0.044792 0.705744 0.045833 0.706917 0.046875 0.708675 0.046875 0.710434 0.047917 0.711606 0.050000 0.712778 0.052083 0.716882 0.053125 0.718054 0.057292 0.720399 0.059375 0.723329 0.060417 0.727433 0.060417 0.731536 0.061458 0.733880 0.064583 0.736225 0.064583 0.737984 0.066667 0.739742 0.066667 0.743259 0.067708 0.746190 0.068750 0.749121 0.069792 0.750293 0.071875 0.751465 0.075000 0.756155 0.073958 0.759672 0.075000 0.768464 0.077083 0.777257 0.077083 0.781360 0.076042 0.788394 0.073958 0.790152 0.073958 0.791911 0.072917 0.793083 0.070833 0.793669 0.064583 0.793083 0.062500 0.793669 0.061458 0.794256 0.061458 0.794842 0.057292 0.795428 0.053125 0.797773 0.050000 0.798945 0.047917 0.799531 0.042708 0.798945 0.040625 0.799531 0.038542 0.800703 0.037500 0.803634 0.031250 0.804220 0.029167 0.804807 0.026042 0.804220 0.023958 0.805979 0.019792 0.808324 0.013542 0.807737 0.007292 0.811254 0.005208 0.811841 0.002083 0.810082 0.000000 0.808910 0.000000 0.796600 0.002083 0.795428 0.002083 0.792497 0.000000 0.791911 0.000000 0.789566 0.002083 0.788394 0.008333 0.787222 0.010417 0.783705 0.008333 0.784877 0.008333 0.787222 0.002083 0.788394 0.002083 0.777257 0.000000 0.776671 0.001042 0.765533 0.001042 0.760258 0.000000 0.718054 0.002083 0.718054 0.006250 0.715709 0.008333 0.715123 0.012500 0.714537 0.017708 0.711606 0.018750 0.711606 0.020833 0.710434 0.027083 0.711020 0.030208 0.709848 0.033333 0.707503 0.037500 0.706331 0.042708 0.705744 0.044792 0.705744
