5 0.840625 0.740328 0.838542 0.740914 0.838542 0.744431 0.837500 0.745018 0.837500 0.747948 0.841667 0.747948 0.843750 0.747362 0.843750 0.743845 0.842708 0.742087 0.841667 0.741501 0.840625 0.740328
5 0.892708 0.738570 0.891667 0.740914 0.892708 0.747948 0.895833 0.746776 0.897917 0.748535 0.901042 0.748535 0.902083 0.747362 0.904167 0.744431 0.902083 0.743259 0.900000 0.743259 0.894792 0.740914 0.892708 0.738570
5 0.860417 0.738570 0.859375 0.739742 0.859375 0.740914 0.856250 0.742673 0.853125 0.743259 0.852083 0.744431 0.852083 0.747362 0.853125 0.749121 0.855208 0.746776 0.858333 0.746776 0.861458 0.748535 0.865625 0.747948 0.866667 0.748535 0.869792 0.748535 0.871875 0.747362 0.872917 0.744431 0.872917 0.743259 0.871875 0.742673 0.871875 0.741501 0.868750 0.739742 0.865625 0.740914 0.863542 0.739742 0.862500 0.737984 0.860417 0.738570
5 0.371875 0.686987 0.371875 0.689332 0.373958 0.689332 0.371875 0.686987
5 0.613542 0.634818 0.611458 0.635404 0.609375 0.635991 0.604167 0.638335 0.598958 0.639508 0.591667 0.638921 0.587500 0.638921 0.580208 0.639508 0.577083 0.641266 0.573958 0.641852 0.571875 0.643611 0.569792 0.646542 0.567708 0.647714 0.564583 0.648300 0.561458 0.650059 0.561458 0.651817 0.559375 0.654162 0.554167 0.654162 0.548958 0.654748 0.543750 0.655334 0.539583 0.655920 0.536458 0.656506 0.534375 0.657679 0.533333 0.657679 0.532292 0.658265 0.531250 0.659437 0.531250 0.661196 0.530208 0.662954 0.527083 0.664713 0.525000 0.665299 0.520833 0.665885 0.518750 0.666471 0.516667 0.667644 0.510417 0.669402 0.507292 0.669988 0.496875 0.669402 0.492708 0.669988 0.489583 0.671161 0.485417 0.671161 0.482292 0.672333 0.480208 0.673505 0.477083 0.677608 0.471875 0.680539 0.467708 0.681712 0.466667 0.682884 0.466667 0.684056 0.462500 0.686401 0.459375 0.687573 0.457292 0.687573 0.455208 0.688159 0.454167 0.689332 0.454167 0.692849 0.452083 0.696366 0.452083 0.699883 0.451042 0.701641 0.445833 0.704572 0.444792 0.705744 0.444792 0.709848 0.441667 0.712778 0.441667 0.714537 0.442708 0.720985 0.445833 0.724502 0.446875 0.731536 0.447917 0.732708 0.450000 0.733880 0.450000 0.734467 0.451042 0.735053 0.454167 0.735639 0.456250 0.736811 0.456250 0.737984 0.457292 0.739156 0.461458 0.743259 0.465625 0.746776 0.469792 0.749121 0.471875 0.749707 0.473958 0.750293 0.477083 0.750293 0.480208 0.750879 0.482292 0.751465 0.483333 0.752052 0.484375 0.753224 0.484375 0.754982 0.485417 0.756155 0.486458 0.756741 0.494792 0.760844 0.497917 0.763775 0.505208 0.767878 0.507292 0.767878 0.509375 0.768464 0.510417 0.769050 0.516667 0.773154 0.520833 0.774912 0.533333 0.779601 0.535417 0.780188 0.545833 0.781946 0.555208 0.784291 0.563542 0.787222 0.570833 0.788394 0.572917 0.788980 0.581250 0.792497 0.585417 0.793669 0.591667 0.795428 0.596875 0.796014 0.606250 0.797186 0.612500 0.797186 0.615625 0.798359 0.618750 0.798359 0.637500 0.802462 0.641667 0.803048 0.650000 0.803634 0.658333 0.804807 0.665625 0.805979 0.671875 0.807737 0.686458 0.809496 0.689583 0.810668 0.694792 0.811254 0.700000 0.811841 0.702083 0.811841 0.707292 0.811254 0.714583 0.812427 0.722917 0.812427 0.732292 0.813599 0.737500 0.813013 0.738542 0.813599 0.743750 0.813013 0.747917 0.814185 0.760417 0.814185 0.762500 0.815358 0.764583 0.815358 0.768750 0.814771 0.775000 0.815944 0.779167 0.815944 0.782292 0.814771 0.785417 0.814771 0.792708 0.815944 0.814583 0.815358 0.822917 0.816530 0.831250 0.815358 0.833333 0.815358 0.842708 0.815944 0.857292 0.815358 0.860417 0.814185 0.868750 0.813599 0.876042 0.813599 0.878125 0.813599 0.884375 0.813599 0.889583 0.814185 0.896875 0.813599 0.904167 0.813013 0.907292 0.811841 0.928125 0.811841 0.935417 0.811254 0.942708 0.810082 0.945833 0.808910 0.950000 0.808324 0.954167 0.807737 0.962500 0.807151 0.966667 0.806565 0.969792 0.804807 0.973958 0.804807 0.976042 0.803634 0.979167 0.803048 0.982292 0.802462 0.988542 0.801876 0.994792 0.800117 0.998958 0.800117 0.998958 0.662368 0.993750 0.660023 0.989583 0.658265 0.986458 0.658265 0.981250 0.656506 0.978125 0.656506 0.975000 0.655334 0.971875 0.654748 0.964583 0.654162 0.961458 0.654162 0.952083 0.654748 0.947917 0.653576 0.945833 0.653576 0.940625 0.654162 0.938542 0.654162 0.934375 0.652403 0.927083 0.652989 0.923958 0.652403 0.920833 0.651231 0.916667 0.651231 0.912500 0.650059 0.907292 0.650059 0.904167 0.648886 0.901042 0.648300 0.895833 0.648300 0.891667 0.647128 0.880208 0.646542 0.871875 0.644197 0.868750 0.644197 0.863542 0.642438 0.859375 0.643025 0.857292 0.641852 0.851042 0.641852 0.844792 0.641266 0.841667 0.640094 0.837500 0.639508 0.827083 0.640094 0.823958 0.640094 0.822917 0.639508 0.820833 0.639508 0.813542 0.640094 0.810417 0.639508 0.808333 0.638335 0.806250 0.637749 0.803125 0.639508 0.801042 0.639508 0.798958 0.640094 0.797917 0.643025 0.796875 0.641852 0.793750 0.641266 0.794792 0.643611 0.796875 0.644197 0.796875 0.645369 0.797917 0.646542 0.801042 0.647128 0.803125 0.648300 0.808333 0.649472 0.809375 0.650645 0.810417 0.653576 0.813542 0.652403 0.817708 0.654748 0.819792 0.655334 0.826042 0.655920 0.830208 0.654748 0.833333 0.655920 0.840625 0.656506 0.842708 0.656506 0.843750 0.655920 0.845833 0.655920 0.847917 0.657093 0.853125 0.656506 0.855208 0.657093 0.859375 0.659437 0.859375 0.660610 0.860417 0.661782 0.861458 0.662368 0.862500 0.662368 0.864583 0.663540 0.869792 0.663540 0.871875 0.664713 0.877083 0.664713 0.880208 0.666471 0.881250 0.668230 0.883333 0.668230 0.885417 0.669402 0.885417 0.669988 0.888542 0.671161 0.893750 0.669988 0.893750 0.670574 0.894792 0.671161 0.896875 0.671747 0.901042 0.671747 0.903125 0.672919 0.907292 0.672919 0.909375 0.674091 0.910417 0.677022 0.912500 0.678195 0.914583 0.678195 0.916667 0.678781 0.918750 0.679953 0.920833 0.679953 0.922917 0.679367 0.925000 0.679953 0.931250 0.683470 0.932292 0.685229 0.935417 0.686987 0.938542 0.686987 0.942708 0.689918 0.944792 0.690504 0.947917 0.689918 0.945833 0.691676 0.946875 0.693435 0.952083 0.695780 0.955208 0.696366 0.956250 0.696952 0.957292 0.698124 0.957292 0.699883 0.958333 0.701055 0.959375 0.702227 0.963542 0.704572 0.964583 0.705744 0.964583 0.710434 0.965625 0.715123 0.966667 0.716295 0.971875 0.719226 0.972917 0.720399 0.973958 0.722743 0.973958 0.729777 0.975000 0.731536 0.976042 0.732708 0.973958 0.740914 0.969792 0.741501 0.966667 0.743259 0.966667 0.743845 0.963542 0.745604 0.961458 0.745604 0.958333 0.747362 0.956250 0.747362 0.946875 0.746190 0.943750 0.747362 0.940625 0.747362 0.937500 0.746776 0.935417 0.745604 0.934375 0.744431 0.932292 0.745604 0.929167 0.745604 0.926042 0.744431 0.923958 0.745018 0.921875 0.746190 0.920833 0.747362 0.920833 0.750293 0.918750 0.752052 0.918750 0.754396 0.916667 0.755569 0.916667 0.759672 0.914583 0.760844 0.912500 0.760844 0.910417 0.762016 0.908333 0.761430 0.907292 0.762603 0.907292 0.764361 0.906250 0.765533 0.903125 0.767292 0.897917 0.766706 0.896875 0.765533 0.885417 0.766120 0.884375 0.767878 0.881250 0.770809 0.879167 0.771981 0.877083 0.772567 0.875000 0.773154 0.871875 0.773154 0.868750 0.773740 0.863542 0.776084 0.861458 0.776671 0.859375 0.776671 0.858333 0.776084 0.856250 0.776084 0.854167 0.776671 0.852083 0.777257 0.848958 0.779015 0.843750 0.779015 0.840625 0.780188 0.837500 0.779015 0.834375 0.780774 0.825000 0.780774 0.821875 0.781946 0.813542 0.781360 0.811458 0.780774 0.809375 0.780188 0.806250 0.778429 0.805208 0.779601 0.803125 0.780774 0.783333 0.781360 0.777083 0.780188 0.775000 0.780188 0.771875 0.780774 0.768750 0.781360 0.766667 0.782532 0.763542 0.782532 0.759375 0.784877 0.757292 0.784291 0.755208 0.783118 0.751042 0.784877 0.748958 0.786635 0.748958 0.787222 0.746875 0.787808 0.744792 0.787222 0.739583 0.785463 0.735417 0.785463 0.733333 0.784291 0.732292 0.782532 0.728125 0.783118 0.725000 0.781946 0.719792 0.781946 0.717708 0.781360 0.714583 0.779601 0.712500 0.779015 0.703125 0.779015 0.700000 0.777257 0.696875 0.777257 0.694792 0.775498 0.684375 0.774326 0.679167 0.774912 0.678125 0.774326 0.672917 0.774912 0.664583 0.774326 0.659375 0.773740 0.656250 0.773154 0.644792 0.769050 0.642708 0.769050 0.640625 0.767878 0.638542 0.764361 0.635417 0.763775 0.632292 0.762016 0.630208 0.759086 0.625000 0.758499 0.621875 0.756155 0.616667 0.754396 0.614583 0.753810 0.609375 0.753810 0.606250 0.752638 0.601042 0.753224 0.600000 0.752638 0.595833 0.753224 0.591667 0.750293 0.585417 0.747362 0.584375 0.743259 0.582292 0.742087 0.581250 0.742087 0.579167 0.740914 0.578125 0.739742 0.577083 0.737397 0.575000 0.732122 0.575000 0.728019 0.572917 0.728605 0.571875 0.722743 0.569792 0.717468 0.569792 0.711606 0.568750 0.705744 0.565625 0.701641 0.565625 0.696952 0.567708 0.695193 0.568750 0.692849 0.568750 0.689332 0.569792 0.688159 0.573958 0.686401 0.575000 0.685815 0.576042 0.684642 0.576042 0.682298 0.577083 0.680539 0.580208 0.678781 0.587500 0.677022 0.589583 0.675850 0.591667 0.674678 0.591667 0.673505 0.593750 0.672333 0.595833 0.671747 0.601042 0.671747 0.605208 0.671161 0.607292 0.670574 0.608333 0.669402 0.609375 0.667057 0.610417 0.664713 0.613542 0.664713 0.618750 0.662954 0.622917 0.662368 0.623958 0.660610 0.623958 0.657679 0.627083 0.655920 0.630208 0.655334 0.633333 0.653576 0.633333 0.652403 0.635417 0.651231 0.638542 0.651231 0.643750 0.648886 0.648958 0.647128 0.654167 0.646542 0.655208 0.644783 0.655208 0.642438 0.654167 0.641266 0.652083 0.641266 0.651042 0.641852 0.648958 0.641852 0.641667 0.641266 0.638542 0.640094 0.635417 0.640094 0.627083 0.637749 0.622917 0.635404 0.616667 0.634818 0.613542 0.634818
5 0.761458 0.634818 0.759375 0.637163 0.759375 0.638335 0.762500 0.640094 0.763542 0.641266 0.764583 0.645369 0.765625 0.647128 0.766667 0.648300 0.767708 0.648886 0.770833 0.650059 0.772917 0.648886 0.775000 0.648300 0.779167 0.648886 0.780208 0.647714 0.781250 0.646542 0.781250 0.641266 0.783333 0.640094 0.784375 0.643025 0.785417 0.644197 0.787500 0.644197 0.787500 0.642438 0.788542 0.641852 0.789583 0.638921 0.787500 0.639508 0.785417 0.638921 0.783333 0.637749 0.779167 0.637163 0.778125 0.635404 0.776042 0.636577 0.770833 0.637163 0.770833 0.637749 0.769792 0.638335 0.767708 0.638921 0.765625 0.637749 0.764583 0.636577 0.763542 0.634232 0.761458 0.634818
5 0.471875 0.605510 0.469792 0.606096 0.466667 0.607855 0.460417 0.607855 0.456250 0.608441 0.451042 0.609613 0.445833 0.610785 0.443750 0.611372 0.438542 0.613716 0.436458 0.614889 0.436458 0.615475 0.434375 0.616647 0.431250 0.617819 0.428125 0.618406 0.426042 0.619578 0.423958 0.621336 0.423958 0.623095 0.426042 0.624853 0.427083 0.628957 0.428125 0.630129 0.429167 0.631301 0.433333 0.634818 0.436458 0.638335 0.439583 0.642438 0.439583 0.647128 0.440625 0.648300 0.443750 0.648886 0.446875 0.648300 0.450000 0.647714 0.452083 0.647128 0.462500 0.641266 0.465625 0.641852 0.467708 0.640680 0.468750 0.639508 0.470833 0.638921 0.472917 0.638921 0.475000 0.638335 0.478125 0.637163 0.482292 0.635404 0.483333 0.634818 0.484375 0.633060 0.489583 0.630129 0.489583 0.628370 0.490625 0.627784 0.490625 0.626612 0.489583 0.623095 0.484375 0.615475 0.484375 0.613130 0.483333 0.610785 0.482292 0.609027 0.479167 0.607268 0.475000 0.605510 0.471875 0.605510
5 0.535417 0.594373 0.532292 0.595545 0.526042 0.596131 0.518750 0.596717 0.516667 0.596717 0.513542 0.594959 0.511458 0.594959 0.506250 0.596131 0.506250 0.604338 0.507292 0.606682 0.511458 0.610785 0.511458 0.612544 0.512500 0.614302 0.513542 0.615475 0.515625 0.616647 0.516667 0.617819 0.516667 0.620164 0.517708 0.620750 0.517708 0.622509 0.519792 0.623095 0.521875 0.623095 0.525000 0.622509 0.529167 0.620164 0.530208 0.617233 0.531250 0.616061 0.533333 0.614889 0.534375 0.614889 0.535417 0.612544 0.536458 0.611372 0.539583 0.609613 0.545833 0.609027 0.550000 0.606096 0.551042 0.603751 0.551042 0.601407 0.550000 0.599062 0.543750 0.595545 0.540625 0.595545 0.537500 0.594373 0.535417 0.594373
5 0.307292 0.562134 0.297917 0.562720 0.291667 0.563306 0.281250 0.565651 0.277083 0.566237 0.268750 0.566237 0.265625 0.565651 0.263542 0.564478 0.259375 0.564478 0.256250 0.565064 0.250000 0.569168 0.246875 0.570926 0.236458 0.573271 0.234375 0.574443 0.233333 0.576202 0.231250 0.577374 0.227083 0.577960 0.222917 0.580891 0.220833 0.582063 0.219792 0.582063 0.218750 0.584408 0.216667 0.586753 0.216667 0.590270 0.215625 0.591442 0.214583 0.592028 0.210417 0.594373 0.208333 0.595545 0.205208 0.596717 0.203125 0.596717 0.191667 0.596131 0.186458 0.597304 0.176042 0.597304 0.172917 0.598476 0.165625 0.600234 0.162500 0.601407 0.158333 0.601407 0.148958 0.596131 0.146875 0.593200 0.144792 0.592028 0.141667 0.591442 0.139583 0.592614 0.137500 0.592614 0.127083 0.592028 0.125000 0.593200 0.125000 0.593787 0.122917 0.594959 0.119792 0.595545 0.114583 0.598476 0.111458 0.599062 0.106250 0.601993 0.102083 0.601993 0.098958 0.603165 0.095833 0.603165 0.093750 0.604338 0.092708 0.605510 0.092708 0.606682 0.090625 0.607855 0.085417 0.607855 0.072917 0.609613 0.062500 0.609613 0.056250 0.610199 0.051042 0.611958 0.052083 0.614302 0.056250 0.620750 0.059375 0.623095 0.058333 0.626026 0.059375 0.627784 0.061458 0.629543 0.061458 0.632474 0.060417 0.633060 0.060417 0.635404 0.061458 0.639508 0.059375 0.640680 0.058333 0.640680 0.057292 0.641852 0.058333 0.643025 0.059375 0.644197 0.063542 0.647128 0.067708 0.647128 0.069792 0.648300 0.072917 0.648886 0.073958 0.650059 0.077083 0.654162 0.078125 0.655334 0.079167 0.655920 0.080208 0.655920 0.082292 0.657093 0.085417 0.657093 0.086458 0.656506 0.088542 0.656506 0.094792 0.657093 0.096875 0.658265 0.096875 0.660023 0.095833 0.661196 0.096875 0.660023 0.098958 0.660023 0.104167 0.662368 0.106250 0.661196 0.110417 0.664127 0.113542 0.664127 0.118750 0.662954 0.134375 0.662368 0.137500 0.662954 0.145833 0.662368 0.152083 0.661196 0.168750 0.661196 0.172917 0.660023 0.197917 0.660023 0.204167 0.658851 0.214583 0.659437 0.216667 0.659437 0.220833 0.658265 0.239583 0.658851 0.252083 0.659437 0.259375 0.660610 0.266667 0.660610 0.270833 0.661782 0.276042 0.661782 0.280208 0.662368 0.284375 0.662954 0.308333 0.667644 0.314583 0.667644 0.318750 0.668816 0.325000 0.669402 0.332292 0.669402 0.334375 0.669988 0.335417 0.670574 0.336458 0.672333 0.338542 0.674091 0.340625 0.674678 0.342708 0.674678 0.345833 0.673505 0.348958 0.674678 0.351042 0.674678 0.353125 0.673505 0.354167 0.675264 0.355208 0.675850 0.356250 0.677022 0.357292 0.675850 0.358333 0.673505 0.358333 0.668230 0.359375 0.665299 0.362500 0.664127 0.365625 0.664713 0.366667 0.664127 0.369792 0.664127 0.372917 0.665299 0.377083 0.664127 0.380208 0.665299 0.383333 0.663540 0.385417 0.663540 0.389583 0.664127 0.392708 0.662368 0.390625 0.660610 0.390625 0.658265 0.392708 0.657093 0.395833 0.658265 0.398958 0.657093 0.401042 0.657093 0.402083 0.657679 0.404167 0.657679 0.409375 0.654748 0.409375 0.652403 0.407292 0.650645 0.407292 0.643611 0.405208 0.637163 0.404167 0.633646 0.401042 0.629543 0.400000 0.627198 0.398958 0.624267 0.398958 0.616647 0.401042 0.612544 0.402083 0.611372 0.404167 0.609613 0.408333 0.607268 0.409375 0.607268 0.413542 0.604338 0.415625 0.603165 0.419792 0.602579 0.423958 0.600234 0.428125 0.599648 0.433333 0.599648 0.435417 0.599062 0.436458 0.597890 0.436458 0.596717 0.437500 0.595545 0.443750 0.594373 0.445833 0.593200 0.454167 0.591442 0.452083 0.589097 0.452083 0.586753 0.451042 0.584994 0.445833 0.582063 0.443750 0.579719 0.441667 0.578546 0.436458 0.576202 0.435417 0.575029 0.435417 0.573271 0.434375 0.572098 0.431250 0.572098 0.428125 0.570926 0.393750 0.570926 0.391667 0.570340 0.387500 0.567995 0.387500 0.567409 0.383333 0.565064 0.381250 0.564478 0.373958 0.563892 0.363542 0.563892 0.344792 0.564478 0.327083 0.562720 0.317708 0.562134 0.307292 0.562134
4 0.962500 0.690504 0.963542 0.692849 0.963542 0.691676 0.962500 0.690504
4 0.985417 0.660610 0.985417 0.663540 0.988542 0.661782 0.985417 0.660610
4 0.737500 0.625440 0.741667 0.626026 0.744792 0.626612 0.748958 0.628957 0.753125 0.634232 0.756250 0.638335 0.757292 0.642438 0.760417 0.645369 0.760417 0.646542 0.761458 0.647714 0.766667 0.647714 0.768750 0.648300 0.770833 0.648300 0.775000 0.647128 0.782292 0.648300 0.786458 0.648886 0.792708 0.648300 0.798958 0.648886 0.807292 0.651231 0.809375 0.652403 0.813542 0.651231 0.817708 0.652989 0.821875 0.653576 0.831250 0.655334 0.842708 0.655334 0.846875 0.655920 0.848958 0.656506 0.855208 0.659437 0.857292 0.660023 0.861458 0.660023 0.865625 0.661782 0.868750 0.662368 0.872917 0.663540 0.877083 0.662954 0.880208 0.664127 0.884375 0.663540 0.885417 0.665299 0.888542 0.667057 0.891667 0.667057 0.893750 0.667644 0.895833 0.668816 0.896875 0.668816 0.897917 0.669988 0.898958 0.670574 0.901042 0.671161 0.903125 0.671161 0.905208 0.671747 0.907292 0.672333 0.908333 0.672919 0.911458 0.675264 0.913542 0.675850 0.916667 0.676436 0.916667 0.677022 0.918750 0.678195 0.922917 0.678195 0.926042 0.679953 0.929167 0.679953 0.930208 0.677022 0.931250 0.675850 0.933333 0.675850 0.934375 0.677608 0.931250 0.679367 0.931250 0.681712 0.934375 0.683470 0.935417 0.683470 0.937500 0.684642 0.937500 0.685229 0.939583 0.686401 0.942708 0.686987 0.943750 0.688159 0.943750 0.689918 0.944792 0.691090 0.947917 0.694021 0.951042 0.695780 0.952083 0.695780 0.954167 0.696952 0.956250 0.699297 0.957292 0.699883 0.958333 0.699883 0.960417 0.701055 0.961458 0.705158 0.962500 0.706331 0.964583 0.708089 0.966667 0.709261 0.970833 0.709848 0.971875 0.711020 0.971875 0.712778 0.976042 0.715709 0.978125 0.716882 0.982292 0.716295 0.982292 0.718054 0.984375 0.719226 0.985417 0.719226 0.987500 0.720399 0.987500 0.720985 0.990625 0.722743 0.991667 0.723916 0.990625 0.725674 0.986458 0.727433 0.984375 0.730363 0.984375 0.733294 0.986458 0.734467 0.987500 0.735639 0.986458 0.736811 0.983333 0.736811 0.982292 0.739156 0.980208 0.740328 0.965625 0.743845 0.963542 0.745018 0.961458 0.745604 0.958333 0.746190 0.948958 0.746776 0.946875 0.746776 0.934375 0.746190 0.931250 0.746776 0.927083 0.749707 0.926042 0.749707 0.925000 0.750293 0.923958 0.751465 0.922917 0.754982 0.922917 0.760258 0.921875 0.762603 0.920833 0.763775 0.919792 0.764947 0.918750 0.765533 0.913542 0.767878 0.910417 0.768464 0.906250 0.768464 0.898958 0.767878 0.895833 0.766706 0.888542 0.767292 0.881250 0.770809 0.879167 0.772567 0.867708 0.778429 0.866667 0.780188 0.861458 0.783118 0.856250 0.784291 0.853125 0.786049 0.850000 0.786049 0.845833 0.787808 0.843750 0.787808 0.842708 0.787222 0.840625 0.787222 0.839583 0.787808 0.836458 0.787808 0.834375 0.786635 0.829167 0.786635 0.826042 0.785463 0.822917 0.785463 0.808333 0.786049 0.805208 0.786049 0.803125 0.784877 0.801042 0.784877 0.798958 0.786049 0.794792 0.784877 0.792708 0.784877 0.791667 0.785463 0.789583 0.785463 0.788542 0.784877 0.786458 0.784877 0.782292 0.787222 0.779167 0.785463 0.770833 0.790152 0.767708 0.790152 0.760417 0.790152 0.756250 0.789566 0.754167 0.790152 0.752083 0.790152 0.747917 0.787808 0.745833 0.787808 0.739583 0.786635 0.735417 0.786635 0.733333 0.784291 0.731250 0.783118 0.727083 0.783118 0.723958 0.781946 0.715625 0.781946 0.712500 0.781360 0.709375 0.780188 0.706250 0.780188 0.703125 0.779601 0.693750 0.776671 0.685417 0.774912 0.675000 0.774912 0.670833 0.773740 0.658333 0.773740 0.654167 0.771395 0.650000 0.770809 0.647917 0.770809 0.643750 0.770223 0.641667 0.769050 0.640625 0.767878 0.639583 0.766120 0.639583 0.763189 0.634375 0.760258 0.625000 0.756741 0.621875 0.755569 0.618750 0.755569 0.616667 0.754396 0.614583 0.753810 0.609375 0.753224 0.600000 0.753224 0.594792 0.752638 0.591667 0.752052 0.588542 0.750293 0.587500 0.749121 0.584375 0.743259 0.583333 0.742087 0.581250 0.740328 0.579167 0.739156 0.576042 0.740328 0.571875 0.740328 0.570833 0.739156 0.569792 0.736811 0.570833 0.735639 0.570833 0.734467 0.572917 0.733294 0.572917 0.730363 0.570833 0.727433 0.570833 0.718054 0.569792 0.708675 0.564583 0.705744 0.566667 0.703400 0.566667 0.696952 0.568750 0.691676 0.569792 0.688746 0.570833 0.686987 0.576042 0.681712 0.578125 0.680539 0.578125 0.679953 0.579167 0.679367 0.582292 0.678781 0.585417 0.677022 0.585417 0.676436 0.587500 0.675264 0.590625 0.675264 0.592708 0.674678 0.595833 0.672919 0.598958 0.672919 0.602083 0.671161 0.606250 0.670574 0.611458 0.667644 0.612500 0.667644 0.616667 0.664713 0.619792 0.662954 0.621875 0.662954 0.625000 0.661196 0.625000 0.660610 0.629167 0.658265 0.632292 0.655920 0.634375 0.652989 0.636458 0.652403 0.639583 0.652403 0.640625 0.652989 0.642708 0.652989 0.644792 0.652403 0.645833 0.651817 0.650000 0.648886 0.654167 0.648300 0.657292 0.646542 0.659375 0.646542 0.663542 0.645955 0.669792 0.645955 0.673958 0.647128 0.677083 0.647128 0.694792 0.657679 0.694792 0.658851 0.695833 0.660023 0.698958 0.662368 0.703125 0.660023 0.703125 0.658265 0.701042 0.657093 0.698958 0.656506 0.696875 0.656506 0.694792 0.657679 0.677083 0.647128 0.682292 0.644197 0.683333 0.643025 0.683333 0.638921 0.687500 0.634232 0.688542 0.633060 0.692708 0.633060 0.695833 0.630715 0.701042 0.630129 0.703125 0.628957 0.710417 0.628957 0.717708 0.626612 0.726042 0.626612 0.734375 0.625440 0.737500 0.625440
4 0.171875 0.702814 0.147917 0.703400 0.138542 0.703986 0.130208 0.708675 0.125000 0.710434 0.122917 0.711020 0.117708 0.711020 0.115625 0.712192 0.110417 0.712192 0.107292 0.712778 0.104167 0.713365 0.098958 0.715709 0.094792 0.716295 0.090625 0.715709 0.087500 0.716295 0.083333 0.718640 0.079167 0.718640 0.077083 0.719812 0.071875 0.719812 0.065625 0.723329 0.063542 0.723916 0.054167 0.723916 0.048958 0.725088 0.035417 0.732708 0.032292 0.733294 0.029167 0.733294 0.022917 0.730363 0.020833 0.729777 0.018750 0.729191 0.013542 0.729191 0.011458 0.729777 0.008333 0.731536 0.005208 0.735639 0.004167 0.737984 0.004167 0.740328 0.003125 0.742673 0.000000 0.743845 0.000000 0.793083 0.002083 0.793669 0.006250 0.794842 0.011458 0.796014 0.017708 0.796014 0.021875 0.797186 0.030208 0.797773 0.037500 0.798359 0.052083 0.798945 0.070833 0.799531 0.090625 0.799531 0.106250 0.798945 0.116667 0.798359 0.125000 0.797773 0.139583 0.796014 0.147917 0.796014 0.154167 0.795428 0.160417 0.793669 0.164583 0.793083 0.169792 0.793083 0.178125 0.791911 0.183333 0.791325 0.186458 0.790739 0.188542 0.789566 0.192708 0.788980 0.196875 0.788394 0.202083 0.788394 0.205208 0.787222 0.210417 0.787222 0.213542 0.786049 0.217708 0.786049 0.220833 0.785463 0.236458 0.780774 0.240625 0.780774 0.242708 0.779601 0.251042 0.777843 0.254167 0.777843 0.256250 0.777257 0.265625 0.773740 0.267708 0.773154 0.271875 0.772567 0.275000 0.770809 0.279167 0.770223 0.292708 0.765533 0.297917 0.763775 0.307292 0.757913 0.310417 0.757327 0.318750 0.752052 0.322917 0.749707 0.327083 0.748535 0.331250 0.746190 0.333333 0.743259 0.335417 0.741501 0.340625 0.738570 0.341667 0.737397 0.342708 0.734467 0.345833 0.731536 0.345833 0.729191 0.348958 0.725674 0.348958 0.720399 0.347917 0.719226 0.346875 0.718640 0.345833 0.718640 0.343750 0.717468 0.341667 0.717468 0.338542 0.716295 0.335417 0.714537 0.332292 0.713365 0.329167 0.712778 0.322917 0.712778 0.315625 0.714537 0.297917 0.714537 0.285417 0.711606 0.275000 0.710434 0.271875 0.709848 0.268750 0.708675 0.265625 0.708089 0.258333 0.707503 0.255208 0.706331 0.241667 0.706331 0.238542 0.705744 0.235417 0.704572 0.228125 0.703400 0.214583 0.702814 0.212500 0.702814 0.203125 0.703986 0.184375 0.703986 0.173958 0.702814 0.171875 0.702814
