0 0.368750 0.583236 0.367708 0.584994 0.364583 0.586166 0.363542 0.587339 0.365625 0.587925 0.371875 0.587925 0.371875 0.586753 0.369792 0.585580 0.368750 0.583236
0 0.355208 0.581477 0.353125 0.582063 0.354167 0.584408 0.356250 0.584994 0.360417 0.584408 0.359375 0.583236 0.357292 0.581477 0.355208 0.581477
0 0.205208 0.576202 0.202083 0.577374 0.193750 0.577960 0.183333 0.578546 0.180208 0.578546 0.172917 0.577960 0.168750 0.578546 0.165625 0.580305 0.162500 0.578546 0.160417 0.578546 0.158333 0.579132 0.156250 0.581477 0.155208 0.586166 0.155208 0.592028 0.153125 0.593200 0.150000 0.593787 0.147917 0.593787 0.141667 0.592614 0.138542 0.593787 0.129167 0.593787 0.127083 0.594373 0.125000 0.595545 0.123958 0.596717 0.122917 0.599648 0.121875 0.600821 0.120833 0.601993 0.118750 0.603165 0.117708 0.604338 0.116667 0.605510 0.112500 0.610785 0.111458 0.613716 0.111458 0.619578 0.114583 0.623095 0.117708 0.624853 0.123958 0.625440 0.125000 0.626612 0.125000 0.628957 0.123958 0.633646 0.126042 0.635991 0.128125 0.637163 0.129167 0.637163 0.132292 0.638921 0.134375 0.639508 0.142708 0.640680 0.144792 0.641852 0.146875 0.641852 0.148958 0.640680 0.151042 0.640680 0.154167 0.641266 0.158333 0.641852 0.161458 0.643025 0.166667 0.641266 0.169792 0.642438 0.172917 0.641266 0.177083 0.641852 0.181250 0.640094 0.189583 0.639508 0.200000 0.640094 0.206250 0.640680 0.211458 0.641266 0.217708 0.643025 0.219792 0.644197 0.220833 0.645955 0.223958 0.645369 0.229167 0.648300 0.230208 0.648886 0.231250 0.650645 0.232292 0.651231 0.234375 0.651817 0.236458 0.651817 0.238542 0.652403 0.241667 0.654748 0.244792 0.655334 0.246875 0.656506 0.248958 0.656506 0.255208 0.656506 0.258333 0.655334 0.262500 0.655334 0.266667 0.656506 0.275000 0.655334 0.284375 0.655334 0.291667 0.654162 0.298958 0.654162 0.307292 0.651817 0.310417 0.650645 0.310417 0.648886 0.307292 0.646542 0.306250 0.644197 0.304167 0.643025 0.306250 0.641852 0.308333 0.641266 0.310417 0.641266 0.312500 0.640094 0.325000 0.640094 0.328125 0.638921 0.329167 0.637749 0.329167 0.635404 0.326042 0.631301 0.325000 0.623681 0.326042 0.618992 0.326042 0.616061 0.325000 0.611372 0.322917 0.611372 0.321875 0.610785 0.317708 0.610785 0.314583 0.610199 0.312500 0.609027 0.311458 0.607855 0.310417 0.606096 0.310417 0.601993 0.308333 0.598476 0.307292 0.596131 0.306250 0.594959 0.305208 0.594373 0.303125 0.593787 0.298958 0.593200 0.295833 0.592614 0.292708 0.590856 0.294792 0.587925 0.293750 0.586753 0.291667 0.585580 0.290625 0.584408 0.290625 0.580305 0.289583 0.579132 0.287500 0.577960 0.279167 0.577374 0.257292 0.576788 0.232292 0.576202 0.217708 0.576788 0.214583 0.576788 0.205208 0.576202
0 0.383333 0.574443 0.384375 0.576788 0.386458 0.576202 0.387500 0.573857 0.383333 0.574443
0 0.398958 0.567409 0.398958 0.570926 0.397917 0.571512 0.397917 0.576202 0.400000 0.577374 0.403125 0.577960 0.404167 0.580305 0.409375 0.580305 0.411458 0.579132 0.406250 0.579132 0.403125 0.577374 0.404167 0.572685 0.404167 0.571512 0.403125 0.570340 0.401042 0.569168 0.401042 0.567409 0.398958 0.567409
0 0.383333 0.567409 0.386458 0.569754 0.385417 0.566823 0.383333 0.567409
0 0.179167 0.546307 0.177083 0.546307 0.175000 0.547479 0.175000 0.549824 0.172917 0.550996 0.172917 0.553341 0.171875 0.554513 0.170833 0.555100 0.169792 0.555100 0.169792 0.556858 0.172917 0.556858 0.173958 0.558030 0.179167 0.558617 0.183333 0.559203 0.184375 0.559203 0.186458 0.556858 0.186458 0.555686 0.185417 0.555100 0.184375 0.552755 0.184375 0.551583 0.184375 0.546893 0.181250 0.545721 0.181250 0.543962 0.179167 0.546307
0 0.158333 0.534584 0.157292 0.535756 0.156250 0.536342 0.156250 0.537515 0.153125 0.539273 0.150000 0.542204 0.148958 0.543376 0.150000 0.546893 0.153125 0.546893 0.154167 0.545721 0.155208 0.543962 0.155208 0.539273 0.158333 0.538101 0.158333 0.534584
0 0.164583 0.527550 0.163542 0.528722 0.163542 0.531067 0.166667 0.531067 0.168750 0.532239 0.168750 0.533411 0.167708 0.534584 0.164583 0.536342 0.165625 0.538687 0.168750 0.539859 0.168750 0.541032 0.170833 0.540445 0.171875 0.538687 0.175000 0.538687 0.176042 0.539859 0.177083 0.541618 0.182292 0.538101 0.182292 0.536342 0.178125 0.534584 0.177083 0.532239 0.176042 0.534584 0.175000 0.535756 0.171875 0.535756 0.170833 0.534584 0.169792 0.531653 0.167708 0.530481 0.167708 0.526964 0.164583 0.527550
0 0.270833 0.497655 0.266667 0.497655 0.264583 0.498828 0.256250 0.499414 0.250000 0.499414 0.243750 0.500586 0.241667 0.499414 0.239583 0.498828 0.235417 0.499414 0.233333 0.500000 0.230208 0.501758 0.230208 0.502931 0.228125 0.504103 0.226042 0.502931 0.225000 0.501172 0.222917 0.500586 0.220833 0.501172 0.219792 0.502345 0.218750 0.505275 0.217708 0.508792 0.217708 0.512896 0.215625 0.514068 0.211458 0.513482 0.209375 0.514654 0.204167 0.514068 0.198958 0.516999 0.198958 0.518171 0.194792 0.518757 0.193750 0.516999 0.189583 0.514654 0.189583 0.511723 0.187500 0.512309 0.186458 0.513482 0.186458 0.515826 0.187500 0.516413 0.187500 0.518171 0.186458 0.523447 0.187500 0.531653 0.186458 0.532239 0.186458 0.539859 0.187500 0.540445 0.187500 0.546307 0.189583 0.546307 0.192708 0.548066 0.192708 0.549238 0.192708 0.547479 0.193750 0.546893 0.193750 0.545135 0.194792 0.543962 0.197917 0.543376 0.200000 0.543962 0.202083 0.545135 0.202083 0.546307 0.204167 0.547479 0.205208 0.547479 0.206250 0.548066 0.207292 0.549238 0.207292 0.550996 0.210417 0.550410 0.213542 0.549238 0.213542 0.551583 0.216667 0.552169 0.217708 0.553341 0.219792 0.556272 0.219792 0.560961 0.221875 0.560961 0.225000 0.559789 0.228125 0.560961 0.231250 0.562720 0.232292 0.564478 0.237500 0.563306 0.238542 0.565064 0.240625 0.565064 0.241667 0.563306 0.243750 0.562720 0.245833 0.563892 0.247917 0.565651 0.248958 0.563892 0.252083 0.562720 0.254167 0.563892 0.256250 0.563892 0.259375 0.562720 0.262500 0.563892 0.267708 0.563892 0.270833 0.565651 0.275000 0.564478 0.279167 0.566237 0.283333 0.564478 0.285417 0.565651 0.287500 0.565651 0.290625 0.563306 0.293750 0.565064 0.295833 0.566823 0.298958 0.570926 0.304167 0.570340 0.307292 0.570926 0.310417 0.572098 0.312500 0.570926 0.314583 0.570926 0.319792 0.572098 0.321875 0.572685 0.325000 0.574443 0.327083 0.574443 0.328125 0.573857 0.330208 0.573857 0.333333 0.574443 0.335417 0.575615 0.335417 0.576202 0.336458 0.576788 0.337500 0.576788 0.339583 0.577960 0.342708 0.577960 0.345833 0.576202 0.345833 0.574443 0.344792 0.573857 0.345833 0.570926 0.347917 0.570926 0.354167 0.572098 0.351042 0.574443 0.351042 0.576202 0.352083 0.576788 0.352083 0.577960 0.356250 0.578546 0.360417 0.576202 0.360417 0.575029 0.358333 0.573271 0.358333 0.570926 0.363542 0.566237 0.366667 0.566823 0.367708 0.569168 0.369792 0.571512 0.368750 0.572685 0.366667 0.574443 0.366667 0.576788 0.368750 0.577960 0.371875 0.579132 0.372917 0.576788 0.375000 0.575615 0.372917 0.573857 0.372917 0.571512 0.369792 0.569754 0.369792 0.567409 0.371875 0.566237 0.373958 0.565651 0.375000 0.563892 0.377083 0.563306 0.381250 0.563892 0.383333 0.562720 0.385417 0.562720 0.388542 0.564478 0.389583 0.562134 0.391667 0.560375 0.395833 0.558030 0.397917 0.559203 0.398958 0.560961 0.401042 0.561547 0.404167 0.559203 0.411458 0.559789 0.413542 0.560961 0.417708 0.560961 0.420833 0.559203 0.421875 0.556858 0.422917 0.553341 0.422917 0.552169 0.420833 0.550410 0.419792 0.547479 0.417708 0.547479 0.413542 0.548652 0.413542 0.548066 0.410417 0.548066 0.410417 0.549238 0.406250 0.549824 0.405208 0.548652 0.405208 0.547479 0.402083 0.545135 0.402083 0.542790 0.404167 0.541032 0.404167 0.539859 0.402083 0.538687 0.398958 0.536342 0.397917 0.540445 0.395833 0.540445 0.391667 0.538101 0.390625 0.535756 0.389583 0.531067 0.389583 0.513482 0.388542 0.512309 0.384375 0.511723 0.382292 0.512896 0.382292 0.514654 0.379167 0.515826 0.377083 0.514654 0.377083 0.512896 0.373958 0.511137 0.373958 0.509965 0.372917 0.508792 0.368750 0.507034 0.364583 0.508792 0.360417 0.506448 0.356250 0.506448 0.355208 0.505275 0.353125 0.504689 0.348958 0.504689 0.346875 0.504103 0.341667 0.501172 0.337500 0.500586 0.331250 0.500586 0.325000 0.499414 0.318750 0.499414 0.313542 0.498828 0.307292 0.497655 0.305208 0.497069 0.301042 0.497655 0.290625 0.496483 0.279167 0.497069 0.276042 0.496483 0.270833 0.497655
6 0.120833 0.596717 0.118750 0.597890 0.117708 0.599648 0.117708 0.602579 0.114583 0.604338 0.113542 0.607855 0.116667 0.607268 0.116667 0.605510 0.118750 0.603751 0.122917 0.601407 0.123958 0.599648 0.123958 0.597890 0.122917 0.594373 0.120833 0.596717
6 0.413542 0.519930 0.414583 0.522860 0.416667 0.522860 0.418750 0.524033 0.418750 0.525791 0.419792 0.522274 0.417708 0.520516 0.415625 0.519930 0.413542 0.519930
6 0.221875 0.478898 0.228125 0.479484 0.231250 0.480070 0.233333 0.480657 0.236458 0.482415 0.239583 0.483001 0.243750 0.483587 0.255208 0.487104 0.266667 0.489449 0.269792 0.490035 0.272917 0.490621 0.276042 0.490621 0.277083 0.491208 0.279167 0.491208 0.281250 0.492966 0.282292 0.494138 0.282292 0.495897 0.284375 0.497069 0.294792 0.497069 0.281250 0.497069 0.273958 0.497655 0.264583 0.499414 0.258333 0.499414 0.252083 0.500000 0.250000 0.500586 0.248958 0.502345 0.247917 0.503517 0.246875 0.504103 0.244792 0.504689 0.242708 0.504689 0.240625 0.505275 0.238542 0.506448 0.235417 0.507034 0.234375 0.507620 0.234375 0.508206 0.232292 0.509379 0.232292 0.511723 0.231250 0.512896 0.225000 0.512896 0.221875 0.513482 0.218750 0.514068 0.213542 0.515826 0.205208 0.520516 0.202083 0.522860 0.196875 0.528136 0.195833 0.529894 0.194792 0.532239 0.195833 0.533411 0.195833 0.534584 0.197917 0.537515 0.201042 0.540445 0.202083 0.543376 0.203125 0.544549 0.206250 0.546307 0.208333 0.546893 0.212500 0.547479 0.214583 0.548066 0.215625 0.548652 0.216667 0.549824 0.219792 0.553341 0.220833 0.556272 0.223958 0.555686 0.225000 0.557444 0.227083 0.558617 0.230208 0.559203 0.234375 0.562134 0.239583 0.563306 0.241667 0.563306 0.254167 0.563892 0.269792 0.563892 0.280208 0.564478 0.284375 0.565064 0.291667 0.567409 0.294792 0.567409 0.300000 0.569168 0.303125 0.569754 0.307292 0.569754 0.310417 0.570340 0.317708 0.572098 0.320833 0.572685 0.325000 0.575029 0.329167 0.572685 0.332292 0.573857 0.334375 0.573857 0.336458 0.574443 0.338542 0.575615 0.339583 0.577374 0.341667 0.578546 0.344792 0.579719 0.352083 0.584994 0.357292 0.587925 0.358333 0.586753 0.359375 0.586166 0.360417 0.583822 0.360417 0.579132 0.357292 0.577374 0.351042 0.577374 0.347917 0.577960 0.344792 0.579719 0.341667 0.578546 0.342708 0.575029 0.341667 0.569168 0.342708 0.567409 0.343750 0.566237 0.346875 0.564478 0.352083 0.563892 0.360417 0.564478 0.362500 0.564478 0.363542 0.563892 0.365625 0.563892 0.366667 0.564478 0.369792 0.564478 0.376042 0.563892 0.381250 0.563306 0.384375 0.561547 0.387500 0.560961 0.389583 0.558617 0.390625 0.556272 0.391667 0.552169 0.391667 0.541618 0.390625 0.534584 0.389583 0.532825 0.387500 0.531653 0.385417 0.531067 0.381250 0.530481 0.378125 0.529894 0.376042 0.528722 0.376042 0.524033 0.375000 0.519930 0.373958 0.518171 0.372917 0.516413 0.371875 0.515240 0.369792 0.514068 0.367708 0.513482 0.365625 0.513482 0.363542 0.512896 0.362500 0.512309 0.361458 0.511137 0.361458 0.510551 0.359375 0.508792 0.360417 0.504689 0.362500 0.505275 0.362500 0.505862 0.364583 0.507034 0.366667 0.505862 0.366667 0.505275 0.369792 0.504689 0.372917 0.505862 0.375000 0.507034 0.375000 0.511137 0.376042 0.512309 0.377083 0.513482 0.378125 0.514068 0.380208 0.514654 0.382292 0.513482 0.382292 0.511137 0.386458 0.509965 0.388542 0.514654 0.391667 0.516413 0.402083 0.515826 0.404167 0.516413 0.405208 0.516413 0.406250 0.517585 0.408333 0.518757 0.410417 0.517585 0.409375 0.520516 0.409375 0.521688 0.407292 0.522860 0.406250 0.524033 0.406250 0.529308 0.408333 0.530481 0.412500 0.530481 0.414583 0.529308 0.417708 0.529308 0.422917 0.531067 0.428125 0.531067 0.430208 0.529894 0.432292 0.530481 0.434375 0.530481 0.436458 0.531067 0.437500 0.531653 0.438542 0.532825 0.438542 0.534584 0.436458 0.539859 0.436458 0.545135 0.435417 0.549238 0.434375 0.552755 0.432292 0.555100 0.432292 0.558030 0.431250 0.560375 0.428125 0.564478 0.428125 0.567409 0.427083 0.569168 0.425000 0.572098 0.421875 0.575615 0.418750 0.577374 0.416667 0.577374 0.414583 0.577960 0.413542 0.578546 0.413542 0.579132 0.412500 0.579719 0.410417 0.580305 0.407292 0.580891 0.406250 0.582649 0.403125 0.584408 0.400000 0.584994 0.395833 0.587925 0.391667 0.589683 0.386458 0.590856 0.383333 0.590856 0.380208 0.591442 0.378125 0.592028 0.376042 0.592614 0.373958 0.593787 0.364583 0.590856 0.361458 0.589683 0.359375 0.590856 0.361458 0.592028 0.364583 0.590856 0.373958 0.593787 0.373958 0.596131 0.377083 0.597890 0.378125 0.599062 0.379167 0.601407 0.384375 0.605510 0.385417 0.606682 0.388542 0.610785 0.391667 0.616061 0.392708 0.618406 0.393750 0.622509 0.393750 0.623681 0.392708 0.627198 0.391667 0.628957 0.385417 0.635991 0.382292 0.638921 0.380208 0.641266 0.376042 0.643611 0.375000 0.645955 0.373958 0.647128 0.370833 0.650059 0.366667 0.652989 0.364583 0.655920 0.360417 0.658265 0.359375 0.659437 0.359375 0.660610 0.358333 0.661782 0.356250 0.662954 0.353125 0.663540 0.348958 0.665885 0.346875 0.666471 0.344792 0.667057 0.337500 0.668230 0.335417 0.669402 0.333333 0.669988 0.329167 0.669988 0.327083 0.671161 0.320833 0.671161 0.318750 0.672333 0.313542 0.672333 0.309375 0.674091 0.301042 0.675850 0.297917 0.676436 0.288542 0.676436 0.285417 0.676436 0.282292 0.675850 0.278125 0.673505 0.268750 0.675264 0.266667 0.676436 0.266667 0.677022 0.263542 0.678781 0.260417 0.678781 0.250000 0.681712 0.246875 0.682298 0.236458 0.682884 0.234375 0.682884 0.233333 0.682298 0.231250 0.682298 0.230208 0.682884 0.227083 0.682884 0.218750 0.682298 0.209375 0.681712 0.198958 0.681125 0.192708 0.679953 0.181250 0.679367 0.168750 0.679367 0.160417 0.678195 0.138542 0.677608 0.131250 0.676436 0.122917 0.676436 0.114583 0.675264 0.102083 0.675264 0.090625 0.674091 0.086458 0.673505 0.083333 0.672919 0.081250 0.671747 0.079167 0.671747 0.077083 0.670574 0.076042 0.670574 0.075000 0.669988 0.073958 0.668816 0.071875 0.666471 0.070833 0.664713 0.069792 0.661782 0.069792 0.655920 0.072917 0.651817 0.077083 0.647714 0.079167 0.643611 0.080208 0.642438 0.083333 0.640680 0.086458 0.637163 0.087500 0.634232 0.090625 0.631887 0.091667 0.630715 0.092708 0.628957 0.092708 0.627198 0.095833 0.623681 0.098958 0.621923 0.100000 0.620164 0.102083 0.615475 0.103125 0.614302 0.107292 0.611372 0.109375 0.613716 0.109375 0.618992 0.112500 0.623095 0.113542 0.624267 0.117708 0.627198 0.117708 0.628370 0.118750 0.629543 0.121875 0.631301 0.122917 0.632474 0.123958 0.635404 0.125000 0.636577 0.131250 0.640094 0.134375 0.640680 0.138542 0.641852 0.141667 0.642438 0.144792 0.643025 0.152083 0.643611 0.170833 0.643611 0.175000 0.643025 0.178125 0.642438 0.181250 0.641266 0.184375 0.640680 0.190625 0.640680 0.205208 0.641266 0.208333 0.641852 0.210417 0.642438 0.213542 0.643611 0.216667 0.645369 0.217708 0.646542 0.218750 0.648300 0.218750 0.650059 0.219792 0.651817 0.220833 0.652989 0.223958 0.654748 0.226042 0.653576 0.226042 0.652403 0.229167 0.652403 0.233333 0.654748 0.239583 0.656506 0.243750 0.656506 0.247917 0.657679 0.253125 0.658265 0.262500 0.658851 0.279167 0.657679 0.287500 0.657093 0.291667 0.655920 0.297917 0.656506 0.300000 0.656506 0.303125 0.655920 0.307292 0.654162 0.309375 0.654162 0.311458 0.652989 0.312500 0.651231 0.315625 0.649472 0.316667 0.649472 0.320833 0.647128 0.323958 0.643611 0.329167 0.640094 0.330208 0.638335 0.333333 0.633646 0.334375 0.631301 0.334375 0.624853 0.332292 0.620750 0.328125 0.613716 0.327083 0.611958 0.322917 0.609613 0.320833 0.609027 0.316667 0.608441 0.314583 0.607855 0.312500 0.606682 0.311458 0.604338 0.311458 0.601407 0.310417 0.599062 0.306250 0.594373 0.304167 0.593200 0.301042 0.592614 0.298958 0.592028 0.296875 0.588511 0.294792 0.585580 0.292708 0.584408 0.287500 0.582063 0.285417 0.581477 0.283333 0.580891 0.278125 0.580305 0.271875 0.577374 0.267708 0.576788 0.258333 0.576202 0.242708 0.576202 0.232292 0.575029 0.228125 0.575029 0.221875 0.576202 0.216667 0.575615 0.214583 0.575615 0.207292 0.576202 0.200000 0.576788 0.194792 0.577374 0.185417 0.579132 0.179167 0.579132 0.175000 0.579719 0.172917 0.580305 0.169792 0.582063 0.162500 0.582063 0.160417 0.582649 0.156250 0.584994 0.153125 0.587925 0.150000 0.587339 0.146875 0.589097 0.138542 0.592028 0.134375 0.592614 0.130208 0.593200 0.125000 0.593200 0.123958 0.592028 0.123958 0.590856 0.125000 0.587925 0.126042 0.586753 0.130208 0.583822 0.131250 0.582649 0.132292 0.579719 0.133333 0.578546 0.136458 0.576788 0.137500 0.575615 0.138542 0.574443 0.139583 0.572098 0.141667 0.567409 0.141667 0.556272 0.142708 0.552755 0.143750 0.549824 0.144792 0.548066 0.148958 0.541618 0.155208 0.533998 0.156250 0.532825 0.158333 0.531067 0.162500 0.528722 0.164583 0.526964 0.165625 0.525205 0.168750 0.523447 0.170833 0.521688 0.172917 0.518757 0.173958 0.517585 0.175000 0.516999 0.180208 0.514654 0.181250 0.512896 0.185417 0.510551 0.187500 0.507620 0.189583 0.505862 0.194792 0.501758 0.201042 0.498242 0.202083 0.497069 0.203125 0.493552 0.204167 0.492380 0.207292 0.490621 0.210417 0.486518 0.212500 0.484174 0.215625 0.483001 0.216667 0.481243 0.217708 0.480070 0.219792 0.478898 0.221875 0.478898
6 0.554167 0.916178 0.555208 0.919109 0.557292 0.920281 0.560417 0.920281 0.560417 0.919109 0.557292 0.917351 0.557292 0.916178 0.554167 0.916178
6 0.736458 0.685229 0.725000 0.685815 0.715625 0.686401 0.709375 0.686987 0.703125 0.687573 0.700000 0.688159 0.694792 0.689918 0.686458 0.690504 0.679167 0.691090 0.670833 0.691090 0.667708 0.691676 0.662500 0.693435 0.654167 0.694021 0.647917 0.694021 0.640625 0.694607 0.636458 0.695193 0.633333 0.695780 0.631250 0.696952 0.626042 0.696952 0.622917 0.698124 0.616667 0.698710 0.609375 0.698710 0.601042 0.699883 0.592708 0.701641 0.586458 0.702227 0.571875 0.702227 0.566667 0.702814 0.563542 0.703400 0.561458 0.703986 0.559375 0.705158 0.557292 0.705744 0.554167 0.706331 0.550000 0.706331 0.543750 0.708089 0.536458 0.708089 0.531250 0.708675 0.528125 0.709848 0.515625 0.709848 0.510417 0.711020 0.505208 0.711606 0.502083 0.711020 0.500000 0.712192 0.500000 0.712778 0.497917 0.713951 0.491667 0.714537 0.484375 0.714537 0.480208 0.715123 0.477083 0.715709 0.475000 0.716882 0.472917 0.717468 0.469792 0.717468 0.464583 0.720399 0.463542 0.722743 0.463542 0.725088 0.461458 0.728019 0.460417 0.729191 0.459375 0.730363 0.458333 0.730950 0.457292 0.730950 0.455208 0.732122 0.454167 0.733294 0.453125 0.734467 0.453125 0.735639 0.452083 0.736811 0.448958 0.738570 0.446875 0.738570 0.444792 0.739742 0.442708 0.740328 0.437500 0.740914 0.435417 0.742087 0.434375 0.742087 0.433333 0.742673 0.432292 0.743845 0.430208 0.746190 0.430208 0.752052 0.431250 0.753224 0.434375 0.755569 0.436458 0.757913 0.437500 0.760258 0.437500 0.762603 0.438542 0.764361 0.441667 0.767292 0.442708 0.770809 0.441667 0.773154 0.438542 0.776084 0.433333 0.778429 0.430208 0.780188 0.429167 0.781946 0.428125 0.783705 0.428125 0.790152 0.427083 0.791325 0.423958 0.793083 0.422917 0.794256 0.421875 0.795428 0.420833 0.797186 0.420833 0.799531 0.419792 0.800703 0.414583 0.803634 0.411458 0.807151 0.412500 0.810668 0.413542 0.813013 0.414583 0.814771 0.416667 0.817702 0.417708 0.818875 0.420833 0.820633 0.429167 0.822978 0.432292 0.823564 0.435417 0.823564 0.438542 0.824736 0.441667 0.825322 0.446875 0.825322 0.448958 0.825909 0.454167 0.828253 0.458333 0.830598 0.459375 0.831770 0.460417 0.832943 0.463542 0.838218 0.463542 0.845252 0.465625 0.847011 0.467708 0.849355 0.469792 0.851114 0.473958 0.853458 0.476042 0.855803 0.479167 0.859906 0.482292 0.862251 0.488542 0.866354 0.492708 0.868699 0.496875 0.868699 0.498958 0.869871 0.504167 0.873388 0.513542 0.873388 0.517708 0.873974 0.520833 0.875147 0.522917 0.876319 0.523958 0.877491 0.523958 0.881008 0.522917 0.882767 0.522917 0.886284 0.520833 0.889215 0.519792 0.895662 0.520833 0.898007 0.522917 0.899766 0.522917 0.901524 0.525000 0.902696 0.528125 0.903283 0.530208 0.904455 0.531250 0.906213 0.534375 0.906800 0.536458 0.907386 0.538542 0.907972 0.539583 0.909730 0.541667 0.910903 0.544792 0.910903 0.548958 0.912661 0.552083 0.910317 0.553125 0.908558 0.556250 0.906800 0.560417 0.906213 0.564583 0.903869 0.568750 0.902696 0.575000 0.903869 0.577083 0.903283 0.578125 0.902696 0.579167 0.901524 0.580208 0.899766 0.581250 0.898593 0.582292 0.898007 0.583333 0.898007 0.585417 0.896835 0.587500 0.896249 0.590625 0.896835 0.595833 0.896249 0.606250 0.896835 0.607292 0.897421 0.615625 0.897421 0.620833 0.895662 0.627083 0.895662 0.630208 0.894490 0.641667 0.893904 0.644792 0.892732 0.648958 0.892732 0.654167 0.891559 0.656250 0.890387 0.658333 0.889801 0.669792 0.889215 0.673958 0.887456 0.681250 0.886284 0.685417 0.885111 0.692708 0.880422 0.693750 0.877491 0.693750 0.875147 0.694792 0.873388 0.695833 0.871630 0.698958 0.869285 0.700000 0.868699 0.702083 0.868113 0.704167 0.867526 0.708333 0.866940 0.710417 0.865768 0.712500 0.865182 0.715625 0.865182 0.725000 0.862251 0.730208 0.861665 0.737500 0.859320 0.740625 0.858734 0.743750 0.858148 0.747917 0.858148 0.748958 0.858148 0.750000 0.857562 0.750000 0.856975 0.752083 0.855803 0.758333 0.855803 0.762500 0.856389 0.764583 0.857562 0.765625 0.859320 0.766667 0.862251 0.766667 0.864596 0.768750 0.865768 0.771875 0.866354 0.772917 0.867526 0.772917 0.868113 0.773958 0.869285 0.777083 0.869285 0.777083 0.868699 0.779167 0.867526 0.782292 0.869871 0.783333 0.866940 0.781250 0.864596 0.776042 0.859906 0.775000 0.858734 0.773958 0.857562 0.771875 0.853458 0.771875 0.851700 0.772917 0.851114 0.772917 0.848769 0.773958 0.847597 0.779167 0.844666 0.783333 0.844080 0.785417 0.842907 0.786458 0.842907 0.787500 0.842321 0.788542 0.840563 0.794792 0.837046 0.795833 0.835873 0.796875 0.834701 0.797917 0.831770 0.797917 0.828253 0.796875 0.821805 0.796875 0.820633 0.800000 0.817116 0.803125 0.815358 0.805208 0.812427 0.808333 0.809496 0.811458 0.808324 0.812500 0.807151 0.813542 0.805393 0.814583 0.802462 0.815625 0.799531 0.815625 0.795428 0.813542 0.793083 0.811458 0.792497 0.809375 0.792497 0.804167 0.789566 0.802083 0.788980 0.800000 0.788394 0.794792 0.788394 0.790625 0.787222 0.788542 0.786049 0.786458 0.783705 0.787500 0.782532 0.790625 0.779601 0.791667 0.779015 0.793750 0.778429 0.796875 0.778429 0.803125 0.776671 0.809375 0.776671 0.811458 0.777257 0.814583 0.779015 0.817708 0.779015 0.820833 0.780188 0.826042 0.780188 0.829167 0.781946 0.834375 0.781946 0.837500 0.780774 0.840625 0.780774 0.842708 0.779601 0.845833 0.779601 0.847917 0.778429 0.847917 0.776084 0.845833 0.775498 0.843750 0.777843 0.832292 0.778429 0.829167 0.777257 0.825000 0.774912 0.815625 0.772567 0.812500 0.770809 0.807292 0.769050 0.801042 0.767878 0.793750 0.763775 0.791667 0.762603 0.789583 0.760844 0.789583 0.759672 0.788542 0.758499 0.785417 0.756741 0.784375 0.756741 0.780208 0.753810 0.779167 0.753810 0.777083 0.752638 0.777083 0.751465 0.779167 0.750293 0.781250 0.750293 0.783333 0.749121 0.784375 0.747948 0.784375 0.746776 0.786458 0.745604 0.787500 0.744431 0.788542 0.741501 0.788542 0.733294 0.787500 0.730363 0.786458 0.728605 0.785417 0.727433 0.784375 0.726260 0.782292 0.725088 0.781250 0.723916 0.780208 0.721571 0.778125 0.719226 0.773958 0.716882 0.769792 0.712778 0.768750 0.711606 0.766667 0.708675 0.765625 0.703986 0.764583 0.702227 0.763542 0.701055 0.760417 0.698710 0.758333 0.695193 0.753125 0.692263 0.750000 0.688746 0.748958 0.688159 0.746875 0.687573 0.739583 0.685229 0.736458 0.685229
6 0.759375 0.684642 0.758333 0.685815 0.760417 0.686987 0.762500 0.687573 0.763542 0.686401 0.763542 0.684642 0.759375 0.684642
6 0.952083 0.532239 0.952083 0.533411 0.954167 0.534584 0.958333 0.533411 0.956250 0.532239 0.954167 0.531653 0.952083 0.532239
6 0.796875 0.461899 0.790625 0.462485 0.787500 0.463658 0.784375 0.464244 0.778125 0.464244 0.773958 0.464830 0.770833 0.465416 0.765625 0.466589 0.763542 0.467761 0.758333 0.468347 0.755208 0.470106 0.752083 0.470106 0.748958 0.471278 0.745833 0.471864 0.740625 0.471864 0.739583 0.471278 0.735417 0.471278 0.734375 0.471864 0.732292 0.471864 0.731250 0.473036 0.729167 0.475967 0.726042 0.480657 0.725000 0.481829 0.722917 0.483001 0.717708 0.483587 0.712500 0.483587 0.708333 0.482415 0.702083 0.482415 0.695833 0.484174 0.691667 0.485932 0.690625 0.486518 0.689583 0.487691 0.688542 0.490035 0.687500 0.491208 0.683333 0.494138 0.682292 0.495311 0.681250 0.497655 0.680208 0.498828 0.677083 0.500586 0.676042 0.500586 0.672917 0.502345 0.670833 0.504103 0.668750 0.507034 0.665625 0.508792 0.664583 0.509965 0.662500 0.514654 0.660417 0.515826 0.659375 0.515826 0.657292 0.516999 0.656250 0.518171 0.652083 0.524033 0.652083 0.526377 0.653125 0.527550 0.655208 0.527550 0.657292 0.526377 0.668750 0.526377 0.672917 0.527550 0.685417 0.527550 0.689583 0.529308 0.694792 0.529894 0.700000 0.529894 0.703125 0.531067 0.708333 0.531067 0.712500 0.532239 0.718750 0.533998 0.721875 0.535170 0.730208 0.539273 0.734375 0.541618 0.737500 0.545135 0.742708 0.548066 0.743750 0.549238 0.744792 0.552169 0.747917 0.554513 0.748958 0.555686 0.750000 0.559789 0.750000 0.570926 0.748958 0.573857 0.747917 0.575615 0.742708 0.578546 0.739583 0.582649 0.735417 0.584994 0.734375 0.586166 0.730208 0.591442 0.730208 0.592614 0.731250 0.593200 0.731250 0.594959 0.732292 0.596131 0.736458 0.599062 0.737500 0.599648 0.739583 0.600234 0.741667 0.600821 0.751042 0.602579 0.759375 0.602579 0.762500 0.601993 0.765625 0.600821 0.776042 0.600821 0.783333 0.601407 0.787500 0.602579 0.793750 0.603165 0.797917 0.602579 0.804167 0.604338 0.807292 0.604924 0.813542 0.605510 0.825000 0.605510 0.829167 0.604338 0.839583 0.603751 0.842708 0.603165 0.847917 0.601993 0.850000 0.601407 0.854167 0.599648 0.855208 0.599062 0.860417 0.596131 0.862500 0.594373 0.865625 0.590856 0.869792 0.588511 0.871875 0.587925 0.876042 0.587339 0.881250 0.587339 0.887500 0.586753 0.890625 0.585580 0.895833 0.584994 0.916667 0.585580 0.920833 0.585580 0.921875 0.584994 0.927083 0.584994 0.932292 0.583822 0.934375 0.583236 0.938542 0.581477 0.941667 0.579719 0.944792 0.577374 0.947917 0.575029 0.951042 0.572685 0.952083 0.570340 0.955208 0.568581 0.958333 0.565064 0.959375 0.563306 0.960417 0.561547 0.960417 0.555686 0.959375 0.551583 0.958333 0.549238 0.953125 0.546307 0.952083 0.545135 0.951042 0.542204 0.950000 0.541032 0.940625 0.535756 0.939583 0.533998 0.939583 0.531653 0.940625 0.529894 0.943750 0.526377 0.943750 0.520516 0.942708 0.515826 0.941667 0.514068 0.940625 0.512896 0.939583 0.511723 0.937500 0.509965 0.935417 0.508206 0.931250 0.505862 0.929167 0.504103 0.928125 0.502931 0.928125 0.501758 0.926042 0.500586 0.917708 0.497069 0.914583 0.495311 0.913542 0.494138 0.911458 0.491208 0.908333 0.485346 0.907292 0.484174 0.905208 0.482415 0.902083 0.480657 0.898958 0.479484 0.895833 0.478312 0.893750 0.477726 0.890625 0.477140 0.878125 0.475381 0.871875 0.474795 0.860417 0.474795 0.857292 0.473623 0.854167 0.473623 0.852083 0.473036 0.847917 0.470692 0.844792 0.469519 0.838542 0.467761 0.828125 0.467175 0.823958 0.466002 0.816667 0.463658 0.807292 0.461899 0.804167 0.461899 0.803125 0.462485 0.801042 0.462485 0.800000 0.461899 0.796875 0.461899
6 0.368750 0.352286 0.367708 0.354045 0.361458 0.357562 0.360417 0.364596 0.361458 0.376905 0.363542 0.378077 0.363542 0.381008 0.366667 0.382767 0.367708 0.383939 0.367708 0.385111 0.365625 0.387456 0.365625 0.388628 0.368750 0.391559 0.369792 0.396835 0.372917 0.397421 0.380208 0.397421 0.382292 0.396249 0.382292 0.395076 0.381250 0.392145 0.384375 0.390387 0.388542 0.389801 0.389583 0.388628 0.389583 0.387456 0.388542 0.382181 0.389583 0.375147 0.388542 0.371630 0.387500 0.369871 0.384375 0.368113 0.383333 0.366940 0.382292 0.365768 0.381250 0.364009 0.381250 0.361665 0.380208 0.359906 0.376042 0.357562 0.372917 0.354631 0.369792 0.353458 0.368750 0.352286
6 0.232292 0.326495 0.240625 0.327081 0.243750 0.328253 0.250000 0.328253 0.256250 0.327667 0.258333 0.326495 0.260417 0.326495 0.261458 0.327081 0.264583 0.327081 0.268750 0.328253 0.285417 0.328253 0.289583 0.328839 0.294792 0.329426 0.297917 0.331184 0.302083 0.331770 0.305208 0.333529 0.310417 0.334115 0.313542 0.334701 0.315625 0.336460 0.316667 0.336460 0.318750 0.337632 0.318750 0.338218 0.321875 0.339977 0.322917 0.341149 0.323958 0.344080 0.325000 0.347011 0.326042 0.355803 0.327083 0.369285 0.328125 0.385111 0.329167 0.402110 0.329167 0.412661 0.327083 0.415592 0.328125 0.418523 0.329167 0.419109 0.329167 0.420281 0.327083 0.421454 0.325000 0.422040 0.320833 0.421454 0.317708 0.422626 0.312500 0.423212 0.311458 0.424385 0.311458 0.426729 0.309375 0.427902 0.304167 0.427902 0.298958 0.428488 0.296875 0.429660 0.294792 0.430246 0.288542 0.430246 0.283333 0.430832 0.278125 0.432591 0.270833 0.433177 0.268750 0.433763 0.264583 0.436108 0.262500 0.436694 0.250000 0.437280 0.232292 0.437866 0.220833 0.437866 0.205208 0.437866 0.196875 0.437866 0.187500 0.436694 0.172917 0.436694 0.163542 0.435522 0.150000 0.435522 0.147917 0.434936 0.142708 0.432591 0.140625 0.432005 0.138542 0.432005 0.136458 0.430832 0.134375 0.430246 0.126042 0.429074 0.123958 0.428488 0.121875 0.427315 0.119792 0.424971 0.119792 0.423798 0.126042 0.422040 0.147917 0.422040 0.158333 0.421454 0.162500 0.421454 0.168750 0.420281 0.170833 0.419109 0.171875 0.417937 0.171875 0.416764 0.172917 0.415592 0.177083 0.415006 0.181250 0.413834 0.185417 0.413834 0.187500 0.413247 0.192708 0.410317 0.193750 0.408558 0.195833 0.407386 0.200000 0.406800 0.204167 0.405041 0.209375 0.404455 0.210417 0.403283 0.210417 0.401524 0.211458 0.399766 0.214583 0.398007 0.215625 0.396835 0.216667 0.395076 0.217708 0.392145 0.217708 0.382181 0.216667 0.381008 0.212500 0.378664 0.211458 0.376905 0.209375 0.375733 0.207292 0.375733 0.205208 0.375147 0.202083 0.373388 0.202083 0.371630 0.198958 0.369871 0.195833 0.369285 0.192708 0.367526 0.189583 0.366940 0.185417 0.368113 0.173958 0.368113 0.171875 0.368699 0.168750 0.370457 0.163542 0.371043 0.158333 0.371043 0.154167 0.370457 0.151042 0.369285 0.147917 0.367526 0.145833 0.366940 0.143750 0.366354 0.141667 0.366354 0.139583 0.366940 0.136458 0.368699 0.132292 0.369285 0.132292 0.367526 0.131250 0.366940 0.130208 0.365768 0.128125 0.366940 0.128125 0.369285 0.130208 0.370457 0.132292 0.369285 0.136458 0.368699 0.136458 0.369871 0.137500 0.372216 0.126042 0.372216 0.122917 0.373388 0.109375 0.373388 0.106250 0.375147 0.106250 0.381008 0.098958 0.381008 0.096875 0.381594 0.092708 0.383939 0.092708 0.388042 0.087500 0.389215 0.079167 0.388628 0.077083 0.388042 0.078125 0.386870 0.079167 0.385111 0.079167 0.383353 0.078125 0.379836 0.079167 0.379250 0.080208 0.378077 0.082292 0.379250 0.082292 0.379836 0.085417 0.379836 0.086458 0.379250 0.087500 0.378664 0.096875 0.379250 0.098958 0.379250 0.101042 0.378077 0.102083 0.376905 0.101042 0.375733 0.088542 0.375147 0.085417 0.373388 0.085417 0.369285 0.086458 0.367526 0.089583 0.364596 0.089583 0.362837 0.090625 0.362251 0.090625 0.361079 0.095833 0.359906 0.106250 0.354631 0.109375 0.352872 0.110417 0.351114 0.110417 0.349941 0.112500 0.349941 0.114583 0.351114 0.116667 0.349941 0.122917 0.345252 0.127083 0.345838 0.130208 0.344666 0.133333 0.344666 0.136458 0.343494 0.145833 0.343494 0.153125 0.342321 0.155208 0.341735 0.157292 0.340563 0.160417 0.340563 0.167708 0.338218 0.178125 0.338218 0.180208 0.337632 0.182292 0.337046 0.190625 0.344080 0.189583 0.345838 0.191667 0.347011 0.196875 0.347011 0.198958 0.345838 0.202083 0.345838 0.205208 0.347597 0.206250 0.347597 0.208333 0.348769 0.215625 0.347011 0.219792 0.346424 0.225000 0.347011 0.228125 0.346424 0.229167 0.344666 0.215625 0.344080 0.211458 0.342907 0.207292 0.342907 0.204167 0.343494 0.202083 0.344666 0.202083 0.345838 0.198958 0.345838 0.198958 0.344666 0.196875 0.343494 0.192708 0.343494 0.190625 0.344080 0.182292 0.337046 0.183333 0.334115 0.187500 0.331184 0.189583 0.330012 0.191667 0.329426 0.195833 0.328839 0.200000 0.328253 0.213542 0.328253 0.220833 0.326495 0.232292 0.326495
6 0.751042 0.402696 0.752083 0.405041 0.754167 0.403869 0.753125 0.402110 0.751042 0.402696
6 0.442708 0.366940 0.442708 0.371043 0.443750 0.369871 0.442708 0.366940
6 0.482292 0.329426 0.482292 0.331184 0.480208 0.332356 0.480208 0.334115 0.483333 0.335873 0.483333 0.337632 0.484375 0.338804 0.489583 0.339977 0.491667 0.341149 0.494792 0.341735 0.503125 0.342321 0.518750 0.342907 0.548958 0.342907 0.553125 0.343494 0.556250 0.344666 0.563542 0.344666 0.565625 0.344666 0.566667 0.344080 0.568750 0.344080 0.569792 0.344666 0.571875 0.344666 0.581250 0.344080 0.583333 0.344080 0.586458 0.345838 0.591667 0.345838 0.596875 0.347597 0.600000 0.349355 0.604167 0.349941 0.606250 0.350528 0.611458 0.353458 0.615625 0.354045 0.615625 0.354631 0.617708 0.355803 0.620833 0.356975 0.623958 0.358148 0.629167 0.358734 0.631250 0.359320 0.634375 0.361079 0.636458 0.360492 0.638542 0.360492 0.642708 0.362837 0.645833 0.362837 0.647917 0.364009 0.650000 0.364009 0.654167 0.366354 0.657292 0.366354 0.659375 0.367526 0.661458 0.367526 0.665625 0.369285 0.668750 0.369285 0.670833 0.372216 0.673958 0.373974 0.676042 0.374560 0.678125 0.375147 0.681250 0.375733 0.685417 0.375147 0.688542 0.376319 0.693750 0.376319 0.695833 0.377491 0.701042 0.377491 0.704167 0.379250 0.705208 0.379250 0.708333 0.381594 0.711458 0.382181 0.715625 0.383939 0.716667 0.386284 0.718750 0.388042 0.718750 0.390387 0.716667 0.395076 0.716667 0.402110 0.715625 0.400938 0.715625 0.399766 0.713542 0.398593 0.710417 0.399766 0.711458 0.400938 0.711458 0.401524 0.715625 0.400938 0.716667 0.402110 0.715625 0.403869 0.713542 0.405041 0.708333 0.405627 0.706250 0.406213 0.704167 0.406800 0.701042 0.409144 0.697917 0.409144 0.695833 0.410317 0.693750 0.410317 0.691667 0.410903 0.689583 0.412075 0.687500 0.412075 0.684375 0.413834 0.654167 0.414420 0.642708 0.413834 0.637500 0.410903 0.633333 0.410317 0.626042 0.409730 0.615625 0.407386 0.610417 0.407386 0.606250 0.406800 0.601042 0.406213 0.597917 0.405041 0.593750 0.405041 0.592708 0.403283 0.589583 0.402696 0.588542 0.403283 0.585417 0.403283 0.584375 0.402696 0.580208 0.403283 0.575000 0.402110 0.571875 0.402696 0.560417 0.401524 0.558333 0.401524 0.544792 0.401524 0.542708 0.402110 0.539583 0.402696 0.535417 0.402696 0.533333 0.403283 0.529167 0.405041 0.526042 0.405041 0.522917 0.406800 0.521875 0.408558 0.515625 0.411489 0.514583 0.412661 0.513542 0.414420 0.513542 0.416764 0.512500 0.417937 0.510417 0.419109 0.510417 0.420868 0.508333 0.422626 0.508333 0.425557 0.509375 0.426143 0.509375 0.428488 0.507292 0.430246 0.507292 0.433177 0.504167 0.433763 0.502083 0.435522 0.503125 0.432591 0.503125 0.431419 0.501042 0.430246 0.493750 0.429074 0.491667 0.429074 0.491667 0.427902 0.489583 0.426729 0.486458 0.426729 0.483333 0.424971 0.481250 0.424971 0.479167 0.423798 0.476042 0.423212 0.473958 0.423212 0.470833 0.422626 0.468750 0.422040 0.466667 0.419109 0.463542 0.417351 0.462500 0.415592 0.461458 0.415592 0.459375 0.414420 0.459375 0.411489 0.456250 0.408558 0.456250 0.406800 0.454167 0.405041 0.455208 0.401524 0.455208 0.399766 0.453125 0.397421 0.453125 0.394490 0.454167 0.393904 0.454167 0.390973 0.453125 0.390387 0.453125 0.386870 0.455208 0.385111 0.455208 0.383939 0.453125 0.382181 0.453125 0.378664 0.451042 0.376905 0.453125 0.372216 0.453125 0.366940 0.452083 0.363423 0.451042 0.362251 0.448958 0.361079 0.448958 0.360492 0.442708 0.359320 0.437500 0.358734 0.437500 0.355217 0.438542 0.354631 0.437500 0.350528 0.437500 0.348769 0.439583 0.348183 0.440625 0.349941 0.444792 0.352286 0.444792 0.353458 0.446875 0.354631 0.450000 0.354045 0.450000 0.354631 0.450000 0.359320 0.452083 0.358148 0.452083 0.356389 0.451042 0.355803 0.450000 0.354631 0.450000 0.354045 0.450000 0.353458 0.452083 0.352872 0.454167 0.351700 0.455208 0.348183 0.455208 0.349355 0.456250 0.350528 0.459375 0.348183 0.457292 0.347011 0.457292 0.345252 0.460417 0.343494 0.464583 0.337632 0.465625 0.336460 0.469792 0.334115 0.475000 0.334701 0.477083 0.331770 0.482292 0.329426
2 0.485417 0.140680 0.476042 0.141266 0.468750 0.141852 0.457292 0.143611 0.453125 0.144197 0.450000 0.145369 0.445833 0.145369 0.442708 0.146542 0.439583 0.146542 0.435417 0.147714 0.432292 0.148300 0.430208 0.149472 0.429167 0.150645 0.429167 0.153576 0.432292 0.159437 0.433333 0.161196 0.435417 0.162954 0.436458 0.164713 0.437500 0.167057 0.437500 0.173505 0.436458 0.174678 0.431250 0.175264 0.428125 0.173505 0.426042 0.172919 0.422917 0.172919 0.414583 0.171161 0.413542 0.172919 0.413542 0.178781 0.414583 0.181712 0.415625 0.184056 0.416667 0.185815 0.418750 0.187573 0.419792 0.189332 0.421875 0.194607 0.422917 0.200469 0.425000 0.202814 0.426042 0.205158 0.427083 0.209848 0.428125 0.216295 0.429167 0.222157 0.429167 0.228605 0.430208 0.233294 0.431250 0.236811 0.433333 0.243259 0.434375 0.245604 0.435417 0.247948 0.441667 0.256741 0.442708 0.258499 0.445833 0.266120 0.448958 0.269637 0.450000 0.271981 0.451042 0.276084 0.453125 0.280188 0.454167 0.281360 0.455208 0.282532 0.461458 0.287222 0.461458 0.287808 0.462500 0.288394 0.468750 0.291325 0.470833 0.291911 0.478125 0.293669 0.481250 0.293669 0.486458 0.296014 0.492708 0.296600 0.497917 0.296600 0.501042 0.296014 0.509375 0.293669 0.511458 0.292497 0.514583 0.291911 0.515625 0.291325 0.519792 0.288394 0.522917 0.284877 0.526042 0.280774 0.527083 0.279015 0.529167 0.274912 0.529167 0.272567 0.531250 0.268464 0.537500 0.259086 0.539583 0.254982 0.540625 0.250879 0.543750 0.246776 0.544792 0.242673 0.545833 0.237984 0.546875 0.231536 0.546875 0.225674 0.547917 0.219226 0.548958 0.214537 0.550000 0.209848 0.554167 0.201641 0.554167 0.198710 0.555208 0.195780 0.558333 0.192263 0.559375 0.188746 0.560417 0.186987 0.563542 0.184642 0.564583 0.182884 0.564583 0.181125 0.567708 0.177608 0.568750 0.175850 0.568750 0.172919 0.570833 0.169402 0.570833 0.168230 0.569792 0.162368 0.568750 0.159437 0.567708 0.157679 0.565625 0.156506 0.560417 0.153576 0.558333 0.152403 0.552083 0.149472 0.543750 0.146542 0.535417 0.144197 0.532292 0.144197 0.529167 0.143025 0.523958 0.143025 0.520833 0.141852 0.517708 0.143025 0.517708 0.144197 0.516667 0.144783 0.515625 0.150059 0.515625 0.164713 0.514583 0.171747 0.512500 0.175850 0.511458 0.177022 0.508333 0.178781 0.508333 0.179367 0.506250 0.180539 0.502083 0.180539 0.500000 0.179367 0.498958 0.177608 0.500000 0.161196 0.500000 0.146542 0.497917 0.141266 0.487500 0.140680 0.485417 0.140680
2 0.641667 0.059789 0.637500 0.060961 0.623958 0.060961 0.621875 0.061547 0.619792 0.062720 0.618750 0.063892 0.617708 0.065651 0.617708 0.072098 0.616667 0.076202 0.615625 0.077960 0.613542 0.080305 0.611458 0.081477 0.609375 0.081477 0.606250 0.079719 0.604167 0.079719 0.602083 0.078546 0.601042 0.077374 0.600000 0.075029 0.600000 0.070340 0.597917 0.067409 0.594792 0.067995 0.594792 0.069754 0.590625 0.072098 0.590625 0.076202 0.588542 0.077960 0.587500 0.080305 0.587500 0.091442 0.588542 0.107855 0.588542 0.129543 0.587500 0.134232 0.587500 0.135404 0.588542 0.138921 0.587500 0.144197 0.587500 0.154748 0.588542 0.172919 0.590625 0.176436 0.590625 0.249707 0.591667 0.254982 0.592708 0.257913 0.593750 0.261430 0.594792 0.262603 0.598958 0.264947 0.602083 0.266120 0.609375 0.268464 0.611458 0.269050 0.614583 0.269050 0.617708 0.270223 0.621875 0.270223 0.625000 0.271395 0.633333 0.271395 0.642708 0.270809 0.645833 0.270223 0.651042 0.269050 0.653125 0.268464 0.654167 0.267878 0.655208 0.266706 0.656250 0.264947 0.659375 0.263189 0.660417 0.262016 0.661458 0.260844 0.662500 0.259086 0.663542 0.253810 0.666667 0.248535 0.667708 0.245604 0.668750 0.242673 0.669792 0.238570 0.670833 0.228019 0.672917 0.224502 0.672917 0.220985 0.676042 0.214537 0.676042 0.210434 0.677083 0.206917 0.680208 0.201641 0.681250 0.195780 0.684375 0.189918 0.685417 0.183470 0.688542 0.177022 0.688542 0.173505 0.690625 0.170574 0.691667 0.167057 0.692708 0.163540 0.693750 0.156506 0.694792 0.153576 0.695833 0.150645 0.696875 0.148300 0.700000 0.143611 0.701042 0.140680 0.701042 0.135404 0.703125 0.131301 0.703125 0.126026 0.706250 0.122509 0.706250 0.117819 0.708333 0.114889 0.708333 0.111372 0.710417 0.107855 0.710417 0.103165 0.711458 0.100821 0.713542 0.098476 0.713542 0.094373 0.715625 0.091442 0.715625 0.087339 0.717708 0.083822 0.717708 0.077374 0.716667 0.073857 0.715625 0.072098 0.706250 0.066823 0.703125 0.066237 0.700000 0.064478 0.692708 0.062720 0.688542 0.062134 0.679167 0.061547 0.671875 0.061547 0.664583 0.060961 0.660417 0.059789 0.656250 0.059789 0.648958 0.060375 0.647917 0.059789 0.641667 0.059789
2 0.763542 0.133646 0.756250 0.134232 0.750000 0.134818 0.744792 0.135991 0.736458 0.135991 0.732292 0.136577 0.728125 0.137163 0.725000 0.137749 0.720833 0.138335 0.716667 0.140680 0.711458 0.141266 0.708333 0.142438 0.705208 0.144197 0.704167 0.145369 0.703125 0.146542 0.701042 0.150645 0.701042 0.154162 0.698958 0.157679 0.697917 0.161196 0.697917 0.166471 0.695833 0.171161 0.694792 0.179953 0.693750 0.188159 0.694792 0.191676 0.694792 0.192849 0.693750 0.198124 0.691667 0.203986 0.690625 0.216295 0.690625 0.225088 0.691667 0.236811 0.692708 0.243845 0.693750 0.249121 0.694792 0.252638 0.696875 0.256155 0.696875 0.260258 0.698958 0.262603 0.700000 0.265533 0.703125 0.276671 0.704167 0.279015 0.705208 0.280774 0.707292 0.282532 0.708333 0.284291 0.709375 0.286635 0.710417 0.288980 0.710417 0.292497 0.711458 0.293083 0.711458 0.296014 0.710417 0.297186 0.707292 0.298945 0.704167 0.299531 0.704167 0.300117 0.702083 0.301876 0.700000 0.303048 0.693750 0.306565 0.692708 0.307151 0.691667 0.307151 0.689583 0.308324 0.688542 0.311254 0.687500 0.312427 0.684375 0.314771 0.683333 0.317116 0.683333 0.318875 0.684375 0.321219 0.685417 0.322392 0.687500 0.324150 0.689583 0.325322 0.692708 0.325909 0.695833 0.326495 0.698958 0.326495 0.702083 0.327081 0.704167 0.327667 0.706250 0.328253 0.714583 0.331184 0.720833 0.334701 0.726042 0.335873 0.733333 0.338804 0.737500 0.341149 0.739583 0.341735 0.746875 0.342321 0.751042 0.344080 0.757292 0.344080 0.760417 0.343494 0.763542 0.342907 0.765625 0.341735 0.770833 0.341149 0.777083 0.338804 0.781250 0.336460 0.781250 0.335873 0.786458 0.332943 0.787500 0.331184 0.788542 0.329426 0.788542 0.321805 0.787500 0.318875 0.783333 0.314185 0.779167 0.311254 0.773958 0.308324 0.771875 0.305979 0.769792 0.304807 0.764583 0.302462 0.763542 0.301290 0.763542 0.298359 0.764583 0.297186 0.767708 0.294256 0.768750 0.293083 0.772917 0.288980 0.776042 0.286049 0.779167 0.284291 0.781250 0.281360 0.785417 0.278429 0.792708 0.269637 0.800000 0.263189 0.810417 0.251465 0.811458 0.247948 0.814583 0.244431 0.814583 0.242673 0.817708 0.239742 0.819792 0.235053 0.822917 0.232122 0.827083 0.225088 0.827083 0.221571 0.828125 0.219226 0.830208 0.217468 0.831250 0.215709 0.831250 0.212778 0.834375 0.204572 0.837500 0.199883 0.837500 0.197538 0.840625 0.192849 0.841667 0.189918 0.843750 0.181712 0.846875 0.174091 0.848958 0.172333 0.850000 0.170574 0.850000 0.165885 0.852083 0.162368 0.852083 0.155920 0.850000 0.154748 0.845833 0.153576 0.841667 0.156506 0.839583 0.157093 0.837500 0.157093 0.835417 0.158265 0.834375 0.160023 0.829167 0.160610 0.827083 0.159437 0.826042 0.157679 0.828125 0.154162 0.828125 0.148886 0.830208 0.147128 0.830208 0.145955 0.828125 0.143025 0.827083 0.141852 0.823958 0.141266 0.816667 0.139508 0.812500 0.137749 0.810417 0.137163 0.807292 0.136577 0.801042 0.136577 0.797917 0.135991 0.794792 0.134818 0.790625 0.134232 0.777083 0.134232 0.776042 0.133646 0.763542 0.133646
