2 0.830208 0.272567 0.835417 0.273154 0.836458 0.272567 0.840625 0.273154 0.854167 0.272567 0.856250 0.273154 0.857292 0.273740 0.858333 0.274912 0.858333 0.285463 0.860417 0.287808 0.861458 0.287808 0.863542 0.288980 0.866667 0.287808 0.866667 0.283705 0.867708 0.282532 0.872917 0.281946 0.877083 0.280188 0.879167 0.280774 0.881250 0.279601 0.884375 0.277257 0.888542 0.278429 0.891667 0.278429 0.893750 0.279601 0.895833 0.280188 0.898958 0.280188 0.901042 0.280774 0.903125 0.281360 0.905208 0.282532 0.905208 0.284877 0.906250 0.285463 0.906250 0.287222 0.905208 0.287808 0.904167 0.290739 0.904167 0.296014 0.903125 0.298945 0.902083 0.301876 0.898958 0.305393 0.898958 0.308910 0.897917 0.311254 0.896875 0.313013 0.894792 0.314771 0.893750 0.316530 0.893750 0.318875 0.891667 0.320633 0.891667 0.326495 0.889583 0.330012 0.889583 0.335287 0.888542 0.338804 0.887500 0.341735 0.884375 0.345252 0.883333 0.348183 0.882292 0.351700 0.882292 0.355217 0.881250 0.358148 0.878125 0.364009 0.877083 0.365768 0.875000 0.367526 0.872917 0.369285 0.861458 0.375733 0.860417 0.376905 0.859375 0.378077 0.857292 0.381008 0.856250 0.383353 0.852083 0.392145 0.851042 0.398007 0.848958 0.400938 0.847917 0.403869 0.846875 0.407386 0.844792 0.415006 0.844792 0.419695 0.842708 0.423212 0.841667 0.427902 0.841667 0.432591 0.840625 0.437280 0.838542 0.439625 0.838542 0.442556 0.837500 0.444900 0.836458 0.447245 0.834375 0.449004 0.831250 0.450176 0.829167 0.450762 0.827083 0.451348 0.819792 0.451934 0.810417 0.452521 0.808333 0.452521 0.797917 0.451934 0.790625 0.451348 0.787500 0.450176 0.783333 0.450176 0.779167 0.448417 0.775000 0.448417 0.771875 0.447831 0.769792 0.447245 0.767708 0.446659 0.762500 0.443728 0.758333 0.443142 0.755208 0.441383 0.759375 0.439625 0.762500 0.440211 0.762500 0.438453 0.759375 0.439625 0.755208 0.441383 0.752083 0.440797 0.748958 0.439625 0.742708 0.436108 0.741667 0.434936 0.740625 0.432005 0.740625 0.430832 0.743750 0.425557 0.744792 0.424385 0.747917 0.422040 0.748958 0.420868 0.750000 0.417937 0.750000 0.415006 0.756250 0.405041 0.757292 0.402696 0.757292 0.399179 0.762500 0.389215 0.762500 0.383939 0.764583 0.380422 0.765625 0.374560 0.766667 0.366354 0.766667 0.354045 0.768750 0.347597 0.768750 0.339977 0.769792 0.334115 0.771875 0.328253 0.772917 0.321219 0.773958 0.313013 0.773958 0.301876 0.775000 0.290739 0.776042 0.283705 0.777083 0.281946 0.780208 0.278429 0.783333 0.276671 0.790625 0.274912 0.795833 0.274326 0.804167 0.273740 0.811458 0.273154 0.827083 0.272567 0.830208 0.272567
5 0.246875 0.454279 0.244792 0.455451 0.246875 0.458382 0.247917 0.455451 0.246875 0.454279
5 0.457292 0.421454 0.454167 0.422040 0.450000 0.424385 0.446875 0.424385 0.443750 0.426143 0.435417 0.428488 0.431250 0.428488 0.427083 0.430246 0.422917 0.430246 0.419792 0.431419 0.402083 0.432005 0.398958 0.432591 0.395833 0.434349 0.391667 0.434936 0.389583 0.436108 0.387500 0.436694 0.384375 0.436694 0.377083 0.438453 0.375000 0.439039 0.372917 0.440211 0.370833 0.440211 0.368750 0.440797 0.363542 0.443142 0.361458 0.444314 0.360417 0.445487 0.359375 0.446659 0.359375 0.449004 0.358333 0.451348 0.356250 0.453107 0.352083 0.455451 0.350000 0.457796 0.347917 0.458968 0.346875 0.458968 0.344792 0.460141 0.342708 0.461899 0.342708 0.462485 0.341667 0.463072 0.339583 0.463658 0.336458 0.463658 0.333333 0.464830 0.326042 0.465416 0.323958 0.465416 0.322917 0.464830 0.320833 0.464830 0.319792 0.465416 0.317708 0.465416 0.316667 0.464830 0.313542 0.464830 0.308333 0.466589 0.302083 0.467175 0.297917 0.467761 0.294792 0.469519 0.289583 0.470692 0.286458 0.472450 0.283333 0.473036 0.281250 0.474209 0.275000 0.477726 0.272917 0.478898 0.269792 0.481243 0.268750 0.481243 0.265625 0.483001 0.263542 0.484760 0.262500 0.485932 0.261458 0.488277 0.261458 0.492380 0.263542 0.495311 0.264583 0.501172 0.265625 0.504103 0.266667 0.506448 0.267708 0.508206 0.268750 0.509379 0.280208 0.515240 0.281250 0.515826 0.281250 0.516413 0.286458 0.521102 0.289583 0.523447 0.294792 0.526377 0.296875 0.526964 0.300000 0.527550 0.307292 0.528136 0.322917 0.528136 0.328125 0.528722 0.332292 0.529894 0.341667 0.530481 0.355208 0.530481 0.358333 0.529894 0.360417 0.529308 0.365625 0.526377 0.366667 0.524619 0.370833 0.522274 0.372917 0.521688 0.379167 0.522274 0.383333 0.521688 0.385417 0.522274 0.392708 0.525791 0.395833 0.525791 0.396875 0.526377 0.398958 0.526377 0.409375 0.525791 0.412500 0.526964 0.420833 0.526964 0.423958 0.526964 0.429167 0.525791 0.438542 0.523447 0.446875 0.523447 0.451042 0.522860 0.454167 0.521688 0.462500 0.521688 0.466667 0.523447 0.473958 0.524033 0.478125 0.525791 0.484375 0.526377 0.490625 0.526964 0.495833 0.526377 0.497917 0.525791 0.502083 0.523447 0.505208 0.523447 0.510417 0.522274 0.513542 0.521688 0.520833 0.517585 0.527083 0.516999 0.529167 0.516413 0.532292 0.514654 0.534375 0.514068 0.537500 0.513482 0.540625 0.512896 0.543750 0.512896 0.547917 0.512309 0.553125 0.509379 0.556250 0.508206 0.558333 0.508206 0.560417 0.507620 0.566667 0.504103 0.573958 0.502345 0.581250 0.498242 0.582292 0.497069 0.581250 0.492966 0.582292 0.491794 0.583333 0.490621 0.586458 0.488277 0.592708 0.484174 0.594792 0.482415 0.603125 0.474795 0.604167 0.473623 0.605208 0.472450 0.606250 0.470692 0.605208 0.462485 0.607292 0.460141 0.606250 0.454279 0.602083 0.454279 0.601042 0.454865 0.596875 0.454865 0.595833 0.454279 0.591667 0.454279 0.588542 0.455451 0.585417 0.457210 0.583333 0.457796 0.581250 0.457796 0.579167 0.458382 0.575000 0.457796 0.572917 0.457210 0.570833 0.456038 0.569792 0.454279 0.562500 0.444900 0.561458 0.443728 0.558333 0.441970 0.555208 0.440797 0.552083 0.440211 0.547917 0.437866 0.540625 0.436108 0.533333 0.436108 0.531250 0.435522 0.528125 0.433763 0.522917 0.432591 0.519792 0.432591 0.517708 0.432005 0.515625 0.431419 0.504167 0.427315 0.502083 0.427315 0.496875 0.424385 0.494792 0.424385 0.489583 0.422040 0.485417 0.422040 0.479167 0.422626 0.469792 0.421454 0.457292 0.421454
5 0.626042 0.611372 0.627083 0.612544 0.628125 0.611372 0.626042 0.611372
5 0.694792 0.604338 0.697917 0.604924 0.700000 0.605510 0.706250 0.608441 0.709375 0.610199 0.709375 0.610785 0.713542 0.613130 0.715625 0.613130 0.718750 0.614889 0.718750 0.615475 0.721875 0.617233 0.723958 0.617819 0.729167 0.618406 0.732292 0.618992 0.734375 0.620164 0.761458 0.624267 0.770833 0.626026 0.775000 0.627784 0.777083 0.627198 0.779167 0.627198 0.782292 0.626026 0.784375 0.626026 0.788542 0.626612 0.796875 0.625440 0.801042 0.626026 0.803125 0.626026 0.806250 0.624853 0.815625 0.625440 0.817708 0.626026 0.818750 0.627784 0.819792 0.628957 0.820833 0.630129 0.822917 0.631301 0.826042 0.632474 0.829167 0.633060 0.834375 0.635991 0.837500 0.638335 0.837500 0.638921 0.840625 0.640094 0.841667 0.640680 0.841667 0.641266 0.847917 0.645955 0.848958 0.647128 0.850000 0.648300 0.851042 0.651231 0.852083 0.653576 0.851042 0.657093 0.851042 0.658265 0.852083 0.660023 0.853125 0.661196 0.857292 0.661782 0.859375 0.660610 0.859375 0.660023 0.861458 0.658851 0.863542 0.660023 0.873958 0.659437 0.873958 0.658851 0.876042 0.657679 0.884375 0.658265 0.888542 0.658265 0.890625 0.657093 0.897917 0.657679 0.901042 0.657679 0.904167 0.657093 0.906250 0.655920 0.906250 0.655334 0.908333 0.654162 0.910417 0.654748 0.913542 0.652989 0.913542 0.651817 0.916667 0.650059 0.918750 0.650059 0.923958 0.647128 0.930208 0.646542 0.934375 0.647128 0.936458 0.645955 0.936458 0.644197 0.937500 0.642438 0.943750 0.643025 0.945833 0.644197 0.950000 0.644783 0.952083 0.647128 0.953125 0.649472 0.953125 0.654748 0.954167 0.658265 0.955208 0.660023 0.957292 0.662368 0.958333 0.663540 0.959375 0.664127 0.960417 0.664127 0.962500 0.665299 0.965625 0.665299 0.968750 0.667057 0.968750 0.667644 0.970833 0.668816 0.972917 0.668816 0.978125 0.671747 0.981250 0.671747 0.983333 0.672333 0.989583 0.675850 0.990625 0.678195 0.993750 0.679953 0.994792 0.681125 0.995833 0.682884 0.995833 0.685229 0.998958 0.686401 0.998958 0.702227 0.996875 0.702227 0.995833 0.702814 0.990625 0.703400 0.987500 0.702814 0.985417 0.703400 0.984375 0.703400 0.983333 0.703986 0.983333 0.704572 0.967708 0.705744 0.938542 0.705744 0.933333 0.706917 0.921875 0.706917 0.920833 0.706331 0.910417 0.706331 0.904167 0.707503 0.890625 0.707503 0.852083 0.706917 0.837500 0.706331 0.830208 0.705744 0.820833 0.703986 0.814583 0.703400 0.807292 0.703986 0.800000 0.702814 0.790625 0.702814 0.783333 0.702227 0.779167 0.701641 0.775000 0.701055 0.770833 0.699297 0.761458 0.699297 0.760417 0.699883 0.751042 0.699883 0.747917 0.698124 0.741667 0.697538 0.738542 0.696366 0.735417 0.695780 0.731250 0.696366 0.727083 0.694607 0.725000 0.694021 0.720833 0.693435 0.713542 0.694021 0.706250 0.692263 0.702083 0.692263 0.697917 0.691676 0.690625 0.689918 0.684375 0.689918 0.681250 0.688746 0.673958 0.687573 0.668750 0.687573 0.657292 0.685229 0.648958 0.683470 0.641667 0.681712 0.636458 0.681712 0.630208 0.679953 0.622917 0.679367 0.617708 0.678195 0.610417 0.674678 0.606250 0.674678 0.604167 0.674091 0.602083 0.673505 0.598958 0.671747 0.596875 0.671161 0.594792 0.670574 0.590625 0.670574 0.586458 0.669988 0.584375 0.669402 0.581250 0.667644 0.576042 0.666471 0.569792 0.662954 0.568750 0.662954 0.563542 0.660023 0.561458 0.657093 0.559375 0.655920 0.556250 0.655334 0.555208 0.654748 0.554167 0.653576 0.553125 0.651817 0.546875 0.648300 0.543750 0.647128 0.541667 0.647128 0.535417 0.643611 0.532292 0.643025 0.530208 0.641852 0.530208 0.641266 0.529167 0.640680 0.527083 0.640094 0.522917 0.638921 0.517708 0.638335 0.515625 0.637749 0.512500 0.635991 0.511458 0.635991 0.509375 0.634818 0.508333 0.633060 0.507292 0.631887 0.506250 0.631301 0.502083 0.630129 0.508333 0.629543 0.510417 0.629543 0.517708 0.630129 0.521875 0.631887 0.525000 0.631887 0.528125 0.633060 0.530208 0.633060 0.536458 0.633646 0.541667 0.634232 0.547917 0.633646 0.551042 0.634818 0.555208 0.632474 0.557292 0.631887 0.567708 0.629543 0.569792 0.628370 0.569792 0.627784 0.571875 0.626612 0.576042 0.626026 0.578125 0.625440 0.581250 0.623681 0.584375 0.623095 0.588542 0.620750 0.593750 0.618406 0.601042 0.617819 0.603125 0.616647 0.609375 0.616061 0.614583 0.616061 0.620833 0.617233 0.622917 0.617233 0.622917 0.624267 0.620833 0.624853 0.618750 0.624853 0.614583 0.626612 0.611458 0.626612 0.613542 0.627784 0.613542 0.630715 0.611458 0.630129 0.609375 0.631301 0.606250 0.634232 0.606250 0.635404 0.606250 0.640680 0.604167 0.640094 0.601042 0.641852 0.601042 0.647714 0.604167 0.651231 0.607292 0.652989 0.610417 0.654162 0.613542 0.654162 0.616667 0.652403 0.617708 0.649472 0.618750 0.648300 0.620833 0.648300 0.623958 0.646542 0.623958 0.645955 0.627083 0.644197 0.630208 0.643611 0.631250 0.643025 0.632292 0.641852 0.632292 0.640094 0.635417 0.638335 0.637500 0.638335 0.639583 0.637163 0.639583 0.636577 0.641667 0.635404 0.646875 0.633060 0.648958 0.630129 0.648958 0.628370 0.650000 0.627784 0.650000 0.626612 0.647917 0.625440 0.645833 0.624853 0.638542 0.624853 0.635417 0.624853 0.631250 0.626026 0.627083 0.626612 0.622917 0.624267 0.622917 0.617233 0.625000 0.616061 0.628125 0.615475 0.630208 0.615475 0.632292 0.616647 0.635417 0.617233 0.641667 0.616647 0.643750 0.617233 0.650000 0.617819 0.653125 0.618992 0.658333 0.618406 0.661458 0.620164 0.668750 0.620164 0.670833 0.619578 0.677083 0.616061 0.678125 0.614889 0.679167 0.613130 0.679167 0.610785 0.680208 0.609613 0.683333 0.607855 0.684375 0.607855 0.686458 0.606682 0.688542 0.604338 0.694792 0.604338
4 0.433333 0.401524 0.430208 0.402110 0.427083 0.403869 0.425000 0.403869 0.422917 0.404455 0.420833 0.406213 0.417708 0.406800 0.413542 0.409730 0.410417 0.411489 0.407292 0.412075 0.402083 0.412075 0.397917 0.411489 0.390625 0.410317 0.387500 0.409144 0.383333 0.408558 0.376042 0.407972 0.365625 0.407972 0.356250 0.408558 0.352083 0.409144 0.348958 0.410317 0.342708 0.410903 0.340625 0.410903 0.336458 0.410317 0.327083 0.410903 0.320833 0.411489 0.316667 0.413247 0.315625 0.413247 0.313542 0.413834 0.312500 0.414420 0.311458 0.416178 0.309375 0.417351 0.305208 0.418523 0.302083 0.419695 0.297917 0.420281 0.294792 0.420868 0.290625 0.420868 0.286458 0.422626 0.282292 0.422626 0.278125 0.423798 0.270833 0.426143 0.264583 0.426729 0.259375 0.427902 0.257292 0.428488 0.255208 0.429660 0.253125 0.429660 0.251042 0.430246 0.247917 0.432005 0.245833 0.432591 0.241667 0.432591 0.235417 0.432005 0.231250 0.433177 0.228125 0.433763 0.226042 0.434936 0.226042 0.435522 0.222917 0.437280 0.221875 0.437280 0.218750 0.439039 0.209375 0.444900 0.206250 0.447245 0.204167 0.449004 0.203125 0.450762 0.198958 0.457796 0.198958 0.460141 0.200000 0.462485 0.202083 0.465416 0.203125 0.466589 0.207292 0.468933 0.211458 0.470106 0.212500 0.470692 0.216667 0.473036 0.217708 0.474795 0.223958 0.478312 0.226042 0.478312 0.228125 0.479484 0.232292 0.480070 0.236458 0.480657 0.242708 0.481243 0.244792 0.481243 0.247917 0.480657 0.252083 0.478898 0.255208 0.479484 0.260417 0.480070 0.266667 0.479484 0.277083 0.475381 0.283333 0.471864 0.286458 0.471278 0.292708 0.468347 0.295833 0.467175 0.301042 0.465416 0.303125 0.464830 0.305208 0.464244 0.308333 0.463658 0.315625 0.463072 0.319792 0.463072 0.320833 0.463658 0.323958 0.463658 0.331250 0.463072 0.335417 0.462485 0.338542 0.461899 0.340625 0.461313 0.351042 0.455451 0.353125 0.453693 0.357292 0.449004 0.358333 0.446073 0.359375 0.444900 0.360417 0.443728 0.369792 0.438453 0.372917 0.437866 0.381250 0.436694 0.388542 0.434936 0.391667 0.433763 0.394792 0.432005 0.396875 0.431419 0.398958 0.430832 0.402083 0.430246 0.407292 0.429660 0.420833 0.429660 0.422917 0.428488 0.428125 0.427902 0.437500 0.427902 0.439583 0.427315 0.442708 0.426143 0.446875 0.423798 0.450000 0.423212 0.455208 0.420281 0.468750 0.420281 0.481250 0.421454 0.483333 0.421454 0.489583 0.420281 0.489583 0.417937 0.488542 0.416178 0.486458 0.415006 0.485417 0.415006 0.482292 0.413247 0.479167 0.412075 0.473958 0.410903 0.469792 0.410317 0.461458 0.410317 0.458333 0.409730 0.454167 0.407972 0.445833 0.403283 0.441667 0.401524 0.433333 0.401524
4 0.219792 0.558617 0.215625 0.560375 0.206250 0.559789 0.200000 0.559789 0.197917 0.560375 0.194792 0.561547 0.191667 0.562720 0.188542 0.564478 0.187500 0.565651 0.186458 0.566823 0.185417 0.568581 0.181250 0.577960 0.180208 0.584408 0.179167 0.587339 0.177083 0.589683 0.177083 0.596717 0.178125 0.598476 0.179167 0.600234 0.180208 0.601407 0.183333 0.603165 0.184375 0.604338 0.185417 0.605510 0.186458 0.607268 0.186458 0.611958 0.184375 0.614302 0.179167 0.620750 0.178125 0.621923 0.177083 0.623095 0.172917 0.626026 0.171875 0.627784 0.171875 0.633060 0.170833 0.635404 0.169792 0.636577 0.166667 0.638335 0.162500 0.640094 0.159375 0.640680 0.156250 0.642438 0.155208 0.649472 0.154167 0.650645 0.152083 0.651817 0.147917 0.652989 0.145833 0.652989 0.143750 0.651817 0.142708 0.650645 0.141667 0.649472 0.139583 0.644783 0.137500 0.642438 0.135417 0.641266 0.132292 0.640094 0.129167 0.639508 0.122917 0.635991 0.120833 0.635404 0.115625 0.634818 0.113542 0.634818 0.112500 0.635404 0.110417 0.635404 0.109375 0.634818 0.106250 0.634818 0.102083 0.635404 0.094792 0.636577 0.092708 0.637163 0.090625 0.638335 0.087500 0.638335 0.084375 0.639508 0.072917 0.641266 0.064583 0.641852 0.057292 0.644197 0.054167 0.644197 0.051042 0.645369 0.047917 0.645369 0.043750 0.647714 0.039583 0.648300 0.028125 0.652403 0.020833 0.654748 0.018750 0.654748 0.016667 0.655334 0.011458 0.658265 0.009375 0.660023 0.008333 0.661196 0.007292 0.663540 0.006250 0.665885 0.006250 0.675264 0.008333 0.681125 0.008333 0.689918 0.009375 0.694607 0.011458 0.697538 0.015625 0.702227 0.017708 0.703400 0.019792 0.703986 0.021875 0.704572 0.027083 0.705158 0.030208 0.705744 0.032292 0.706917 0.037500 0.708089 0.042708 0.708675 0.048958 0.708089 0.060417 0.708675 0.063542 0.707503 0.066667 0.707503 0.072917 0.709261 0.078125 0.709261 0.083333 0.708675 0.086458 0.708089 0.090625 0.707503 0.094792 0.705158 0.100000 0.703986 0.102083 0.704572 0.104167 0.705744 0.106250 0.708089 0.107292 0.709261 0.109375 0.712778 0.120833 0.719226 0.126042 0.720985 0.130208 0.722743 0.131250 0.723329 0.134375 0.725674 0.139583 0.726846 0.142708 0.728605 0.147917 0.730363 0.152083 0.731536 0.158333 0.733294 0.163542 0.733880 0.168750 0.734467 0.186458 0.734467 0.191667 0.733294 0.198958 0.733294 0.202083 0.733880 0.208333 0.735639 0.216667 0.735639 0.220833 0.733880 0.227083 0.731536 0.230208 0.729777 0.234375 0.728605 0.236458 0.727433 0.238542 0.725674 0.239583 0.724502 0.240625 0.722157 0.241667 0.718640 0.242708 0.716882 0.243750 0.715709 0.247917 0.713365 0.255208 0.707503 0.259375 0.702814 0.261458 0.699883 0.263542 0.696952 0.264583 0.695193 0.265625 0.693435 0.265625 0.690504 0.266667 0.689332 0.267708 0.688746 0.269792 0.688159 0.281250 0.687573 0.294792 0.687573 0.296875 0.685815 0.296875 0.681125 0.295833 0.678781 0.293750 0.676436 0.290625 0.672919 0.286458 0.669988 0.285417 0.668816 0.285417 0.667644 0.286458 0.667057 0.286458 0.665299 0.287500 0.663540 0.290625 0.660610 0.291667 0.658851 0.292708 0.657093 0.291667 0.651231 0.291667 0.649472 0.292708 0.647714 0.294792 0.646542 0.298958 0.648300 0.309375 0.651231 0.314583 0.651817 0.325000 0.651231 0.329167 0.650645 0.331250 0.650059 0.333333 0.649472 0.338542 0.647714 0.341667 0.645955 0.348958 0.641266 0.352083 0.637749 0.354167 0.633060 0.357292 0.629543 0.359375 0.627784 0.365625 0.624267 0.366667 0.623095 0.367708 0.620750 0.369792 0.618406 0.372917 0.616647 0.379167 0.616647 0.382292 0.616061 0.385417 0.615475 0.387500 0.614889 0.392708 0.612544 0.400000 0.610785 0.402083 0.610199 0.403125 0.609613 0.404167 0.608441 0.404167 0.602579 0.402083 0.600234 0.401042 0.597304 0.400000 0.593787 0.398958 0.589683 0.397917 0.584408 0.397917 0.579132 0.400000 0.573271 0.400000 0.567409 0.398958 0.566237 0.396875 0.565064 0.396875 0.564478 0.395833 0.563892 0.394792 0.563892 0.392708 0.562720 0.389583 0.562134 0.386458 0.561547 0.382292 0.560961 0.377083 0.560375 0.375000 0.560375 0.364583 0.561547 0.351042 0.560961 0.335417 0.562134 0.331250 0.562134 0.322917 0.561547 0.312500 0.562134 0.309375 0.562720 0.307292 0.563306 0.302083 0.566237 0.300000 0.566823 0.290625 0.568581 0.285417 0.570926 0.283333 0.571512 0.280208 0.571512 0.276042 0.569168 0.273958 0.566823 0.271875 0.565064 0.269792 0.563892 0.266667 0.562720 0.264583 0.562134 0.262500 0.561547 0.251042 0.560961 0.241667 0.561547 0.231250 0.559203 0.226042 0.558617 0.219792 0.558617
4 0.476042 0.705744 0.471875 0.706331 0.469792 0.706917 0.464583 0.709848 0.462500 0.709848 0.457292 0.712192 0.454167 0.712192 0.451042 0.713365 0.440625 0.712778 0.434375 0.713365 0.430208 0.712778 0.425000 0.713951 0.422917 0.714537 0.418750 0.716295 0.414583 0.716882 0.406250 0.716882 0.396875 0.713951 0.394792 0.713951 0.392708 0.714537 0.391667 0.715123 0.391667 0.715709 0.389583 0.716882 0.389583 0.717468 0.382292 0.718054 0.380208 0.717468 0.378125 0.716882 0.375000 0.715123 0.371875 0.713951 0.367708 0.713951 0.364583 0.714537 0.361458 0.715709 0.359375 0.716882 0.359375 0.717468 0.356250 0.719226 0.351042 0.719812 0.337500 0.719812 0.336458 0.720985 0.338542 0.723329 0.338542 0.724502 0.333333 0.728019 0.331250 0.729777 0.330208 0.730950 0.329167 0.732708 0.328125 0.735053 0.328125 0.738570 0.329167 0.739156 0.329167 0.743259 0.331250 0.746776 0.331250 0.750879 0.332292 0.752638 0.334375 0.754982 0.335417 0.756155 0.336458 0.756741 0.345833 0.761430 0.348958 0.762016 0.352083 0.763189 0.355208 0.764947 0.358333 0.767292 0.361458 0.769637 0.362500 0.770809 0.365625 0.774912 0.365625 0.777843 0.366667 0.779601 0.370833 0.784877 0.371875 0.786635 0.375000 0.788980 0.382292 0.793669 0.387500 0.796600 0.389583 0.797186 0.394792 0.797773 0.396875 0.797773 0.401042 0.796600 0.408333 0.796600 0.415625 0.797186 0.419792 0.797773 0.422917 0.798359 0.426042 0.798945 0.432292 0.802462 0.433333 0.804220 0.437500 0.807151 0.443750 0.810668 0.446875 0.811254 0.452083 0.810082 0.451042 0.808910 0.448958 0.807737 0.444792 0.803048 0.444792 0.801876 0.445833 0.800703 0.447917 0.799531 0.451042 0.798945 0.454167 0.800703 0.459375 0.800703 0.463542 0.801290 0.465625 0.802462 0.468750 0.803048 0.473958 0.803634 0.478125 0.803048 0.482292 0.804220 0.493750 0.804807 0.496875 0.805393 0.501042 0.807737 0.504167 0.808324 0.509375 0.809496 0.512500 0.810082 0.516667 0.810082 0.519792 0.811254 0.522917 0.811254 0.526042 0.811841 0.546875 0.818288 0.551042 0.818875 0.554167 0.818875 0.562500 0.817702 0.573958 0.817702 0.581250 0.818875 0.588542 0.818875 0.594792 0.819461 0.596875 0.820047 0.598958 0.820633 0.603125 0.822978 0.605208 0.823564 0.610417 0.824736 0.614583 0.825322 0.623958 0.824736 0.628125 0.823564 0.633333 0.823564 0.637500 0.822978 0.644792 0.821219 0.650000 0.821219 0.654167 0.821805 0.656250 0.822392 0.658333 0.823564 0.661458 0.823564 0.663542 0.824150 0.665625 0.824736 0.669792 0.827081 0.671875 0.829426 0.675000 0.833529 0.680208 0.836460 0.682292 0.837046 0.684375 0.837632 0.690625 0.837632 0.693750 0.837046 0.700000 0.837046 0.703125 0.836460 0.706250 0.835287 0.709375 0.835287 0.714583 0.834115 0.716667 0.833529 0.718750 0.832356 0.720833 0.831770 0.722917 0.831184 0.727083 0.831184 0.728125 0.830598 0.731250 0.830598 0.734375 0.831184 0.737500 0.831770 0.739583 0.832356 0.744792 0.835873 0.747917 0.837632 0.752083 0.836460 0.754167 0.834701 0.756250 0.834115 0.759375 0.834115 0.764583 0.837046 0.768750 0.841149 0.773958 0.844080 0.776042 0.844666 0.779167 0.844080 0.780208 0.842907 0.781250 0.841149 0.781250 0.837046 0.782292 0.834115 0.786458 0.831770 0.788542 0.832943 0.795833 0.838218 0.797917 0.839390 0.803125 0.839390 0.807292 0.837046 0.809375 0.834701 0.812500 0.830598 0.815625 0.828839 0.818750 0.828253 0.827083 0.823564 0.834375 0.823564 0.837500 0.824150 0.841667 0.826495 0.842708 0.827667 0.843750 0.828839 0.845833 0.832356 0.848958 0.832356 0.848958 0.831184 0.850000 0.830598 0.851042 0.826495 0.853125 0.824150 0.854167 0.819461 0.855208 0.818288 0.856250 0.817702 0.857292 0.817702 0.859375 0.816530 0.868750 0.816530 0.871875 0.817702 0.875000 0.817702 0.884375 0.819461 0.888542 0.820633 0.891667 0.822392 0.894792 0.822392 0.896875 0.822978 0.898958 0.824150 0.901042 0.824150 0.911458 0.827667 0.915625 0.827667 0.922917 0.829426 0.927083 0.829426 0.928125 0.830012 0.932292 0.829426 0.933333 0.828253 0.934375 0.827081 0.934375 0.824736 0.932292 0.822978 0.932292 0.821219 0.929167 0.818875 0.929167 0.817702 0.931250 0.816530 0.933333 0.816530 0.937500 0.814185 0.938542 0.811254 0.938542 0.808910 0.937500 0.804220 0.936458 0.801876 0.932292 0.799531 0.929167 0.796600 0.928125 0.795428 0.928125 0.794256 0.929167 0.793083 0.932292 0.790739 0.938542 0.787222 0.939583 0.785463 0.941667 0.783118 0.939583 0.781946 0.936458 0.781360 0.930208 0.780774 0.921875 0.781360 0.914583 0.781946 0.910417 0.783118 0.901042 0.783705 0.896875 0.784877 0.881250 0.784877 0.879167 0.784291 0.872917 0.780188 0.868750 0.777843 0.863542 0.777843 0.852083 0.776084 0.848958 0.775498 0.845833 0.774912 0.838542 0.772567 0.835417 0.771981 0.831250 0.771395 0.826042 0.771395 0.821875 0.770223 0.812500 0.770223 0.801042 0.770809 0.784375 0.770223 0.781250 0.769637 0.777083 0.766706 0.776042 0.764361 0.776042 0.762016 0.777083 0.759086 0.780208 0.756155 0.780208 0.754396 0.783333 0.750879 0.782292 0.749121 0.776042 0.748535 0.773958 0.749121 0.771875 0.750293 0.769792 0.750879 0.766667 0.750879 0.764583 0.752052 0.762500 0.752638 0.758333 0.753224 0.754167 0.753224 0.750000 0.751465 0.725000 0.751465 0.722917 0.750879 0.720833 0.749707 0.718750 0.749121 0.716667 0.748535 0.694792 0.749121 0.691667 0.749121 0.688542 0.748535 0.685417 0.746776 0.684375 0.745604 0.684375 0.739156 0.683333 0.737984 0.680208 0.736811 0.675000 0.737397 0.671875 0.736811 0.669792 0.736225 0.665625 0.733880 0.662500 0.732708 0.657292 0.732708 0.652083 0.733294 0.647917 0.734467 0.641667 0.734467 0.632292 0.732708 0.627083 0.731536 0.619792 0.729777 0.615625 0.728605 0.613542 0.728019 0.607292 0.725674 0.605208 0.725088 0.603125 0.725088 0.601042 0.723916 0.601042 0.723329 0.600000 0.722743 0.598958 0.722743 0.596875 0.721571 0.594792 0.720985 0.591667 0.720985 0.587500 0.719226 0.585417 0.718640 0.573958 0.716295 0.570833 0.715709 0.567708 0.715123 0.539583 0.715123 0.536458 0.714537 0.533333 0.713951 0.526042 0.711606 0.520833 0.711020 0.518750 0.710434 0.513542 0.707503 0.511458 0.706917 0.509375 0.706331 0.505208 0.705744 0.476042 0.705744
4 0.626042 0.625440 0.621875 0.626612 0.613542 0.626612 0.611458 0.627198 0.610417 0.627784 0.609375 0.628957 0.608333 0.633060 0.606250 0.637163 0.605208 0.638335 0.604167 0.639508 0.601042 0.641266 0.597917 0.641852 0.597917 0.644783 0.598958 0.644783 0.601042 0.645955 0.601042 0.646542 0.603125 0.647714 0.605208 0.647714 0.608333 0.650059 0.609375 0.650645 0.611458 0.651231 0.614583 0.650645 0.616667 0.649472 0.617708 0.648300 0.620833 0.647714 0.622917 0.646542 0.623958 0.645369 0.623958 0.643611 0.625000 0.642438 0.627083 0.641266 0.635417 0.638921 0.637500 0.637749 0.638542 0.635991 0.641667 0.634232 0.642708 0.630715 0.640625 0.628957 0.640625 0.627198 0.638542 0.626026 0.633333 0.625440 0.626042 0.625440
4 0.671875 0.556272 0.668750 0.556858 0.665625 0.557444 0.656250 0.560961 0.654167 0.561547 0.650000 0.562134 0.641667 0.563306 0.634375 0.565064 0.626042 0.567409 0.620833 0.571512 0.618750 0.573271 0.617708 0.575029 0.614583 0.579719 0.613542 0.583236 0.611458 0.588511 0.611458 0.591442 0.609375 0.594373 0.609375 0.600821 0.607292 0.606096 0.607292 0.611958 0.608333 0.613130 0.609375 0.614302 0.612500 0.614889 0.623958 0.614302 0.633333 0.615475 0.637500 0.614889 0.641667 0.616647 0.647917 0.617233 0.653125 0.617819 0.664583 0.618406 0.665625 0.618992 0.670833 0.618406 0.670833 0.617819 0.672917 0.616647 0.678125 0.610785 0.684375 0.607268 0.686458 0.604338 0.688542 0.602579 0.693750 0.599648 0.697917 0.599648 0.700000 0.600821 0.700000 0.603165 0.702083 0.604338 0.704167 0.607855 0.709375 0.609027 0.712500 0.610199 0.715625 0.611372 0.717708 0.612544 0.718750 0.614302 0.720833 0.615475 0.723958 0.615475 0.734375 0.618992 0.737500 0.619578 0.743750 0.620164 0.747917 0.620750 0.750000 0.621336 0.752083 0.622509 0.755208 0.622509 0.758333 0.623681 0.761458 0.624267 0.768750 0.624853 0.805208 0.624267 0.810417 0.624267 0.816667 0.624853 0.818750 0.625440 0.820833 0.626026 0.826042 0.628957 0.828125 0.631887 0.830208 0.633060 0.833333 0.633646 0.835417 0.634818 0.836458 0.636577 0.840625 0.638335 0.841667 0.638921 0.842708 0.640680 0.844792 0.641266 0.846875 0.642438 0.850000 0.645369 0.851042 0.646542 0.853125 0.650645 0.853125 0.653576 0.856250 0.653576 0.858333 0.654748 0.858333 0.655334 0.862500 0.656506 0.896875 0.656506 0.904167 0.655920 0.909375 0.654162 0.915625 0.651817 0.918750 0.650645 0.920833 0.649472 0.920833 0.648886 0.923958 0.647128 0.929167 0.645369 0.934375 0.644197 0.936458 0.643025 0.940625 0.640094 0.941667 0.640094 0.945833 0.637749 0.945833 0.636577 0.944792 0.634232 0.946875 0.631301 0.946875 0.629543 0.946875 0.623095 0.945833 0.612544 0.946875 0.605510 0.948958 0.599648 0.948958 0.594959 0.947917 0.591442 0.945833 0.589097 0.944792 0.587339 0.940625 0.584994 0.935417 0.582649 0.927083 0.582063 0.923958 0.581477 0.921875 0.580891 0.918750 0.579132 0.916667 0.578546 0.913542 0.577960 0.909375 0.577960 0.905208 0.576788 0.903125 0.575615 0.903125 0.575029 0.900000 0.573271 0.896875 0.572685 0.889583 0.572098 0.876042 0.572098 0.870833 0.570926 0.865625 0.570926 0.864583 0.571512 0.858333 0.571512 0.854167 0.572098 0.846875 0.574443 0.842708 0.575029 0.837500 0.575029 0.833333 0.575615 0.829167 0.576202 0.821875 0.577374 0.818750 0.578546 0.816667 0.578546 0.803125 0.577960 0.791667 0.577374 0.782292 0.576788 0.776042 0.575029 0.770833 0.575029 0.766667 0.572685 0.765625 0.570926 0.764583 0.568581 0.764583 0.566237 0.763542 0.564478 0.762500 0.563306 0.761458 0.562134 0.760417 0.561547 0.755208 0.559203 0.747917 0.557444 0.740625 0.557444 0.734375 0.558030 0.731250 0.559203 0.728125 0.559203 0.726042 0.559789 0.723958 0.560961 0.721875 0.560961 0.719792 0.561547 0.718750 0.562134 0.717708 0.563306 0.715625 0.565651 0.714583 0.567409 0.713542 0.569168 0.710417 0.577960 0.709375 0.579719 0.706250 0.583822 0.705208 0.584408 0.704167 0.585580 0.701042 0.583822 0.700000 0.579132 0.700000 0.575029 0.698958 0.571512 0.697917 0.569168 0.695833 0.566823 0.695833 0.564478 0.692708 0.560961 0.687500 0.558030 0.684375 0.556272 0.671875 0.556272
6 0.450000 0.341149 0.446875 0.341735 0.438542 0.343494 0.429167 0.345838 0.427083 0.346424 0.422917 0.348183 0.414583 0.352286 0.406250 0.356389 0.405208 0.358148 0.402083 0.362251 0.398958 0.364009 0.394792 0.368699 0.394792 0.372216 0.396875 0.373388 0.400000 0.373974 0.403125 0.374560 0.408333 0.374560 0.411458 0.375733 0.415625 0.375733 0.417708 0.376319 0.419792 0.377491 0.420833 0.379250 0.421875 0.380422 0.422917 0.381008 0.425000 0.381594 0.429167 0.382181 0.440625 0.383353 0.448958 0.383939 0.459375 0.384525 0.470833 0.385111 0.497917 0.385111 0.501042 0.383939 0.512500 0.383939 0.515625 0.382767 0.521875 0.382181 0.528125 0.382181 0.535417 0.381594 0.544792 0.379836 0.546875 0.379250 0.548958 0.378077 0.553125 0.377491 0.556250 0.375733 0.559375 0.375733 0.563542 0.374560 0.565625 0.373974 0.566667 0.373388 0.567708 0.372216 0.567708 0.370457 0.566667 0.369871 0.566667 0.367526 0.565625 0.365768 0.563542 0.363423 0.560417 0.362251 0.558333 0.360492 0.556250 0.357562 0.553125 0.357562 0.539583 0.349941 0.534375 0.348769 0.520833 0.345838 0.517708 0.345252 0.513542 0.345252 0.510417 0.344080 0.503125 0.343494 0.494792 0.342907 0.492708 0.342907 0.487500 0.343494 0.480208 0.342321 0.477083 0.342321 0.466667 0.342907 0.460417 0.341735 0.453125 0.341149 0.450000 0.341149
