5 0.891667 0.302462 0.883333 0.304807 0.879167 0.307151 0.878125 0.307151 0.875000 0.308910 0.865625 0.314771 0.862500 0.315944 0.854167 0.318288 0.852083 0.318875 0.851042 0.319461 0.845833 0.322978 0.844792 0.324150 0.843750 0.327081 0.840625 0.330012 0.840625 0.331184 0.841667 0.332943 0.844792 0.335287 0.847917 0.335873 0.850000 0.337046 0.851042 0.338218 0.851042 0.341149 0.847917 0.342907 0.841667 0.345838 0.839583 0.346424 0.837500 0.347011 0.833333 0.347597 0.829167 0.347011 0.819792 0.344080 0.814583 0.343494 0.807292 0.341149 0.802083 0.339977 0.797917 0.339390 0.794792 0.339390 0.790625 0.339977 0.786458 0.341149 0.780208 0.342907 0.778125 0.344080 0.775000 0.344666 0.773958 0.345252 0.772917 0.347011 0.765625 0.351700 0.763542 0.353458 0.760417 0.356975 0.752083 0.365768 0.751042 0.366940 0.750000 0.368113 0.748958 0.369871 0.747917 0.373388 0.747917 0.376319 0.752083 0.378664 0.755208 0.379250 0.762500 0.379836 0.765625 0.380422 0.767708 0.381008 0.769792 0.381594 0.773958 0.383939 0.773958 0.385698 0.771875 0.386870 0.765625 0.389801 0.763542 0.390387 0.759375 0.390973 0.757292 0.392145 0.757292 0.392732 0.753125 0.394490 0.752083 0.395076 0.751042 0.396249 0.751042 0.396835 0.750000 0.398007 0.748958 0.398593 0.743750 0.400938 0.742708 0.402696 0.742708 0.405627 0.743750 0.406800 0.746875 0.406800 0.747917 0.405627 0.748958 0.404455 0.748958 0.403283 0.750000 0.402110 0.752083 0.400938 0.755208 0.400352 0.763542 0.397421 0.765625 0.396249 0.765625 0.395662 0.771875 0.393318 0.775000 0.390973 0.776042 0.390387 0.777083 0.390387 0.779167 0.389215 0.782292 0.388628 0.787500 0.388628 0.789583 0.386870 0.793750 0.386284 0.794792 0.387456 0.795833 0.388042 0.795833 0.390387 0.797917 0.392732 0.795833 0.394490 0.795833 0.396249 0.792708 0.399766 0.790625 0.400938 0.787500 0.404455 0.786458 0.406213 0.786458 0.407972 0.785417 0.409730 0.781250 0.414420 0.778125 0.419695 0.778125 0.422626 0.779167 0.423798 0.781250 0.424971 0.784375 0.425557 0.790625 0.426143 0.802083 0.426143 0.804167 0.426729 0.806250 0.427315 0.817708 0.433763 0.819792 0.435522 0.820833 0.437280 0.822917 0.438453 0.823958 0.438453 0.826042 0.439625 0.828125 0.441383 0.829167 0.443142 0.835417 0.447245 0.836458 0.448417 0.842708 0.456038 0.843750 0.458968 0.844792 0.460141 0.847917 0.461899 0.851042 0.466002 0.858333 0.470106 0.861458 0.473036 0.877083 0.481829 0.885417 0.484760 0.895833 0.490621 0.903125 0.493552 0.911458 0.497655 0.920833 0.502931 0.923958 0.507034 0.928125 0.507620 0.937500 0.513482 0.939583 0.514654 0.944792 0.515826 0.947917 0.516999 0.947917 0.518757 0.948958 0.519930 0.954167 0.521102 0.958333 0.521102 0.961458 0.522274 0.966667 0.525791 0.970833 0.528136 0.971875 0.528722 0.973958 0.529308 0.976042 0.529308 0.978125 0.529894 0.980208 0.531067 0.981250 0.532825 0.984375 0.533411 0.987500 0.534584 0.992708 0.536928 0.994792 0.537515 0.998958 0.537515 0.998958 0.312427 0.996875 0.312427 0.993750 0.311254 0.988542 0.308910 0.985417 0.307737 0.983333 0.307737 0.981250 0.306565 0.979167 0.305979 0.971875 0.304220 0.968750 0.304220 0.966667 0.304807 0.963542 0.305979 0.959375 0.308324 0.948958 0.308324 0.943750 0.307737 0.939583 0.306565 0.931250 0.305979 0.921875 0.305979 0.919792 0.306565 0.917708 0.307737 0.915625 0.310082 0.913542 0.311254 0.911458 0.311841 0.905208 0.311841 0.903125 0.311254 0.902083 0.310668 0.901042 0.309496 0.900000 0.308324 0.897917 0.304220 0.896875 0.303048 0.891667 0.302462
4 0.004167 0.450176 0.003125 0.450762 0.000000 0.450762 0.000000 0.607855 0.004167 0.607855 0.006250 0.607268 0.009375 0.605510 0.014583 0.604338 0.018750 0.601993 0.022917 0.600821 0.027083 0.600234 0.029167 0.599648 0.034375 0.596717 0.036458 0.596131 0.040625 0.596131 0.052083 0.592614 0.056250 0.590270 0.061458 0.589097 0.066667 0.586753 0.070833 0.585580 0.075000 0.584994 0.077083 0.584408 0.080208 0.582649 0.082292 0.582063 0.088542 0.581477 0.090625 0.580891 0.092708 0.580305 0.095833 0.578546 0.097917 0.577960 0.100000 0.577960 0.103125 0.576788 0.107292 0.575029 0.112500 0.572098 0.115625 0.570926 0.117708 0.570340 0.119792 0.569754 0.122917 0.569754 0.129167 0.567995 0.138542 0.565064 0.141667 0.563306 0.143750 0.562720 0.147917 0.562134 0.151042 0.560961 0.157292 0.558030 0.163542 0.556272 0.166667 0.554513 0.169792 0.553927 0.171875 0.552755 0.172917 0.551583 0.175000 0.548652 0.176042 0.545721 0.176042 0.537515 0.175000 0.535170 0.173958 0.532239 0.172917 0.531067 0.171875 0.529894 0.167708 0.527550 0.165625 0.525791 0.164583 0.524033 0.162500 0.522274 0.159375 0.520516 0.157292 0.518757 0.156250 0.516999 0.153125 0.515240 0.140625 0.515826 0.136458 0.515826 0.133333 0.514068 0.132292 0.512309 0.131250 0.509965 0.130208 0.508792 0.126042 0.505862 0.122917 0.501758 0.119792 0.498828 0.113542 0.495311 0.110417 0.494138 0.104167 0.492380 0.101042 0.492380 0.098958 0.491794 0.096875 0.490621 0.087500 0.485346 0.085417 0.484174 0.080208 0.480657 0.077083 0.480070 0.067708 0.474795 0.056250 0.468347 0.055208 0.467761 0.053125 0.465416 0.044792 0.461313 0.040625 0.458968 0.037500 0.456624 0.035417 0.453693 0.033333 0.451934 0.028125 0.451934 0.026042 0.450762 0.022917 0.450176 0.004167 0.450176
4 0.093750 0.907386 0.095833 0.908558 0.096875 0.907386 0.093750 0.907386
4 0.059375 0.898007 0.057292 0.900352 0.052083 0.902110 0.047917 0.902110 0.045833 0.903869 0.047917 0.905041 0.053125 0.905041 0.059375 0.906213 0.062500 0.905041 0.063542 0.903869 0.068750 0.903283 0.075000 0.903869 0.076042 0.902696 0.075000 0.898593 0.072917 0.899179 0.071875 0.900938 0.067708 0.903283 0.064583 0.903283 0.062500 0.902110 0.061458 0.900938 0.059375 0.898007
4 0.126042 0.892145 0.127083 0.893904 0.129167 0.892145 0.126042 0.892145
4 0.162500 0.874560 0.159375 0.875147 0.157292 0.876319 0.157292 0.878077 0.158333 0.878664 0.158333 0.879836 0.160417 0.878077 0.165625 0.878077 0.168750 0.877491 0.169792 0.876905 0.171875 0.876319 0.169792 0.875147 0.166667 0.874560 0.162500 0.874560
4 0.293750 0.805979 0.289583 0.808910 0.290625 0.810668 0.292708 0.810082 0.293750 0.808910 0.293750 0.807737 0.293750 0.805979
4 0.279167 0.566823 0.276042 0.567409 0.273958 0.567995 0.272917 0.569754 0.269792 0.571512 0.266667 0.571512 0.265625 0.573271 0.261458 0.575615 0.258333 0.576202 0.255208 0.577374 0.251042 0.577374 0.246875 0.579719 0.225000 0.579132 0.215625 0.579132 0.208333 0.580305 0.206250 0.580891 0.204167 0.581477 0.201042 0.583822 0.200000 0.584408 0.197917 0.584994 0.194792 0.585580 0.190625 0.587925 0.189583 0.587925 0.186458 0.589683 0.186458 0.590270 0.184375 0.591442 0.180208 0.592028 0.172917 0.592614 0.169792 0.593200 0.166667 0.593787 0.164583 0.594373 0.162500 0.594959 0.159375 0.596131 0.156250 0.597890 0.155208 0.599062 0.155208 0.600234 0.154167 0.601407 0.150000 0.603751 0.147917 0.606682 0.145833 0.607855 0.140625 0.609027 0.132292 0.613130 0.131250 0.613716 0.131250 0.614302 0.130208 0.614889 0.129167 0.614889 0.127083 0.616061 0.119792 0.617819 0.114583 0.620750 0.111458 0.621336 0.109375 0.622509 0.109375 0.623095 0.107292 0.624267 0.105208 0.624853 0.103125 0.624853 0.101042 0.626026 0.100000 0.626026 0.098958 0.626612 0.097917 0.628370 0.094792 0.630129 0.093750 0.632474 0.092708 0.635404 0.092708 0.638335 0.090625 0.639508 0.088542 0.640094 0.086458 0.640680 0.080208 0.641266 0.077083 0.643025 0.077083 0.645955 0.073958 0.647128 0.070833 0.646542 0.067708 0.647714 0.062500 0.648300 0.059375 0.650645 0.052083 0.652989 0.047917 0.654162 0.041667 0.655334 0.039583 0.656506 0.038542 0.656506 0.037500 0.657093 0.037500 0.657679 0.031250 0.660610 0.030208 0.663540 0.029167 0.664713 0.022917 0.668816 0.020833 0.669988 0.014583 0.670574 0.009375 0.671747 0.007292 0.672333 0.004167 0.674091 0.004167 0.674678 0.000000 0.676436 0.000000 0.860492 0.002083 0.861665 0.000000 0.866940 0.002083 0.868113 0.003125 0.869871 0.003125 0.872802 0.006250 0.874560 0.008333 0.874560 0.010417 0.875147 0.012500 0.876319 0.012500 0.876905 0.015625 0.878664 0.015625 0.880422 0.017708 0.882767 0.018750 0.882767 0.020833 0.883939 0.023958 0.884525 0.025000 0.885111 0.026042 0.886870 0.031250 0.889801 0.034375 0.890973 0.037500 0.891559 0.039583 0.890387 0.044792 0.890973 0.047917 0.889801 0.050000 0.889801 0.053125 0.890973 0.057292 0.890387 0.060417 0.892145 0.064583 0.889801 0.070833 0.889801 0.072917 0.889801 0.073958 0.890387 0.076042 0.890387 0.084375 0.889215 0.091667 0.889215 0.103125 0.890387 0.104167 0.890973 0.107292 0.890973 0.109375 0.889801 0.110417 0.888628 0.110417 0.887456 0.109375 0.878664 0.111458 0.876319 0.114583 0.876905 0.116667 0.875733 0.122917 0.875733 0.128125 0.873974 0.133333 0.873974 0.134375 0.874560 0.141667 0.875147 0.148958 0.874560 0.154167 0.875147 0.156250 0.874560 0.155208 0.865182 0.155208 0.861079 0.157292 0.859906 0.162500 0.859320 0.170833 0.857562 0.171875 0.859320 0.175000 0.859320 0.176042 0.859906 0.178125 0.859906 0.182292 0.859320 0.183333 0.859906 0.186458 0.859320 0.187500 0.856975 0.187500 0.852872 0.186458 0.852286 0.186458 0.848183 0.187500 0.845838 0.189583 0.844666 0.192708 0.844666 0.197917 0.842907 0.198958 0.842321 0.205208 0.841735 0.206250 0.839390 0.208333 0.838218 0.210417 0.839390 0.210417 0.841149 0.211458 0.842321 0.212500 0.842907 0.214583 0.843494 0.217708 0.842907 0.218750 0.841735 0.218750 0.835287 0.219792 0.832943 0.220833 0.831770 0.223958 0.830012 0.227083 0.828839 0.232292 0.828839 0.236458 0.826495 0.237500 0.824736 0.239583 0.823564 0.241667 0.823564 0.245833 0.821219 0.248958 0.820633 0.251042 0.818288 0.256250 0.814771 0.258333 0.813599 0.263542 0.813599 0.265625 0.813013 0.267708 0.811841 0.268750 0.811841 0.269792 0.810668 0.270833 0.810082 0.272917 0.809496 0.275000 0.809496 0.279167 0.807151 0.281250 0.804807 0.284375 0.803048 0.285417 0.803048 0.288542 0.801290 0.289583 0.799531 0.291667 0.798359 0.293750 0.798945 0.296875 0.797773 0.300000 0.797773 0.302083 0.797186 0.304167 0.796014 0.305208 0.794256 0.311458 0.790739 0.312500 0.788980 0.314583 0.787808 0.317708 0.787222 0.318750 0.786635 0.318750 0.786049 0.320833 0.784877 0.320833 0.784291 0.323958 0.783705 0.326042 0.782532 0.326042 0.753810 0.328125 0.747948 0.328125 0.740328 0.329167 0.736225 0.332292 0.732708 0.333333 0.730950 0.334375 0.727433 0.335417 0.724502 0.335417 0.720399 0.336458 0.718054 0.340625 0.711606 0.341667 0.709261 0.342708 0.705744 0.343750 0.701641 0.343750 0.695780 0.344792 0.692849 0.345833 0.691090 0.350000 0.686987 0.351042 0.684642 0.351042 0.681125 0.352083 0.679367 0.353125 0.677608 0.356250 0.674678 0.357292 0.672333 0.358333 0.669988 0.358333 0.663540 0.359375 0.657093 0.360417 0.655334 0.362500 0.654162 0.362500 0.650059 0.362500 0.642438 0.368750 0.639508 0.369792 0.638921 0.370833 0.637749 0.371875 0.635991 0.372917 0.630715 0.373958 0.621923 0.372917 0.618992 0.371875 0.617233 0.370833 0.616061 0.364583 0.612544 0.361458 0.611958 0.356250 0.609027 0.354167 0.608441 0.352083 0.607855 0.350000 0.607855 0.347917 0.607268 0.345833 0.606682 0.344792 0.606096 0.343750 0.604924 0.342708 0.600821 0.341667 0.599062 0.340625 0.597890 0.336458 0.595545 0.332292 0.594959 0.328125 0.593787 0.325000 0.592028 0.325000 0.591442 0.321875 0.589683 0.320833 0.589683 0.318750 0.588511 0.318750 0.587925 0.316667 0.586753 0.315625 0.586753 0.313542 0.585580 0.312500 0.582649 0.310417 0.580891 0.309375 0.579132 0.308333 0.579132 0.306250 0.577960 0.302083 0.577960 0.296875 0.575029 0.295833 0.573857 0.294792 0.570926 0.293750 0.569754 0.290625 0.567995 0.288542 0.567409 0.286458 0.566823 0.279167 0.566823
4 0.731250 0.860492 0.730208 0.861665 0.732292 0.861665 0.731250 0.860492
4 0.721875 0.860492 0.720833 0.861665 0.722917 0.862251 0.725000 0.860492 0.721875 0.860492
4 0.716667 0.860492 0.715625 0.861665 0.718750 0.861665 0.716667 0.860492
4 0.697917 0.860492 0.698958 0.861665 0.702083 0.860492 0.697917 0.860492
4 0.690625 0.860492 0.691667 0.861665 0.695833 0.860492 0.690625 0.860492
4 0.677083 0.860492 0.682292 0.861079 0.683333 0.861665 0.687500 0.860492 0.685417 0.859906 0.677083 0.860492
4 0.520833 0.842907 0.515625 0.844666 0.512500 0.844666 0.513542 0.845838 0.519792 0.846424 0.527083 0.847011 0.538542 0.847011 0.544792 0.847597 0.547917 0.848769 0.551042 0.847597 0.553125 0.847597 0.555208 0.848769 0.564583 0.848183 0.569792 0.847597 0.572917 0.849355 0.575000 0.849941 0.576042 0.847011 0.577083 0.846424 0.576042 0.844080 0.570833 0.844080 0.568750 0.843494 0.565625 0.843494 0.554167 0.843494 0.550000 0.843494 0.537500 0.843494 0.535417 0.843494 0.534375 0.844080 0.532292 0.844080 0.529167 0.842907 0.520833 0.842907
4 0.579167 0.835287 0.581250 0.837632 0.579167 0.839390 0.579167 0.842321 0.585417 0.842321 0.588542 0.841735 0.587500 0.839977 0.585417 0.839390 0.584375 0.838218 0.584375 0.837046 0.581250 0.835287 0.580208 0.833529 0.580208 0.832356 0.579167 0.835287
4 0.433333 0.828839 0.426042 0.829426 0.427083 0.830598 0.431250 0.830598 0.435417 0.831770 0.439583 0.830598 0.441667 0.831770 0.444792 0.831770 0.446875 0.832356 0.450000 0.834115 0.451042 0.832943 0.451042 0.828839 0.438542 0.829426 0.433333 0.828839
4 0.417708 0.828839 0.416667 0.829426 0.411458 0.830012 0.415625 0.830012 0.419792 0.831184 0.420833 0.828839 0.417708 0.828839
4 0.550000 0.533411 0.562500 0.533411 0.564583 0.533411 0.566667 0.534584 0.570833 0.535170 0.575000 0.535170 0.577083 0.535756 0.581250 0.537515 0.587500 0.538687 0.594792 0.538101 0.598958 0.539273 0.604167 0.539273 0.606250 0.539859 0.608333 0.542204 0.608333 0.543376 0.609375 0.544549 0.611458 0.545721 0.587500 0.563306 0.585417 0.565064 0.589583 0.564478 0.587500 0.563306 0.611458 0.545721 0.613542 0.546307 0.620833 0.546307 0.625000 0.548066 0.630208 0.549238 0.633333 0.551583 0.635417 0.552169 0.637500 0.552755 0.641667 0.552169 0.653125 0.553927 0.661458 0.553927 0.668750 0.555100 0.672917 0.553927 0.676042 0.553927 0.677083 0.554513 0.680208 0.553927 0.691667 0.554513 0.700000 0.555686 0.702083 0.555686 0.703125 0.555100 0.705208 0.555100 0.708333 0.556858 0.711458 0.555686 0.713542 0.555686 0.715625 0.556858 0.719792 0.556858 0.722917 0.558617 0.727083 0.558030 0.730208 0.558617 0.732292 0.559789 0.736458 0.562720 0.744792 0.562720 0.751042 0.563306 0.754167 0.563892 0.757292 0.564478 0.761458 0.566237 0.766667 0.565651 0.775000 0.568581 0.778125 0.568581 0.781250 0.571512 0.783333 0.572685 0.786458 0.574443 0.788542 0.574443 0.790625 0.575029 0.794792 0.577960 0.798958 0.579132 0.802083 0.579132 0.807292 0.580305 0.810417 0.582063 0.812500 0.584994 0.819792 0.588511 0.825000 0.591442 0.826042 0.592614 0.826042 0.593787 0.830208 0.596131 0.830208 0.597304 0.832292 0.598476 0.833333 0.601407 0.833333 0.603751 0.835417 0.606096 0.836458 0.612544 0.838542 0.615475 0.839583 0.621336 0.839583 0.623681 0.836458 0.625440 0.837500 0.630129 0.836458 0.633646 0.836458 0.634818 0.838542 0.636577 0.839583 0.637749 0.834375 0.640094 0.832292 0.641852 0.832292 0.645369 0.829167 0.647714 0.829167 0.651817 0.832292 0.654162 0.830208 0.663540 0.831250 0.668230 0.831250 0.670574 0.829167 0.672333 0.828125 0.675850 0.828125 0.685815 0.826042 0.689332 0.825000 0.696952 0.826042 0.710434 0.828125 0.716882 0.828125 0.728019 0.829167 0.732708 0.831250 0.735639 0.831250 0.745018 0.833333 0.747362 0.834375 0.753810 0.834375 0.756741 0.833333 0.758499 0.834375 0.761430 0.835417 0.763775 0.837500 0.769637 0.837500 0.771981 0.835417 0.774912 0.835417 0.776084 0.836458 0.779601 0.833333 0.782532 0.833333 0.787222 0.830208 0.789566 0.829167 0.791911 0.829167 0.795428 0.828125 0.798359 0.827083 0.801290 0.826042 0.803634 0.822917 0.805393 0.821875 0.806565 0.820833 0.807737 0.820833 0.810082 0.819792 0.811254 0.816667 0.813013 0.815625 0.813013 0.812500 0.814771 0.811458 0.817702 0.810417 0.818875 0.804167 0.822392 0.803125 0.823564 0.803125 0.825322 0.801042 0.826495 0.796875 0.827081 0.796875 0.827667 0.794792 0.828839 0.790625 0.828839 0.788542 0.830012 0.787500 0.831184 0.787500 0.832356 0.786458 0.833529 0.783333 0.833529 0.778125 0.836460 0.775000 0.836460 0.771875 0.837046 0.769792 0.838218 0.769792 0.838804 0.767708 0.839977 0.765625 0.840563 0.761458 0.841149 0.756250 0.841735 0.751042 0.841735 0.750000 0.841735 0.747917 0.842907 0.731250 0.842321 0.716667 0.842907 0.704167 0.842321 0.701042 0.841149 0.698958 0.841149 0.679167 0.841735 0.673958 0.841735 0.671875 0.841149 0.670833 0.839977 0.670833 0.837632 0.668750 0.836460 0.661458 0.836460 0.659375 0.837632 0.659375 0.838804 0.661458 0.840563 0.657292 0.841149 0.656250 0.838218 0.650000 0.837632 0.646875 0.836460 0.642708 0.837046 0.638542 0.834115 0.636458 0.834115 0.634375 0.833529 0.633333 0.831770 0.631250 0.830598 0.629167 0.830012 0.627083 0.829426 0.623958 0.831184 0.623958 0.831770 0.621875 0.832356 0.617708 0.829426 0.614583 0.828839 0.605208 0.828253 0.602083 0.828253 0.596875 0.829426 0.586458 0.828839 0.583333 0.828839 0.572917 0.828839 0.570833 0.828839 0.561458 0.830012 0.559375 0.830012 0.547917 0.829426 0.542708 0.828253 0.534375 0.827667 0.531250 0.827667 0.530208 0.828253 0.526042 0.828253 0.520833 0.827667 0.518750 0.826495 0.517708 0.826495 0.514583 0.827081 0.510417 0.827081 0.508333 0.826495 0.506250 0.825322 0.501042 0.825322 0.497917 0.823564 0.494792 0.822978 0.490625 0.822392 0.485417 0.822392 0.481250 0.821805 0.478125 0.820633 0.476042 0.820633 0.469792 0.820633 0.463542 0.818875 0.457292 0.818875 0.455208 0.818288 0.453125 0.817116 0.452083 0.815358 0.450000 0.814185 0.446875 0.813599 0.440625 0.814185 0.434375 0.813599 0.427083 0.813013 0.419792 0.811254 0.412500 0.810668 0.409375 0.810082 0.403125 0.808324 0.397917 0.805393 0.392708 0.804220 0.390625 0.803048 0.389583 0.801876 0.389583 0.798359 0.387500 0.797186 0.382292 0.796600 0.377083 0.796600 0.375000 0.796014 0.370833 0.794256 0.369792 0.790739 0.365625 0.788394 0.361458 0.788394 0.360417 0.787222 0.359375 0.783118 0.358333 0.781946 0.357292 0.780774 0.353125 0.778429 0.354167 0.776671 0.357292 0.775498 0.357292 0.774326 0.354167 0.771981 0.354167 0.762603 0.357292 0.760258 0.356250 0.756155 0.358333 0.747362 0.359375 0.736811 0.359375 0.716882 0.361458 0.703986 0.363542 0.703400 0.366667 0.703400 0.368750 0.702814 0.372917 0.700469 0.373958 0.696366 0.373958 0.689918 0.376042 0.685815 0.376042 0.682884 0.377083 0.681712 0.378125 0.681125 0.379167 0.681125 0.381250 0.679953 0.381250 0.677022 0.382292 0.676436 0.382292 0.674091 0.385417 0.673505 0.389583 0.671161 0.390625 0.669988 0.391667 0.667644 0.392708 0.657679 0.391667 0.647714 0.393750 0.643025 0.392708 0.638921 0.393750 0.637749 0.396875 0.636577 0.397917 0.634818 0.397917 0.628370 0.398958 0.627198 0.403125 0.624267 0.404167 0.623095 0.405208 0.621336 0.405208 0.613716 0.407292 0.609027 0.407292 0.604338 0.408333 0.600234 0.409375 0.598476 0.410417 0.596717 0.411458 0.595545 0.414583 0.594959 0.418750 0.593200 0.419792 0.592614 0.420833 0.591442 0.421875 0.588511 0.422917 0.583236 0.422917 0.577374 0.425000 0.573857 0.426042 0.573857 0.428125 0.572685 0.427083 0.568581 0.429167 0.566237 0.430208 0.564478 0.431250 0.563892 0.436458 0.561547 0.437500 0.560375 0.437500 0.555686 0.438542 0.553341 0.439583 0.551583 0.441667 0.550410 0.441667 0.549824 0.446875 0.548652 0.451042 0.548066 0.464583 0.548066 0.467708 0.547479 0.475000 0.545135 0.477083 0.544549 0.478125 0.543962 0.478125 0.543376 0.482292 0.542204 0.486458 0.541032 0.488542 0.542790 0.491667 0.541618 0.491667 0.541032 0.493750 0.539859 0.496875 0.541032 0.498958 0.540445 0.498958 0.539859 0.501042 0.538687 0.507292 0.538101 0.513542 0.538101 0.514583 0.536928 0.518750 0.535756 0.521875 0.535756 0.532292 0.535756 0.539583 0.536342 0.542708 0.536342 0.544792 0.535756 0.546875 0.534584 0.546875 0.533998 0.550000 0.533411
4 0.632292 0.446659 0.621875 0.446659 0.616667 0.447245 0.612500 0.447831 0.609375 0.448417 0.607292 0.449004 0.602083 0.450762 0.598958 0.453107 0.595833 0.453693 0.593750 0.454865 0.586458 0.459555 0.579167 0.466002 0.578125 0.467175 0.576042 0.470106 0.576042 0.471278 0.573958 0.474209 0.572917 0.475381 0.566667 0.478898 0.562500 0.479484 0.560417 0.480657 0.558333 0.481243 0.555208 0.481829 0.547917 0.482415 0.544792 0.483587 0.541667 0.484174 0.536458 0.484760 0.532292 0.484760 0.527083 0.485346 0.517708 0.487691 0.511458 0.490621 0.509375 0.490621 0.503125 0.494138 0.502083 0.495311 0.502083 0.497069 0.504167 0.497655 0.508333 0.498242 0.525000 0.498828 0.532292 0.498242 0.536458 0.498242 0.545833 0.498828 0.556250 0.500000 0.572917 0.500000 0.580208 0.500586 0.588542 0.501172 0.592708 0.502345 0.600000 0.502345 0.610417 0.504103 0.616667 0.504103 0.627083 0.505862 0.635417 0.506448 0.642708 0.507034 0.658333 0.507620 0.666667 0.508206 0.670833 0.509379 0.676042 0.509965 0.691667 0.511137 0.695833 0.512309 0.702083 0.512896 0.708333 0.512896 0.713542 0.514068 0.718750 0.514654 0.732292 0.515826 0.740625 0.515826 0.750000 0.517585 0.756250 0.517585 0.759375 0.518757 0.762500 0.518757 0.767708 0.520516 0.771875 0.520516 0.775000 0.521688 0.779167 0.521688 0.782292 0.522860 0.791667 0.523447 0.798958 0.524619 0.802083 0.525205 0.804167 0.525791 0.806250 0.526964 0.808333 0.527550 0.810417 0.527550 0.811458 0.528722 0.814583 0.529894 0.817708 0.529894 0.822917 0.531067 0.825000 0.531653 0.834375 0.535170 0.836458 0.536342 0.836458 0.536928 0.845833 0.541618 0.848958 0.541618 0.853125 0.539273 0.856250 0.538687 0.857292 0.538101 0.858333 0.536928 0.859375 0.535170 0.859375 0.532239 0.863542 0.529894 0.864583 0.524619 0.864583 0.513482 0.863542 0.509965 0.859375 0.503517 0.858333 0.501172 0.857292 0.500000 0.854167 0.497655 0.853125 0.496483 0.850000 0.490035 0.848958 0.488863 0.847917 0.487691 0.845833 0.485932 0.843750 0.484174 0.840625 0.481829 0.833333 0.477726 0.831250 0.477140 0.829167 0.476553 0.825000 0.475967 0.816667 0.475967 0.810417 0.475381 0.807292 0.474795 0.804167 0.474209 0.802083 0.473623 0.797917 0.471864 0.794792 0.470692 0.790625 0.470692 0.786458 0.468933 0.784375 0.468347 0.777083 0.466589 0.773958 0.466589 0.768750 0.467175 0.763542 0.466002 0.755208 0.466589 0.752083 0.465416 0.748958 0.465416 0.743750 0.464244 0.736458 0.462485 0.734375 0.461899 0.729167 0.460141 0.727083 0.459555 0.726042 0.458968 0.726042 0.458382 0.725000 0.457796 0.722917 0.457210 0.717708 0.456038 0.707292 0.454279 0.700000 0.452521 0.696875 0.451348 0.691667 0.448417 0.689583 0.447831 0.684375 0.446659 0.676042 0.446659 0.667708 0.445487 0.661458 0.446073 0.646875 0.446073 0.642708 0.445487 0.632292 0.446659
4 0.418750 0.529894 0.416667 0.530481 0.412500 0.532239 0.409375 0.532239 0.407292 0.532825 0.403125 0.535170 0.393750 0.538687 0.390625 0.539273 0.387500 0.540445 0.380208 0.543962 0.373958 0.547479 0.371875 0.549238 0.370833 0.550996 0.370833 0.553341 0.371875 0.554513 0.372917 0.555686 0.375000 0.556858 0.376042 0.558617 0.377083 0.559789 0.378125 0.560375 0.379167 0.560375 0.382292 0.561547 0.387500 0.564478 0.389583 0.566237 0.390625 0.567995 0.392708 0.569168 0.393750 0.569168 0.395833 0.570340 0.395833 0.570926 0.398958 0.572685 0.401042 0.573271 0.404167 0.572685 0.405208 0.569754 0.408333 0.565064 0.412500 0.560961 0.413542 0.558617 0.413542 0.556272 0.414583 0.554513 0.416667 0.552755 0.417708 0.549238 0.420833 0.545721 0.421875 0.543962 0.427083 0.534584 0.426042 0.531067 0.423958 0.530481 0.420833 0.529894 0.418750 0.529894
4 0.335417 0.808910 0.330208 0.809496 0.328125 0.810668 0.328125 0.811841 0.326042 0.813013 0.323958 0.813599 0.321875 0.813599 0.319792 0.814185 0.317708 0.814771 0.316667 0.815358 0.314583 0.816530 0.313542 0.817116 0.311458 0.818875 0.311458 0.819461 0.310417 0.820047 0.308333 0.820633 0.306250 0.820633 0.304167 0.821805 0.301042 0.824150 0.297917 0.824736 0.296875 0.825322 0.292708 0.828253 0.289583 0.829426 0.284375 0.830598 0.282292 0.831770 0.280208 0.834701 0.278125 0.835873 0.276042 0.835873 0.271875 0.838804 0.270833 0.839390 0.267708 0.839977 0.266667 0.840563 0.266667 0.841149 0.264583 0.842321 0.264583 0.842907 0.263542 0.843494 0.261458 0.844080 0.257292 0.845252 0.252083 0.845838 0.251042 0.847011 0.250000 0.849941 0.248958 0.851114 0.245833 0.852872 0.244792 0.852872 0.242708 0.854045 0.238542 0.856975 0.235417 0.857562 0.234375 0.859320 0.229167 0.861665 0.227083 0.862837 0.225000 0.864596 0.225000 0.865182 0.219792 0.866354 0.219792 0.866940 0.218750 0.867526 0.215625 0.868113 0.214583 0.868699 0.213542 0.870457 0.207292 0.873388 0.203125 0.876319 0.202083 0.876319 0.201042 0.876905 0.200000 0.878664 0.196875 0.879836 0.195833 0.881008 0.194792 0.885111 0.193750 0.885111 0.191667 0.886284 0.189583 0.886284 0.187500 0.888628 0.181250 0.892145 0.178125 0.892732 0.178125 0.893904 0.177083 0.895076 0.173958 0.895662 0.172917 0.897421 0.169792 0.899179 0.167708 0.902110 0.164583 0.903869 0.164583 0.905627 0.161458 0.907972 0.160417 0.912075 0.158333 0.912075 0.158333 0.915006 0.157292 0.918523 0.156250 0.920868 0.154167 0.922040 0.153125 0.923212 0.154167 0.926729 0.154167 0.928488 0.154167 0.934349 0.152083 0.937866 0.151042 0.939039 0.153125 0.944314 0.154167 0.946073 0.157292 0.949004 0.157292 0.951348 0.158333 0.953107 0.159375 0.954279 0.163542 0.957210 0.164583 0.958968 0.164583 0.961899 0.165625 0.964244 0.168750 0.967761 0.168750 0.970106 0.169792 0.971278 0.173958 0.970106 0.176042 0.971864 0.179167 0.973036 0.180208 0.977140 0.181250 0.977140 0.182292 0.977726 0.182292 0.978312 0.183333 0.979484 0.182292 0.981829 0.183333 0.985932 0.184375 0.987104 0.187500 0.988863 0.188542 0.990035 0.189583 0.992966 0.190625 0.994138 0.195833 0.997069 0.195833 0.999414 0.826042 0.999414 0.826042 0.993552 0.828125 0.990035 0.828125 0.985932 0.830208 0.984760 0.835417 0.983587 0.838542 0.981829 0.839583 0.980657 0.840625 0.978312 0.841667 0.975967 0.841667 0.970692 0.844792 0.966589 0.844792 0.962485 0.845833 0.961313 0.850000 0.958382 0.850000 0.955451 0.851042 0.953693 0.855208 0.951348 0.856250 0.950176 0.857292 0.949004 0.857292 0.947245 0.859375 0.944900 0.860417 0.943728 0.863542 0.943142 0.865625 0.941970 0.865625 0.939625 0.868750 0.937866 0.872917 0.937280 0.872917 0.936694 0.875000 0.935522 0.876042 0.933763 0.876042 0.931419 0.882292 0.927902 0.883333 0.926729 0.883333 0.923798 0.888542 0.920868 0.889583 0.919695 0.889583 0.914420 0.890625 0.910903 0.891667 0.907972 0.893750 0.906800 0.898958 0.904455 0.898958 0.898593 0.901042 0.896249 0.901042 0.886870 0.900000 0.878664 0.898958 0.873974 0.897917 0.872216 0.895833 0.870457 0.894792 0.868113 0.894792 0.864596 0.891667 0.862251 0.889583 0.859320 0.888542 0.857562 0.888542 0.853458 0.887500 0.849941 0.884375 0.848183 0.884375 0.847011 0.883333 0.845838 0.882292 0.845252 0.880208 0.844666 0.875000 0.844080 0.872917 0.842907 0.871875 0.841149 0.860417 0.842321 0.860417 0.843494 0.858333 0.845252 0.853125 0.848183 0.851042 0.852286 0.848958 0.853458 0.844792 0.853458 0.843750 0.854631 0.843750 0.855803 0.842708 0.856975 0.840625 0.858148 0.838542 0.857562 0.833333 0.860492 0.830208 0.860492 0.828125 0.861665 0.827083 0.863423 0.825000 0.864596 0.820833 0.865182 0.819792 0.866940 0.813542 0.867526 0.811458 0.868699 0.808333 0.869285 0.805208 0.869285 0.802083 0.871043 0.798958 0.870457 0.796875 0.871630 0.795833 0.873388 0.792708 0.873974 0.786458 0.872216 0.780208 0.872216 0.767708 0.872216 0.764583 0.872216 0.758333 0.872802 0.748958 0.871630 0.739583 0.871630 0.733333 0.870457 0.722917 0.869871 0.711458 0.869871 0.697917 0.868113 0.689583 0.867526 0.677083 0.867526 0.668750 0.866940 0.663542 0.866354 0.660417 0.865182 0.648958 0.865182 0.644792 0.864009 0.633333 0.864009 0.629167 0.862837 0.626042 0.862837 0.617708 0.863423 0.612500 0.862251 0.605208 0.862251 0.603125 0.862251 0.600000 0.861079 0.595833 0.860492 0.584375 0.860492 0.579167 0.859320 0.566667 0.858734 0.556250 0.856975 0.544792 0.856389 0.531250 0.855803 0.530208 0.854045 0.527083 0.852286 0.520833 0.852286 0.516667 0.851114 0.512500 0.851114 0.509375 0.849941 0.506250 0.849941 0.503125 0.848769 0.494792 0.848769 0.488542 0.847597 0.480208 0.847597 0.477083 0.847011 0.473958 0.845838 0.469792 0.845252 0.466667 0.845838 0.463542 0.844666 0.457292 0.844080 0.451042 0.842321 0.446875 0.841735 0.442708 0.841149 0.437500 0.841149 0.433333 0.839977 0.428125 0.839977 0.425000 0.839390 0.420833 0.837632 0.418750 0.837046 0.414583 0.836460 0.410417 0.836460 0.403125 0.834115 0.391667 0.832356 0.386458 0.830598 0.378125 0.829426 0.376042 0.828839 0.369792 0.825322 0.364583 0.824150 0.359375 0.821805 0.355208 0.820047 0.351042 0.817702 0.348958 0.814771 0.345833 0.813013 0.337500 0.808910 0.335417 0.808910
