4 0.773466 0.547732 0.749097 0.547732 0.743682 0.549086 0.734657 0.554502 0.730144 0.559919 0.724729 0.561950 0.714801 0.554502 0.697653 0.550440 0.687726 0.550440 0.673285 0.555856 0.669675 0.560596 0.653430 0.570752 0.648917 0.571429 0.645307 0.574137 0.634477 0.574814 0.611011 0.589709 0.607401 0.597833 0.607401 0.603250 0.601986 0.610697 0.601986 0.615437 0.598375 0.622207 0.591155 0.627624 0.585740 0.639133 0.572202 0.647258 0.570397 0.664184 0.564982 0.673663 0.571300 0.682464 0.587545 0.693297 0.599278 0.698037 0.607401 0.698037 0.611011 0.689235 0.641697 0.691943 0.646209 0.695328 0.648917 0.703453 0.656137 0.713609 0.655235 0.734597 0.657040 0.741368 0.666968 0.749492 0.690433 0.755586 0.703069 0.755586 0.716606 0.751523 0.726534 0.744753 0.757220 0.713609 0.775271 0.713609 0.786101 0.708869 0.790614 0.703453 0.799639 0.679079 0.820397 0.666892 0.832130 0.650643 0.843863 0.643196 0.846570 0.639133 0.847473 0.628301 0.845668 0.623561 0.837545 0.618145 0.824910 0.614760 0.817690 0.610697 0.819495 0.601219 0.824007 0.597833 0.833032 0.595802 0.836643 0.592417 0.834838 0.579553 0.807762 0.559242 0.796029 0.555179 0.783394 0.554502
6 0.297834 0.712255 0.297834 0.725118 0.305054 0.740014 0.312274 0.748138 0.327617 0.756940 0.353791 0.765064 0.370036 0.767095 0.395307 0.765741 0.404332 0.763033 0.408845 0.759648 0.422383 0.757617 0.429603 0.771835 0.437726 0.781313 0.456679 0.790792 0.487365 0.797563 0.499097 0.797563 0.518953 0.793500 0.530686 0.789438 0.555054 0.774543 0.564982 0.761679 0.567690 0.761679 0.574910 0.765741 0.591155 0.767773 0.608303 0.767095 0.628159 0.763033 0.638989 0.758294 0.648917 0.750846 0.654332 0.739336 0.653430 0.712932 0.641697 0.696682 0.618231 0.693974 0.606498 0.700745 0.599278 0.701422 0.592058 0.697360 0.576715 0.693297 0.571300 0.693297 0.559567 0.702099 0.544224 0.708869 0.535199 0.703453 0.518953 0.698037 0.517148 0.696005 0.517148 0.690589 0.520758 0.686527 0.522563 0.667569 0.519856 0.658768 0.512635 0.647935 0.498195 0.639133 0.473827 0.632363 0.457581 0.630332 0.437726 0.631686 0.424188 0.634394 0.406137 0.639810 0.392599 0.645904 0.381769 0.656060 0.379964 0.668246 0.376354 0.673663 0.361011 0.670955 0.345668 0.671632 0.314079 0.683819 0.306859 0.688558 0.304152 0.692620
6 0.372744 0.427217 0.360108 0.426540 0.336643 0.438050 0.322202 0.451591 0.290614 0.471225 0.272563 0.492891 0.260830 0.501016 0.251805 0.509817 0.243682 0.532160 0.232852 0.539607 0.228339 0.545701 0.226534 0.556534 0.227437 0.574814 0.209386 0.587001 0.202166 0.594448 0.200361 0.607989 0.203069 0.615437 0.217509 0.631686 0.235560 0.643196 0.245487 0.647258 0.246390 0.654705 0.243682 0.657414 0.243682 0.663507 0.247292 0.666892 0.252708 0.666892 0.262635 0.663507 0.266245 0.664861 0.294224 0.664184 0.324007 0.665538 0.342960 0.668246 0.360108 0.666892 0.372744 0.662153 0.393502 0.643873 0.407040 0.637779 0.411552 0.631686 0.413357 0.626269 0.411552 0.610697 0.406137 0.601219 0.391697 0.589709 0.391697 0.563981 0.387184 0.555856 0.373646 0.544347 0.371841 0.540961 0.376354 0.531483 0.389892 0.514557 0.392599 0.502370 0.404332 0.496953 0.408845 0.488829 0.425993 0.475288 0.433213 0.467163 0.433213 0.464455 0.425090 0.455653 0.415162 0.451591 0.395307 0.438727 0.387184 0.436696 0.381769 0.431280 0.377256 0.430603
6 0.395307 0.561273 0.392599 0.563304 0.392599 0.576168 0.395307 0.583615 0.400722 0.591740 0.407040 0.595802 0.417870 0.618822 0.417870 0.632363 0.419675 0.633717 0.426895 0.633717 0.447653 0.629655 0.461191 0.630332 0.481949 0.633717 0.503610 0.641165 0.514440 0.649289 0.521661 0.661476 0.522563 0.677725 0.520758 0.680433 0.520758 0.693297 0.533394 0.700068 0.540614 0.702099 0.554152 0.702099 0.558664 0.700068 0.564079 0.693974 0.564982 0.683819 0.561372 0.677048 0.560469 0.669601 0.555957 0.666215 0.566787 0.656060 0.572202 0.643873 0.583032 0.637102 0.594765 0.622884 0.609206 0.588355 0.624549 0.577522 0.625451 0.568720 0.623646 0.565335 0.607401 0.558565 0.596570 0.557211 0.586643 0.552471 0.583032 0.561950 0.571300 0.574814 0.569495 0.591740 0.556859 0.596479 0.526173 0.598510 0.509025 0.596479 0.474729 0.588355 0.464801 0.584292 0.446751 0.572106 0.440433 0.570752 0.432310 0.572783 0.428700 0.577522 0.420578 0.581584 0.418773 0.579553 0.422383 0.577522 0.425090 0.564658 0.417870 0.562627
3 1.000000 0.418416 0.906137 0.437373 0.846570 0.443466 0.813177 0.448883 0.810469 0.450914 0.805054 0.451591 0.798736 0.456330 0.798736 0.459716 0.811372 0.467840 0.884477 0.505078 0.893502 0.505755 0.925090 0.488829 0.951264 0.477996 0.978339 0.468517 1.000000 0.463101
6 0.544224 0.234936 0.546029 0.241029 0.551444 0.244414 0.595668 0.261341 0.658845 0.275559 0.715704 0.282329 0.747292 0.283683 0.807762 0.279621 0.815884 0.276913 0.815884 0.274882 0.807762 0.270142 0.803249 0.271496 0.796029 0.266757 0.780686 0.266757 0.768953 0.249154 0.756318 0.243060 0.742780 0.239675 0.740072 0.236290 0.737365 0.236290 0.734657 0.220041 0.725632 0.211239 0.720217 0.208531 0.688628 0.204469 0.682310 0.207177 0.675090 0.213270 0.665162 0.213270 0.657942 0.209208 0.654332 0.203114 0.643502 0.199052 0.632671 0.192282 0.627256 0.192959 0.622744 0.196344 0.587545 0.203114 0.578520 0.206500 0.575812 0.209885 0.571300 0.211239 0.566787 0.215978 0.555957 0.222072 0.553249 0.226134 0.546931 0.230196
10 0.362816 0.259986 0.361913 0.264049 0.364621 0.268111 0.376354 0.275559 0.435921 0.308057 0.444946 0.311442 0.470217 0.327691 0.501805 0.343263 0.518953 0.354096 0.554152 0.368314 0.582130 0.388626 0.621841 0.408937 0.627256 0.413676 0.652527 0.425863 0.666065 0.434665 0.675993 0.438727 0.782491 0.500339 0.793321 0.505078 0.853791 0.539607 0.863718 0.543670 0.924188 0.580230 0.944043 0.589709 0.991877 0.617468 1.000000 0.620176 1.000000 0.567366 0.906137 0.519296 0.879061 0.502370 0.868231 0.498307 0.799639 0.462424 0.793321 0.457684 0.681408 0.401490 0.654332 0.385917 0.628159 0.373731 0.605596 0.360190 0.596570 0.357481 0.591155 0.352742 0.566787 0.341232 0.561372 0.336493 0.539711 0.327014 0.517148 0.313473 0.503610 0.308734 0.490072 0.299255 0.476534 0.293839 0.458484 0.283006 0.445848 0.278267 0.427798 0.267434 0.404332 0.257955 0.400722 0.257955 0.398014 0.259986 0.396209 0.266080 0.391697 0.266080 0.372744 0.258632 0.364621 0.258632
3 1.000000 0.089370 0.994585 0.088016 0.912455 0.090724 0.860108 0.090724 0.857401 0.092079 0.837545 0.091401 0.754513 0.095464 0.747292 0.097495 0.738267 0.095464 0.737365 0.092079 0.745487 0.085308 0.751805 0.084631 0.783394 0.060934 0.798736 0.053487 0.832130 0.029113 0.847473 0.022343 0.853791 0.016249 0.859206 0.014218 0.866426 0.006770 0.866426 0.000000 0.863718 0.000000 0.854693 0.007448 0.833032 0.018957 0.827617 0.023697 0.822202 0.025051 0.802347 0.039946 0.745487 0.073121 0.713899 0.096818 0.705776 0.096141 0.700361 0.098172 0.640794 0.098849 0.534296 0.106974 0.506318 0.106974 0.499097 0.108328 0.445848 0.109682 0.379061 0.113744 0.372744 0.117129 0.371841 0.124577 0.377256 0.129316 0.440433 0.129316 0.583935 0.126608 0.590253 0.125254 0.670578 0.122546 0.669675 0.126608 0.651625 0.137441 0.622744 0.148274 0.611913 0.149628 0.595668 0.154367 0.571300 0.171970 0.547834 0.199729 0.537004 0.220718 0.536101 0.230196 0.537906 0.230873 0.546931 0.226134 0.559567 0.205823 0.568592 0.197021 0.591155 0.179418 0.618231 0.165200 0.647112 0.153013 0.677798 0.135410 0.696751 0.121869 0.772563 0.119160 0.805957 0.116452 0.852888 0.115775 0.892599 0.112390 1.000000 0.110359
12 0.693141 0.123223 0.691336 0.121869 0.680505 0.121869 0.673285 0.123900 0.648014 0.138795 0.621841 0.148951 0.610108 0.150305 0.590253 0.158429 0.570397 0.173324 0.548736 0.199052 0.537004 0.222072 0.536101 0.229519 0.542419 0.230873 0.546931 0.227488 0.557762 0.214624 0.562274 0.205823 0.580325 0.188219 0.600181 0.176032 0.649819 0.153013 0.654332 0.148951 0.684116 0.132701
5 0.621841 0.169262 0.622744 0.173324 0.627256 0.170616 0.629061 0.171293 0.629061 0.182126 0.631769 0.189573 0.652527 0.200406 0.655235 0.204469 0.665162 0.211239 0.669675 0.212593 0.675993 0.211916 0.685018 0.205146 0.685018 0.200406 0.693141 0.204469 0.700361 0.205823 0.725632 0.206500 0.728339 0.208531 0.731949 0.207177 0.733755 0.208531 0.732852 0.213270 0.735560 0.219364 0.743682 0.225457 0.747292 0.225457 0.751805 0.228165 0.757220 0.228165 0.769856 0.224780 0.777076 0.225457 0.803249 0.221395 0.814982 0.213947 0.826715 0.214624 0.843863 0.212593 0.856498 0.213947 0.869134 0.218687 0.872744 0.217332 0.877256 0.218687 0.890794 0.213947 0.893502 0.209885 0.892599 0.197021 0.886282 0.192282 0.880866 0.192959 0.879964 0.191605 0.873646 0.190928 0.871841 0.192959 0.868231 0.192959 0.865523 0.196344 0.860108 0.197698 0.845668 0.191605 0.842058 0.188219 0.823105 0.183480 0.819495 0.180772 0.815884 0.180772 0.810469 0.177387 0.805957 0.176710 0.806859 0.149628 0.805054 0.142857 0.807762 0.138795 0.806859 0.136764 0.803249 0.137441 0.791516 0.132024 0.787004 0.132024 0.780686 0.128639 0.780686 0.125931 0.776173 0.124577 0.770758 0.125254 0.768953 0.123223 0.766245 0.123223 0.765343 0.125931 0.755415 0.125931 0.752708 0.129316 0.749097 0.126608 0.746390 0.126608 0.736462 0.130670 0.733755 0.129316 0.720217 0.129993 0.717509 0.133378 0.712996 0.134056 0.706679 0.138795 0.705776 0.146242 0.707581 0.150982 0.705776 0.152336 0.700361 0.151659 0.692238 0.153690 0.669675 0.153013 0.666968 0.154367 0.648014 0.155044 0.642599 0.159106 0.638087 0.157752 0.633574 0.161814 0.637184 0.165200 0.635379 0.169939 0.629061 0.171293 0.628159 0.167908
4 0.750000 0.234259 0.750903 0.242383 0.758123 0.244414 0.768953 0.251862 0.775271 0.264726 0.777978 0.266757 0.796029 0.268111 0.810469 0.272850 0.814079 0.277590 0.831227 0.278267 0.846570 0.276236 0.894404 0.264726 0.910650 0.255924 0.914260 0.249154 0.913357 0.232227 0.903430 0.220041 0.888989 0.213947 0.870939 0.217332 0.858303 0.211916 0.847473 0.209885 0.824910 0.211239 0.818592 0.215301 0.805957 0.218687 0.798736 0.222749 0.778881 0.226811 0.759928 0.227488
