5 0.554152 0.491537 0.546029 0.488829 0.533394 0.488829 0.489170 0.494922 0.469314 0.501016 0.466606 0.505078 0.466606 0.510494 0.470217 0.513879 0.477437 0.514557 0.482852 0.518619 0.500903 0.542316 0.505415 0.543670 0.518051 0.543670 0.535199 0.537576 0.543321 0.530806 0.555054 0.506432 0.555957 0.494922
5 0.314079 0.508463 0.286101 0.525389 0.285199 0.531483 0.292419 0.538253 0.300542 0.542316 0.323105 0.559242 0.333032 0.563981 0.337545 0.563981 0.341155 0.561273 0.342960 0.546378 0.342058 0.534191 0.321300 0.514557 0.318592 0.508463
5 0.432310 0.495599 0.416065 0.496276 0.408845 0.501016 0.406137 0.505078 0.403430 0.520650 0.399819 0.528097 0.398917 0.533514 0.400722 0.536222 0.416968 0.539607 0.421480 0.538253 0.428700 0.531483 0.436823 0.519296 0.439531 0.506432 0.438628 0.501016
5 0.314982 0.501016 0.314982 0.504401 0.319495 0.507786 0.321300 0.514557 0.332130 0.524035 0.344765 0.530806 0.365523 0.532837 0.377256 0.525389 0.388087 0.527420 0.396209 0.524712 0.398014 0.522004 0.397112 0.509140 0.392599 0.503724 0.392599 0.497630 0.388989 0.489506 0.384477 0.485443 0.373646 0.482058 0.346570 0.480027 0.341155 0.484089 0.336643 0.484089 0.331227 0.487475 0.320397 0.498307
5 0.345668 0.564658 0.349278 0.570752 0.365523 0.573460 0.372744 0.576845 0.383574 0.577522 0.397112 0.575491 0.409747 0.569397 0.413357 0.563981 0.411552 0.555179 0.414260 0.551117 0.414260 0.543670 0.409747 0.540284 0.400722 0.538930 0.363718 0.538253 0.354693 0.547732
5 0.532491 0.569397 0.523466 0.576168 0.523466 0.592417 0.532491 0.601219 0.543321 0.603250 0.551444 0.600542 0.560469 0.594448 0.562274 0.580230 0.559567 0.575491 0.552347 0.571429 0.543321 0.569397
5 0.358303 0.616791 0.354693 0.617468 0.342960 0.626947 0.343863 0.637102 0.346570 0.641842 0.344765 0.645904 0.337545 0.650643 0.326715 0.649966 0.321300 0.654028 0.312274 0.672986 0.309567 0.689235 0.314079 0.705484 0.321300 0.716994 0.324007 0.716994 0.331227 0.702099 0.334838 0.699391 0.351083 0.693974 0.360108 0.687204 0.363718 0.678402 0.364621 0.656060 0.359206 0.638456 0.362816 0.629655 0.361913 0.619499
5 0.489170 0.629655 0.492780 0.641165 0.500903 0.652674 0.500903 0.660122 0.492780 0.667569 0.491877 0.677048 0.499097 0.711578 0.500903 0.714963 0.506318 0.716317 0.512635 0.713609 0.536101 0.694651 0.562274 0.677725 0.565884 0.668246 0.561372 0.664184 0.548736 0.660122 0.529783 0.641165 0.501805 0.635071
5 0.709386 0.714286 0.703971 0.716317 0.698556 0.740691 0.700361 0.748815 0.703069 0.751523 0.708484 0.751523 0.713899 0.748138 0.722022 0.735274 0.722022 0.729858 0.718412 0.721733
5 0.770758 0.601896 0.766245 0.609343 0.765343 0.645227 0.767148 0.651320 0.774368 0.660122 0.787004 0.667569 0.798736 0.671632 0.810469 0.671632 0.817690 0.657414 0.821300 0.628978 0.823105 0.627624 0.864621 0.627624 0.866426 0.622884 0.857401 0.615437 0.848375 0.612051 0.833935 0.609343 0.826715 0.605958 0.791516 0.605958
5 0.609206 0.482058 0.607401 0.485443 0.608303 0.489506 0.615523 0.494922 0.618231 0.494922 0.637184 0.504401 0.648917 0.503047 0.648917 0.497630 0.642599 0.491537 0.638087 0.490183 0.638989 0.485443 0.635379 0.481381 0.614621 0.479350
2 0.781588 0.000000 0.780686 0.012864 0.775271 0.016249 0.772563 0.024374 0.759928 0.033852 0.751805 0.047393 0.751805 0.061611 0.758123 0.072444 0.758123 0.089370 0.750903 0.111036 0.728339 0.204469 0.721119 0.240352 0.721119 0.250508 0.725632 0.265403 0.732852 0.272850 0.745487 0.280975 0.775271 0.289777 0.803249 0.290454 0.812274 0.289100 0.825812 0.284360 0.842960 0.270819 0.950361 0.128639 0.972022 0.111036 0.976534 0.110359 0.983755 0.105619 0.993682 0.090724 0.994585 0.079892 0.990975 0.068382 0.974729 0.051456 0.944043 0.035206 0.917870 0.027082 0.880866 0.018280 0.847473 0.015572 0.796931 0.016249 0.790614 0.010156 0.787004 0.009479 0.794224 0.006770 0.792419 0.000000
