6 0.611011 0.692620 0.594765 0.699391 0.571300 0.720379 0.565884 0.735951 0.565884 0.756263 0.577617 0.771158 0.589350 0.793500 0.601083 0.804333 0.630866 0.814489 0.656137 0.819228 0.677798 0.811781 0.702166 0.799594 0.706679 0.788761 0.719314 0.769127 0.718412 0.752877 0.713899 0.737305 0.703069 0.719702 0.694946 0.710223 0.686823 0.704130 0.662455 0.695328 0.647112 0.691943
5 0.610108 0.631686 0.607401 0.628978 0.599278 0.626269 0.591155 0.615437 0.574910 0.606635 0.569495 0.595802 0.561372 0.587678 0.553249 0.586324 0.546931 0.587001 0.536101 0.597156 0.528881 0.597833 0.518953 0.590386 0.514440 0.580907 0.509025 0.580230 0.506318 0.585647 0.501805 0.589032 0.496390 0.583615 0.491877 0.583615 0.479242 0.589032 0.468412 0.589032 0.438628 0.584970 0.422383 0.587678 0.417870 0.590386 0.407942 0.591063 0.403430 0.593771 0.393502 0.594448 0.376354 0.603250 0.371841 0.607312 0.353791 0.612729 0.329422 0.625592 0.321300 0.635071 0.316787 0.645227 0.316787 0.651320 0.325812 0.662153 0.329422 0.674340 0.333935 0.677048 0.333032 0.687881 0.335740 0.694651 0.345668 0.701422 0.354693 0.703453 0.366426 0.708192 0.377256 0.714963 0.391697 0.719702 0.409747 0.731212 0.431408 0.737305 0.454874 0.735274 0.496390 0.740014 0.501805 0.742045 0.522563 0.742045 0.537906 0.737982 0.550542 0.727150 0.567690 0.719025 0.585740 0.703453 0.599278 0.683142 0.603791 0.679079 0.609206 0.677048 0.609206 0.672986 0.605596 0.668923 0.605596 0.664184 0.609206 0.656060
4 0.616426 0.813812 0.602888 0.810427 0.584838 0.798917 0.568592 0.807041 0.553249 0.809072 0.523466 0.809749 0.513538 0.802979 0.511733 0.798240 0.502708 0.790792 0.484657 0.783345 0.460289 0.782668 0.453971 0.785376 0.451264 0.784699 0.442238 0.789438 0.429603 0.790115 0.416065 0.793500 0.410650 0.798917 0.407040 0.826676 0.398014 0.849018 0.383574 0.868653 0.382671 0.873392 0.373646 0.888964 0.373646 0.892349 0.365523 0.901828 0.357401 0.928910 0.360108 0.930264 0.398917 0.934326 0.413357 0.939743 0.422383 0.941097 0.459386 0.956669 0.481949 0.955992 0.487365 0.953284 0.499097 0.953284 0.525271 0.943805 0.539711 0.940420 0.549639 0.932972 0.577617 0.917400 0.587545 0.914015 0.592058 0.914015 0.611011 0.905213 0.620036 0.895735 0.623646 0.888964 0.627256 0.873392 0.627256 0.855112 0.624549 0.846310 0.622744 0.824645
6 0.298736 0.807718 0.301444 0.813812 0.306859 0.819228 0.312274 0.821259 0.325812 0.821259 0.352888 0.811104 0.377256 0.797563 0.396209 0.789438 0.410650 0.786053 0.447653 0.784022 0.454874 0.781991 0.489170 0.782668 0.498195 0.786053 0.509025 0.792823 0.528881 0.799594 0.540614 0.805687 0.561372 0.806364 0.570397 0.803656 0.579422 0.796209 0.582130 0.791469 0.582130 0.783345 0.575812 0.771835 0.569495 0.765064 0.561372 0.758971 0.534296 0.747461 0.518953 0.744753 0.502708 0.744753 0.492780 0.742045 0.459386 0.738659 0.434116 0.740014 0.407040 0.738659 0.383574 0.744076 0.362816 0.750846 0.345668 0.758294 0.329422 0.767773 0.305054 0.788084 0.298736 0.798917
6 0.877256 0.384563 0.874549 0.374408 0.862816 0.358158 0.855596 0.337170 0.845668 0.325660 0.842058 0.316181 0.837545 0.313473 0.811372 0.315504 0.748195 0.339878 0.704874 0.348003 0.682310 0.354096 0.675993 0.358835 0.676895 0.366283 0.683213 0.366960 0.688628 0.371699 0.708484 0.376439 0.713899 0.376439 0.720217 0.381855 0.728339 0.383209 0.736462 0.387271 0.762635 0.394719 0.766245 0.397427 0.788809 0.402844 0.793321 0.401490 0.793321 0.396073 0.797834 0.385240 0.805054 0.381178 0.811372 0.380501 0.817690 0.376439 0.821300 0.375762 0.829422 0.387271 0.836643 0.390657 0.852888 0.394719 0.872744 0.389980
5 0.817690 0.378470 0.809567 0.383209 0.805957 0.382532 0.802347 0.385240 0.798736 0.385240 0.796029 0.392011 0.794224 0.407583 0.787004 0.413676 0.783394 0.414353 0.773466 0.421124 0.766245 0.429248 0.763538 0.437373 0.755415 0.449560 0.742780 0.461747 0.740072 0.475965 0.742780 0.490183 0.740072 0.498307 0.740072 0.513879 0.744585 0.522681 0.756318 0.532837 0.766245 0.547055 0.781588 0.559242 0.796931 0.568720 0.819495 0.576845 0.850181 0.578876 0.859206 0.574814 0.877256 0.573460 0.880866 0.571429 0.886282 0.571429 0.902527 0.567366 0.943141 0.549086 0.949458 0.538930 0.952166 0.540284 0.953069 0.543670 0.955776 0.544347 0.963899 0.536899 0.971119 0.534191 0.987365 0.517265 0.985560 0.513202 0.990072 0.510494 0.991877 0.502370 0.995487 0.497630 0.997292 0.486121 1.000000 0.484766 1.000000 0.469194 0.995487 0.466486 0.975632 0.464455 0.962996 0.456330 0.962996 0.452268 0.975632 0.440758 0.976534 0.436019 0.948556 0.415030 0.929603 0.410968 0.925090 0.406229 0.919675 0.404875 0.912455 0.405552 0.903430 0.398104 0.886282 0.387949 0.879061 0.387949 0.872744 0.392011 0.868231 0.392011 0.864621 0.395396 0.850181 0.397427 0.831227 0.389303 0.824910 0.385240 0.820397 0.379147
5 0.630866 0.376439 0.621841 0.380501 0.602888 0.383209 0.594765 0.386594 0.585740 0.394719 0.580325 0.415030 0.568592 0.415708 0.560469 0.420447 0.559567 0.428571 0.564079 0.431957 0.565884 0.446852 0.556859 0.460393 0.556859 0.466486 0.575812 0.482735 0.581227 0.484089 0.585740 0.488152 0.583935 0.499661 0.588448 0.504401 0.595668 0.505755 0.600181 0.501693 0.603791 0.494245 0.612816 0.498307 0.638087 0.503047 0.641697 0.505755 0.659747 0.507109 0.664260 0.505755 0.667870 0.499661 0.664260 0.489506 0.679603 0.481381 0.679603 0.472580 0.675090 0.465132 0.669675 0.460393 0.666065 0.462424 0.660650 0.460393 0.659747 0.458362 0.657040 0.458362 0.656137 0.462424 0.638989 0.461747 0.630866 0.467840 0.628159 0.465132 0.625451 0.465132 0.623646 0.467163 0.618231 0.466486 0.615523 0.468517 0.610108 0.463778 0.610108 0.454976 0.611913 0.453622 0.622744 0.453622 0.628159 0.455653 0.640794 0.454299 0.646209 0.452268 0.653430 0.454299 0.662455 0.452945 0.673285 0.454976 0.685018 0.453622 0.688628 0.450914 0.690433 0.446175 0.697653 0.444821 0.701264 0.447529 0.702166 0.440758 0.699458 0.435342 0.702166 0.431280 0.703069 0.423832 0.698556 0.420447 0.695848 0.412999 0.689531 0.407583 0.687726 0.399458 0.678700 0.386594 0.667870 0.381178 0.661552 0.383209 0.654332 0.383209 0.646209 0.378470 0.638989 0.376439
4 0.586643 0.389303 0.588448 0.389980 0.595668 0.383209 0.618231 0.379824 0.620036 0.378470 0.631769 0.377793 0.633574 0.376439 0.651625 0.378470 0.658845 0.375762 0.671480 0.375762 0.677798 0.373731 0.685921 0.374408 0.685921 0.371699 0.676895 0.367637 0.674188 0.360190 0.677798 0.352742 0.669675 0.351388 0.645307 0.358835 0.638087 0.354773 0.629964 0.344617 0.621841 0.343940 0.604693 0.352742 0.593863 0.361544 0.590253 0.367637 0.590253 0.377793 0.592960 0.381855 0.589350 0.383209
4 0.728339 0.451591 0.718412 0.450237 0.690433 0.452945 0.675993 0.458362 0.681408 0.474611 0.687726 0.482735 0.696751 0.489506 0.706679 0.490183 0.734657 0.481381 0.739170 0.470548 0.738267 0.463101 0.732852 0.454976
4 0.227437 0.582938 0.224729 0.580907 0.212996 0.580230 0.211191 0.574814 0.202166 0.568043 0.198556 0.568720 0.188628 0.566012 0.176895 0.566689 0.165162 0.572106 0.149819 0.588355 0.135379 0.589709 0.130866 0.593094 0.114621 0.598510 0.102888 0.608666 0.083935 0.635071 0.082130 0.623561 0.075812 0.617468 0.055054 0.616791 0.040614 0.614083 0.000000 0.614083 0.000000 0.720379 0.005415 0.721056 0.008123 0.719702 0.022563 0.719025 0.040614 0.714963 0.047834 0.708869 0.058664 0.691266 0.068592 0.681110 0.073105 0.671632 0.076715 0.674340 0.079422 0.683819 0.085740 0.691943 0.096570 0.714286 0.111011 0.723087 0.130866 0.727827 0.144404 0.727150 0.155235 0.723764 0.159747 0.720379 0.170578 0.717671 0.185921 0.709546 0.191336 0.704130 0.218412 0.685850 0.225632 0.671632 0.227437 0.626269 0.235560 0.611374 0.234657 0.594448
5 0.240975 0.496953 0.222924 0.496276 0.198556 0.484089 0.187726 0.476642 0.175090 0.473934 0.168773 0.468517 0.162455 0.465809 0.156137 0.454976 0.144404 0.447529 0.128159 0.442789 0.118231 0.442789 0.111913 0.444821 0.103791 0.444144 0.098375 0.449560 0.090253 0.450914 0.083032 0.446175 0.078520 0.446175 0.062274 0.450914 0.027076 0.447529 0.020758 0.450914 0.015343 0.451591 0.011733 0.455653 0.008123 0.467163 0.002708 0.473257 0.000000 0.473934 0.000000 0.610697 0.035199 0.612051 0.046029 0.614083 0.080325 0.615437 0.092058 0.617468 0.100181 0.612051 0.103791 0.605281 0.114621 0.596479 0.125451 0.593771 0.136282 0.587001 0.146209 0.587001 0.154332 0.584292 0.163357 0.572106 0.175090 0.563981 0.185921 0.563304 0.197653 0.568720 0.207581 0.570752 0.212094 0.581584 0.225632 0.579553 0.237365 0.573460 0.253610 0.557888 0.260830 0.542993 0.260830 0.537576 0.257220 0.534868 0.242780 0.533514 0.238267 0.536222 0.236462 0.535545 0.240975 0.530806
5 0.481047 0.290454 0.478339 0.289777 0.472924 0.292485 0.453971 0.291131 0.437726 0.293162 0.425993 0.287745 0.421480 0.287745 0.419675 0.289100 0.399819 0.288422 0.396209 0.289777 0.375451 0.290454 0.364621 0.293839 0.347473 0.291808 0.341155 0.297901 0.337545 0.297901 0.326715 0.305349 0.322202 0.306026 0.311372 0.314150 0.305957 0.320244 0.305054 0.327014 0.296029 0.343940 0.283394 0.357481 0.280686 0.377116 0.282491 0.382532 0.318592 0.424509 0.333032 0.429926 0.353791 0.431280 0.361011 0.433988 0.371841 0.429926 0.389892 0.429248 0.404332 0.426540 0.419675 0.421124 0.425993 0.417062 0.428700 0.417739 0.429603 0.423832 0.433213 0.425863 0.436823 0.421801 0.438628 0.410968 0.447653 0.403521 0.487365 0.385917 0.498195 0.378470 0.508123 0.365606 0.507220 0.359513 0.510830 0.343940 0.509928 0.329722 0.505415 0.314827 0.481949 0.300609 0.480144 0.295870
5 0.574910 0.097495 0.570397 0.092756 0.561372 0.091401 0.539711 0.093433 0.528881 0.098172 0.510830 0.096818 0.500000 0.094110 0.485560 0.094110 0.482852 0.096141 0.481047 0.108328 0.479242 0.109682 0.472022 0.109682 0.464801 0.106974 0.450361 0.105619 0.442238 0.108328 0.430505 0.109682 0.415162 0.115098 0.398014 0.109682 0.391697 0.109682 0.382671 0.113744 0.369134 0.117129 0.362816 0.121869 0.351986 0.124577 0.342058 0.132024 0.336643 0.132701 0.324007 0.142857 0.315884 0.145565 0.315884 0.147596 0.327617 0.152336 0.340253 0.178064 0.342960 0.180095 0.356498 0.182803 0.364621 0.188219 0.405235 0.200406 0.423285 0.209208 0.437726 0.208531 0.453069 0.203791 0.458484 0.199729 0.464801 0.199052 0.515343 0.202437 0.522563 0.200406 0.527978 0.196344 0.548736 0.186865 0.554152 0.187542 0.560469 0.190928 0.564982 0.186188 0.564982 0.170616 0.563177 0.167231 0.564079 0.149628 0.568592 0.139472 0.572202 0.118483 0.576715 0.109682
5 0.806859 0.165200 0.801444 0.171293 0.782491 0.182126 0.778881 0.191605 0.771661 0.202437 0.767148 0.205823 0.760830 0.222749 0.762635 0.232905 0.767148 0.240352 0.795126 0.267434 0.824910 0.281652 0.859206 0.290454 0.864621 0.296547 0.893502 0.295193 0.935018 0.297224 0.947653 0.286391 0.965704 0.278944 0.970217 0.274204 0.974729 0.272850 0.986462 0.264726 0.994585 0.252539 1.000000 0.249154 1.000000 0.223426 0.997292 0.221395 0.996390 0.212593 0.982852 0.184157 0.972924 0.172647 0.960289 0.164523 0.951264 0.160460 0.940433 0.161814 0.938628 0.159783 0.919675 0.152336 0.900722 0.153690 0.877256 0.148274 0.873646 0.146242 0.861011 0.144888 0.843863 0.151659 0.833032 0.158429
6 0.669675 0.086662 0.654332 0.082600 0.616426 0.077183 0.585740 0.064320 0.578520 0.064320 0.576715 0.065674 0.576715 0.109005 0.563177 0.151659 0.564079 0.171970 0.569495 0.178741 0.576715 0.178741 0.589350 0.171970 0.599278 0.163846 0.603791 0.163169 0.611011 0.157075 0.616426 0.155044 0.629964 0.143534 0.638989 0.139472 0.670578 0.117129 0.676895 0.107651 0.675090 0.094787
6 0.738267 0.127962 0.720217 0.128639 0.704874 0.134056 0.695848 0.140149 0.687726 0.150982 0.685018 0.159106 0.671480 0.182803 0.672383 0.194313 0.681408 0.209208 0.693141 0.218687 0.704874 0.223426 0.717509 0.226134 0.743682 0.225457 0.751805 0.223426 0.759025 0.218687 0.762635 0.209885 0.775271 0.192959 0.783394 0.171970 0.781588 0.151659 0.776173 0.142857 0.762635 0.134733
4 0.568592 0.071090 0.564982 0.064997 0.550542 0.056195 0.514440 0.050779 0.494585 0.051456 0.437726 0.067705 0.432310 0.070413 0.421480 0.079215 0.415162 0.094787 0.416065 0.105619 0.419675 0.110359 0.433213 0.109005 0.458484 0.101557 0.465704 0.101557 0.472924 0.106297 0.475632 0.106297 0.480144 0.096818 0.486462 0.092756 0.496390 0.092756 0.528881 0.097495 0.547834 0.091401 0.563177 0.090724 0.568592 0.088693 0.570397 0.084631
4 0.749097 0.121192 0.749097 0.128639 0.750903 0.130670 0.764440 0.134056 0.779783 0.144211 0.786101 0.167231 0.789711 0.171970 0.797834 0.171293 0.805957 0.164523 0.814079 0.161137 0.834838 0.157075 0.846570 0.149628 0.861011 0.143534 0.870036 0.144211 0.899819 0.153013 0.916065 0.150305 0.932310 0.152336 0.943141 0.149628 0.946751 0.144211 0.946751 0.138795 0.943141 0.132024 0.928700 0.117806 0.897112 0.104265 0.885379 0.096141 0.864621 0.093433 0.853791 0.086662 0.842960 0.083954 0.807762 0.082600 0.781588 0.088693 0.759025 0.105619 0.751805 0.113744
4 0.353791 0.247123 0.339350 0.243060 0.321300 0.242383 0.289711 0.251185 0.266245 0.266080 0.258123 0.274882 0.253610 0.283006 0.252708 0.294516 0.265343 0.311442 0.275271 0.318890 0.294224 0.326337 0.299639 0.326337 0.303249 0.323629 0.307762 0.315504 0.320397 0.306026 0.339350 0.297224 0.346570 0.289100 0.353791 0.289100 0.362816 0.292485 0.373646 0.290454 0.379061 0.287745 0.380866 0.282329 0.375451 0.266757 0.366426 0.254570
6 0.212996 0.303995 0.189531 0.312796 0.180505 0.319567 0.175090 0.328368 0.173285 0.341232 0.180505 0.365606 0.188628 0.381178 0.200361 0.391334 0.223827 0.398781 0.249097 0.398781 0.270758 0.389980 0.277076 0.385240 0.279783 0.381178 0.280686 0.360190 0.287906 0.348003 0.287906 0.341232 0.280686 0.331754 0.266245 0.320244 0.262635 0.314827 0.249097 0.306703 0.229242 0.303318
