5 0.600181 0.725796 0.594765 0.725796 0.583935 0.733920 0.579422 0.734597 0.576715 0.740014 0.557762 0.751523 0.551444 0.758294 0.547834 0.758971 0.546029 0.763033 0.539711 0.766418 0.524368 0.779282 0.522563 0.782668 0.516245 0.786053 0.512635 0.791469 0.509025 0.792146 0.498195 0.799594 0.493682 0.800271 0.489170 0.804333 0.486462 0.804333 0.473827 0.813812 0.443141 0.828030 0.424188 0.828030 0.421480 0.825999 0.419675 0.815166 0.415162 0.812458 0.411552 0.806364 0.410650 0.798917 0.405235 0.796209 0.394404 0.794854 0.370036 0.796209 0.361913 0.799594 0.352888 0.800948 0.349278 0.798240 0.344765 0.798240 0.344765 0.803656 0.351083 0.801625 0.351083 0.805687 0.348375 0.807718 0.343863 0.807718 0.342058 0.810427 0.329422 0.813135 0.317690 0.813135 0.314079 0.814489 0.311372 0.812458 0.312274 0.801625 0.310469 0.797563 0.302347 0.800948 0.305957 0.806364 0.305957 0.809749 0.299639 0.811781 0.294224 0.804333 0.287906 0.804333 0.283394 0.800948 0.281588 0.794177 0.270758 0.782668 0.262635 0.777251 0.251805 0.776574 0.240975 0.780636 0.236462 0.778605 0.239170 0.774543 0.244585 0.773189 0.250000 0.769127 0.251805 0.763710 0.257220 0.757617 0.259025 0.750169 0.259025 0.727827 0.257220 0.720379 0.268953 0.709546 0.268051 0.704807 0.274368 0.701422 0.274368 0.697360 0.277076 0.694651 0.279783 0.685173 0.271661 0.676371 0.253610 0.668923 0.236462 0.670955 0.221119 0.677048 0.212094 0.685173 0.207581 0.692620 0.211191 0.712255 0.196751 0.719025 0.178700 0.734597 0.173285 0.744753 0.173285 0.749492 0.176895 0.757617 0.181408 0.763033 0.195848 0.771835 0.194946 0.774543 0.177798 0.786730 0.173285 0.781991 0.163357 0.780636 0.154332 0.781991 0.148014 0.791469 0.139892 0.796209 0.135379 0.801625 0.130866 0.813812 0.119134 0.823290 0.117329 0.827353 0.122744 0.850372 0.127256 0.858497 0.131769 0.862559 0.132671 0.867299 0.119134 0.878131 0.103791 0.882871 0.095668 0.888964 0.092960 0.893026 0.091155 0.903182 0.085740 0.911307 0.083032 0.922817 0.083935 0.931618 0.091155 0.949898 0.101083 0.956669 0.101986 0.975626 0.113718 0.993907 0.115523 1.000000 0.344765 1.000000 0.344765 0.997969 0.358303 0.988490 0.367329 0.988490 0.377256 0.991875 0.390794 0.991875 0.399819 0.989167 0.405235 0.989167 0.418773 0.984428 0.425993 0.977657 0.435018 0.974272 0.442238 0.966825 0.445848 0.960054 0.445848 0.944482 0.443141 0.936357 0.435018 0.924848 0.446751 0.910630 0.452166 0.907244 0.463899 0.904536 0.497292 0.909953 0.508123 0.920785 0.512635 0.922817 0.526173 0.924171 0.537004 0.922817 0.541516 0.917400 0.538809 0.903182 0.532491 0.895058 0.530686 0.885579 0.525271 0.880162 0.522563 0.868653 0.510830 0.865267 0.509025 0.861882 0.502708 0.859174 0.480144 0.859174 0.476534 0.857143 0.474729 0.851049 0.485560 0.842925 0.507220 0.841571 0.545126 0.834800 0.572202 0.828030 0.584838 0.826676 0.604693 0.820582 0.615523 0.819228 0.639892 0.810427 0.642599 0.801625 0.630866 0.771835 0.626354 0.769804 0.619134 0.769804 0.580325 0.786053 0.575812 0.789438 0.572202 0.789438 0.569495 0.792146 0.563177 0.792823 0.560469 0.796209 0.556859 0.794854 0.559567 0.790792 0.568592 0.786053 0.575812 0.776574 0.584838 0.771158 0.585740 0.767773 0.592960 0.763710 0.611011 0.748138 0.611011 0.744753 0.608303 0.742722 0.601986 0.742722 0.600181 0.744753 0.596570 0.743399 0.601083 0.733920
4 0.431408 0.649966 0.423285 0.650643 0.415162 0.659445 0.397112 0.653351 0.385379 0.654028 0.364621 0.668246 0.354693 0.672309 0.347473 0.678402 0.323105 0.685850 0.316787 0.696005 0.314982 0.704807 0.317690 0.714286 0.316787 0.720379 0.306859 0.730535 0.304152 0.738659 0.304152 0.747461 0.305957 0.750169 0.334838 0.762356 0.337545 0.765064 0.346570 0.767095 0.352888 0.771835 0.357401 0.771835 0.363718 0.774543 0.376354 0.788084 0.379964 0.788084 0.390794 0.793500 0.407040 0.795531 0.412455 0.794177 0.414260 0.795531 0.415162 0.805010 0.418773 0.807041 0.440433 0.802302 0.461191 0.788761 0.465704 0.774543 0.480144 0.763033 0.489170 0.760325 0.503610 0.749492 0.513538 0.736628 0.523466 0.728504 0.525271 0.724441 0.521661 0.703453 0.512635 0.687881 0.503610 0.683142 0.481047 0.676371 0.465704 0.664861 0.455776 0.660799 0.444946 0.652674
6 0.663357 0.563981 0.648917 0.576168 0.643502 0.583615 0.640794 0.600542 0.643502 0.603927 0.644404 0.614760 0.649819 0.630332 0.666968 0.650643 0.672383 0.662830 0.676895 0.668246 0.688628 0.693974 0.693141 0.700068 0.695848 0.716994 0.703069 0.727150 0.727437 0.736628 0.754513 0.743399 0.761733 0.748138 0.770758 0.748138 0.797834 0.752877 0.817690 0.752877 0.828520 0.750169 0.833935 0.744076 0.848375 0.740691 0.856498 0.741368 0.861011 0.744076 0.869134 0.742045 0.873646 0.742722 0.879964 0.740014 0.880866 0.735951 0.882671 0.737982 0.887184 0.737982 0.906137 0.725796 0.913357 0.716994 0.912455 0.712932 0.917870 0.708192 0.919675 0.698714 0.912455 0.685173 0.906137 0.678402 0.904332 0.670955 0.897112 0.665538 0.893502 0.651997 0.893502 0.635748 0.898917 0.622884 0.908845 0.611374 0.909747 0.602573 0.905235 0.594448 0.890794 0.586324 0.887184 0.580230 0.872744 0.576845 0.861913 0.579553 0.857401 0.583615 0.842058 0.575491 0.817690 0.572106 0.812274 0.568720 0.813177 0.558565 0.810469 0.551117 0.801444 0.542993 0.782491 0.532160 0.775271 0.532160 0.767148 0.534868 0.762635 0.539607 0.753610 0.540961 0.747292 0.546378 0.731949 0.549763 0.723827 0.553825 0.720217 0.553148 0.716606 0.555856 0.704874 0.555856 0.698556 0.559242 0.694043 0.557211 0.675090 0.557888
6 0.583935 0.440081 0.573105 0.434665 0.560469 0.431957 0.540614 0.433311 0.524368 0.438050 0.454874 0.477996 0.424188 0.503047 0.408845 0.521327 0.409747 0.524035 0.414260 0.526066 0.464801 0.531483 0.498195 0.538253 0.507220 0.538253 0.546029 0.524035 0.562274 0.513879 0.577617 0.496953 0.590253 0.479350 0.593863 0.462424 0.591155 0.452945
6 0.875451 0.472580 0.870036 0.478673 0.870036 0.482735 0.873646 0.488829 0.873646 0.500339 0.870036 0.503047 0.858303 0.504401 0.850181 0.509140 0.848375 0.515234 0.851986 0.522004 0.861011 0.526743 0.888087 0.534868 0.943141 0.559242 0.952166 0.566689 0.961191 0.578199 0.970217 0.584292 0.973827 0.583615 0.985560 0.586324 1.000000 0.584970 1.000000 0.513879 0.998195 0.513202 1.000000 0.512525 1.000000 0.508463 0.997292 0.508463 0.993682 0.511171 0.990072 0.507786 0.988267 0.511848 0.978339 0.516588 0.971119 0.516588 0.965704 0.512525 0.967509 0.508463 0.980144 0.498984 0.980144 0.496953 0.967509 0.485443 0.962996 0.486798 0.960289 0.484089 0.955776 0.484089 0.951264 0.478673 0.946751 0.480027 0.943141 0.477319 0.935921 0.462424 0.926895 0.456330 0.918773 0.454976 0.907942 0.463778 0.903430 0.471225 0.897112 0.474611 0.880866 0.471903
4 0.797834 0.307380 0.787906 0.314150 0.783394 0.322275 0.779783 0.334462 0.781588 0.351388 0.779783 0.359513 0.774368 0.362221 0.759025 0.361544 0.750903 0.364929 0.735560 0.385240 0.731047 0.402844 0.720217 0.409614 0.709386 0.422478 0.708484 0.431957 0.712094 0.440081 0.729242 0.454976 0.746390 0.459039 0.759928 0.467163 0.770758 0.470548 0.795126 0.474611 0.809567 0.483412 0.817690 0.497630 0.823105 0.501693 0.836643 0.507109 0.849278 0.507786 0.871841 0.498307 0.871841 0.490183 0.868231 0.482735 0.868231 0.475965 0.872744 0.470548 0.890794 0.472580 0.896209 0.471903 0.904332 0.468517 0.907040 0.463778 0.920578 0.452268 0.935018 0.454976 0.945848 0.450237 0.948556 0.445498 0.950361 0.434665 0.956679 0.425186 0.953069 0.394042 0.944946 0.380501 0.926895 0.366283 0.917870 0.356804 0.907040 0.349357 0.900722 0.341909 0.893502 0.337847 0.884477 0.335816 0.862816 0.335816 0.851986 0.333108 0.820397 0.308057 0.815884 0.306703
5 0.444946 0.211916 0.443141 0.214624 0.444946 0.224103 0.452166 0.233582 0.464801 0.243060 0.468412 0.249154 0.468412 0.251862 0.462094 0.255247 0.453971 0.266080 0.453069 0.272173 0.458484 0.276913 0.481047 0.289100 0.481047 0.299255 0.482852 0.302640 0.490072 0.306703 0.509928 0.310765 0.534296 0.310088 0.556859 0.316181 0.589350 0.315504 0.595668 0.312119 0.601083 0.311442 0.611011 0.304672 0.622744 0.306026 0.627256 0.303995 0.637184 0.311442 0.648014 0.311442 0.667870 0.304672 0.685018 0.291131 0.695848 0.276236 0.711191 0.264726 0.711191 0.253893 0.705776 0.238321 0.698556 0.228165 0.691336 0.224103 0.689531 0.206500 0.683213 0.195667 0.679603 0.193636 0.666968 0.194990 0.647112 0.191605 0.643502 0.188219 0.630866 0.184157 0.609206 0.172647 0.590253 0.170616 0.582130 0.174678 0.573105 0.176032 0.566787 0.169262 0.556859 0.169262 0.552347 0.171293 0.543321 0.171970 0.533394 0.168585 0.520758 0.173324 0.511733 0.180772 0.511733 0.188896 0.509025 0.190928 0.489170 0.198375 0.478339 0.200406 0.470217 0.207177 0.457581 0.211239
5 0.106498 0.477996 0.087545 0.479350 0.081227 0.483412 0.076715 0.491537 0.076715 0.505078 0.083032 0.517942 0.098375 0.527420 0.088448 0.534868 0.077617 0.549086 0.075812 0.555179 0.077617 0.570074 0.083032 0.578199 0.088448 0.582261 0.099278 0.582261 0.107401 0.580230 0.123646 0.569397 0.132671 0.555179 0.134477 0.538930 0.142599 0.536222 0.148917 0.531483 0.157040 0.521327 0.159747 0.513879 0.159747 0.498984 0.152527 0.490183 0.138087 0.486798 0.122744 0.488829 0.111913 0.480027
5 0.000000 0.358835 0.000000 0.462424 0.025271 0.462424 0.064079 0.480027 0.080325 0.480704 0.105596 0.475965 0.108303 0.471225 0.108303 0.453622 0.101986 0.443466 0.093863 0.437373 0.083032 0.436019 0.077617 0.433311 0.077617 0.429926 0.074910 0.427894 0.076715 0.425863 0.075812 0.415030 0.072202 0.415030 0.069495 0.406229 0.057762 0.394719 0.048736 0.376439 0.044224 0.371699 0.037004 0.368314 0.027076 0.366283 0.014440 0.360190
6 0.000000 0.465132 0.000000 0.502370 0.025271 0.502370 0.044224 0.507786 0.054152 0.515911 0.058664 0.523358 0.064079 0.539607 0.071300 0.550440 0.074007 0.551117 0.077617 0.548409 0.091155 0.527420 0.091155 0.524712 0.082130 0.515911 0.077617 0.507109 0.074910 0.487475 0.055054 0.477319 0.046029 0.470548 0.034296 0.467163 0.028881 0.463778 0.020758 0.463101
0 0.165162 0.293839 0.165162 0.295870 0.169675 0.295870 0.177798 0.293162 0.181408 0.302640 0.190433 0.299255 0.201264 0.305349 0.205776 0.305349 0.208484 0.308734 0.212996 0.306703 0.222022 0.308057 0.226534 0.304672 0.236462 0.303318 0.235560 0.298578 0.237365 0.297224 0.237365 0.293162 0.235560 0.291808 0.236462 0.285714 0.234657 0.280975 0.230144 0.279621 0.222022 0.280975 0.213899 0.275559 0.204874 0.276236 0.202166 0.274204 0.189531 0.276236 0.185018 0.275559 0.173285 0.278944 0.168773 0.290454
6 0.343863 0.292485 0.338448 0.270819 0.333935 0.265403 0.322202 0.261341 0.315884 0.256601 0.282491 0.240352 0.273466 0.238321 0.270758 0.236290 0.264440 0.236290 0.245487 0.232227 0.210289 0.241029 0.189531 0.242383 0.176895 0.247123 0.165162 0.248477 0.160650 0.250508 0.126354 0.255247 0.110108 0.261341 0.072202 0.260664 0.057762 0.266757 0.054152 0.271496 0.043321 0.279621 0.037004 0.281652 0.033394 0.285714 0.033394 0.295193 0.044224 0.318213 0.059567 0.331077 0.078520 0.350711 0.092960 0.358158 0.111913 0.363575 0.153430 0.368314 0.157942 0.366960 0.185921 0.368314 0.233755 0.364929 0.236462 0.362898 0.248195 0.362221 0.251805 0.360190 0.262635 0.358835 0.283394 0.339201 0.298736 0.329722 0.316787 0.322275 0.330325 0.318890 0.336643 0.314827 0.342960 0.301286
6 0.282491 0.398781 0.282491 0.412322 0.286101 0.419770 0.294224 0.425186 0.296931 0.431957 0.302347 0.436019 0.310469 0.438727 0.314079 0.442789 0.324007 0.444144 0.328520 0.447529 0.342960 0.451591 0.402527 0.456330 0.407942 0.454299 0.420578 0.454299 0.440433 0.451591 0.453069 0.447529 0.455776 0.444821 0.465704 0.444144 0.472022 0.438050 0.482852 0.433988 0.491877 0.427217 0.493682 0.423155 0.499097 0.422478 0.500903 0.407583 0.506318 0.404198 0.506318 0.399458 0.499097 0.381855 0.473827 0.361544 0.452166 0.353419 0.434116 0.349357 0.398014 0.345295 0.379061 0.345295 0.351986 0.348680 0.334838 0.353419 0.320397 0.359513 0.306859 0.367637 0.290614 0.382532
4 0.417870 0.132701 0.415162 0.126608 0.403430 0.121192 0.398014 0.110359 0.380866 0.102911 0.373646 0.094787 0.361011 0.094787 0.356498 0.098172 0.351986 0.098172 0.330325 0.092756 0.307762 0.083277 0.291516 0.070413 0.285199 0.068382 0.272563 0.067705 0.264440 0.069736 0.250000 0.069736 0.243682 0.071090 0.229242 0.081923 0.223827 0.083954 0.202166 0.086662 0.193141 0.092079 0.176895 0.096141 0.161552 0.095464 0.133574 0.102234 0.124549 0.107651 0.118231 0.123900 0.114621 0.124577 0.105596 0.121869 0.100181 0.122546 0.104693 0.127962 0.114621 0.132701 0.117329 0.136087 0.117329 0.138795 0.101986 0.150305 0.100181 0.166554 0.101986 0.174678 0.108303 0.183480 0.112816 0.186188 0.128159 0.185511 0.149819 0.180772 0.172383 0.178741 0.197653 0.178064 0.244585 0.180095 0.287004 0.187542 0.342960 0.205823 0.345668 0.203791 0.350181 0.203791 0.357401 0.201083 0.377256 0.183480 0.414260 0.156398 0.418773 0.146919
