4 0.035199 0.576845 0.030686 0.584970 0.028881 0.599865 0.032491 0.607312 0.039711 0.610697 0.049639 0.619499 0.049639 0.644550 0.051444 0.652674 0.055054 0.658768 0.064079 0.666215 0.052347 0.681787 0.052347 0.687204 0.066787 0.719702 0.072202 0.728504 0.078520 0.732566 0.112816 0.740014 0.110108 0.744076 0.110108 0.749492 0.125451 0.772512 0.138989 0.784699 0.157942 0.792823 0.166968 0.794177 0.177798 0.793500 0.203069 0.781991 0.240072 0.769804 0.247292 0.765064 0.252708 0.758294 0.256318 0.757617 0.266245 0.750846 0.270758 0.750169 0.274368 0.751523 0.272563 0.758971 0.272563 0.784699 0.268953 0.792823 0.268953 0.802302 0.282491 0.826676 0.298736 0.842925 0.313177 0.849695 0.333935 0.851726 0.340253 0.853758 0.351986 0.861205 0.361011 0.870007 0.380866 0.872715 0.388989 0.867299 0.390794 0.862559 0.379061 0.830738 0.368231 0.815843 0.368231 0.812458 0.374549 0.807718 0.374549 0.805010 0.378159 0.803656 0.375451 0.798917 0.377256 0.796209 0.384477 0.806364 0.379061 0.815166 0.387184 0.823290 0.383574 0.826676 0.382671 0.834800 0.393502 0.835477 0.395307 0.832769 0.398014 0.840217 0.395307 0.845633 0.400722 0.849018 0.412455 0.852404 0.416065 0.855789 0.426895 0.860528 0.433213 0.861882 0.478339 0.860528 0.494585 0.867299 0.512635 0.867976 0.529783 0.862559 0.530686 0.859174 0.541516 0.851049 0.550542 0.848341 0.574007 0.852404 0.583935 0.852404 0.590253 0.850372 0.592058 0.846987 0.592058 0.836831 0.588448 0.829384 0.592960 0.826676 0.599278 0.830738 0.601083 0.821936 0.608303 0.816520 0.611011 0.807041 0.615523 0.801625 0.617329 0.791469 0.620939 0.788084 0.624549 0.775897 0.628159 0.771835 0.627256 0.754232 0.623646 0.745430 0.619134 0.743399 0.616426 0.736628 0.611011 0.733243 0.608303 0.727827 0.594765 0.714286 0.592058 0.708192 0.583032 0.700068 0.581227 0.692620 0.575812 0.682464 0.573105 0.681110 0.573105 0.677048 0.565884 0.664861 0.566787 0.662153 0.562274 0.656060 0.559567 0.645904 0.554152 0.640487 0.546931 0.637102 0.546029 0.633040 0.542419 0.629655 0.531588 0.626269 0.512635 0.626269 0.507220 0.629655 0.500903 0.639133 0.493682 0.643873 0.490975 0.643873 0.490072 0.646581 0.487365 0.643873 0.482852 0.645904 0.477437 0.645227 0.474729 0.647935 0.469314 0.647258 0.457581 0.649289 0.455776 0.647258 0.449458 0.647935 0.446751 0.646581 0.445848 0.649289 0.435921 0.655383 0.427798 0.655383 0.424188 0.653351 0.416065 0.653351 0.412455 0.655383 0.399819 0.654028 0.392599 0.658091 0.388087 0.657414 0.380866 0.663507 0.367329 0.660122 0.354693 0.652674 0.345668 0.652674 0.342058 0.649966 0.337545 0.650643 0.333032 0.643196 0.329422 0.643196 0.326715 0.645227 0.317690 0.634394 0.309567 0.609343 0.308664 0.590386 0.304152 0.585647 0.294224 0.586324 0.281588 0.595125 0.273466 0.599188 0.271661 0.598510 0.275271 0.588355 0.282491 0.584292 0.286101 0.571429 0.283394 0.541638 0.288809 0.531483 0.288809 0.520650 0.284296 0.513202 0.258123 0.499661 0.250903 0.498307 0.236462 0.490860 0.232852 0.491537 0.223827 0.488152 0.199458 0.486798 0.183213 0.488829 0.163357 0.495599 0.139892 0.508463 0.114621 0.526066 0.072202 0.547732 0.058664 0.558565 0.044224 0.567366
0 0.188628 0.418416 0.188628 0.439404 0.201264 0.471225 0.210289 0.479350 0.226534 0.483412 0.246390 0.482735 0.251805 0.480027 0.263538 0.477996 0.287906 0.477319 0.310469 0.473257 0.331227 0.457007 0.342058 0.452268 0.350181 0.439404 0.361913 0.436019 0.381769 0.425186 0.403430 0.418416 0.410650 0.413676 0.413357 0.409614 0.435018 0.408937 0.444946 0.405552 0.461191 0.405552 0.488267 0.402167 0.497292 0.402167 0.500903 0.404875 0.508123 0.404875 0.512635 0.401490 0.518051 0.406906 0.540614 0.408260 0.555957 0.412999 0.567690 0.414353 0.574910 0.417739 0.592058 0.420447 0.601083 0.426540 0.601986 0.429926 0.611011 0.436696 0.626354 0.439404 0.638087 0.438727 0.639892 0.440081 0.639892 0.446852 0.646209 0.448206 0.655235 0.454299 0.658845 0.461747 0.674188 0.465132 0.675993 0.473934 0.679603 0.477996 0.680505 0.482735 0.685921 0.483412 0.688628 0.486798 0.689531 0.498984 0.695848 0.502370 0.695848 0.507109 0.703971 0.514557 0.717509 0.514557 0.719314 0.501693 0.729242 0.498984 0.732852 0.494245 0.733755 0.486121 0.736462 0.484089 0.748195 0.484766 0.750903 0.482735 0.758123 0.467163 0.759025 0.440081 0.756318 0.423832 0.750903 0.421124 0.747292 0.407583 0.736462 0.406229 0.731949 0.400135 0.723827 0.400812 0.712094 0.397427 0.709386 0.398781 0.696751 0.398104 0.693141 0.401490 0.685018 0.398104 0.679603 0.392688 0.675993 0.377793 0.670578 0.368314 0.662455 0.361544 0.653430 0.357481 0.644404 0.356127 0.626354 0.357481 0.623646 0.353419 0.620036 0.353419 0.614621 0.360190 0.601986 0.363575 0.595668 0.369668 0.589350 0.352742 0.581227 0.344617 0.571300 0.341232 0.562274 0.335816 0.541516 0.332431 0.509928 0.333785 0.493682 0.341909 0.488267 0.350034 0.483755 0.348680 0.467509 0.335816 0.459386 0.333108 0.447653 0.331754 0.415162 0.332431 0.399819 0.336493 0.390794 0.341909 0.384477 0.348003 0.374549 0.366283 0.369134 0.365606 0.346570 0.352065 0.334838 0.348680 0.313177 0.351388 0.289711 0.360190 0.274368 0.369668 0.266245 0.378470 0.264440 0.387271 0.265343 0.394719 0.262635 0.396750 0.238267 0.392011 0.225632 0.392011 0.212094 0.394719 0.201264 0.399458 0.191336 0.410291
3 0.800542 0.500339 0.787906 0.505078 0.783394 0.502370 0.781588 0.498307 0.776173 0.496276 0.773466 0.497630 0.770758 0.503047 0.764440 0.506432 0.760830 0.496953 0.747292 0.498984 0.740072 0.494922 0.736462 0.494922 0.717509 0.526743 0.712094 0.539607 0.708484 0.559242 0.712996 0.572783 0.709386 0.580230 0.703971 0.582938 0.694043 0.598510 0.688628 0.601896 0.680505 0.614083 0.680505 0.618145 0.677798 0.622207 0.677798 0.646581 0.693141 0.657414 0.695848 0.665538 0.693141 0.685850 0.677798 0.710223 0.665162 0.723764 0.640794 0.758294 0.639892 0.763033 0.631769 0.775220 0.631769 0.779282 0.628159 0.781991 0.623646 0.795531 0.616426 0.805687 0.616426 0.809749 0.611011 0.817874 0.609206 0.825999 0.599278 0.844956 0.599278 0.849695 0.589350 0.877454 0.562274 0.942451 0.559567 0.955992 0.543321 0.994584 0.543321 1.000000 0.603791 1.000000 0.676895 0.858497 0.684116 0.838186 0.687726 0.833446 0.703069 0.788761 0.712996 0.744076 0.723827 0.716317 0.728339 0.710223 0.744585 0.700068 0.771661 0.692620 0.803249 0.679079 0.824007 0.663507 0.838448 0.646581 0.849278 0.614760 0.850181 0.598510 0.848375 0.583615 0.831227 0.542993 0.821300 0.529452 0.814079 0.523358 0.806859 0.519973 0.804152 0.504401
6 0.361011 0.437373 0.350181 0.448206 0.334838 0.459716 0.330325 0.461070 0.327617 0.466486 0.313177 0.477319 0.310469 0.489506 0.306859 0.493568 0.302347 0.515911 0.297834 0.522681 0.298736 0.553825 0.305957 0.572783 0.311372 0.578199 0.313177 0.584292 0.319495 0.593094 0.328520 0.595802 0.332130 0.598510 0.348375 0.623561 0.356498 0.628978 0.361011 0.626947 0.374549 0.639133 0.376354 0.647935 0.379964 0.647935 0.383574 0.652674 0.415162 0.649289 0.435921 0.650643 0.446751 0.645227 0.461191 0.645227 0.475632 0.641165 0.488267 0.635071 0.498195 0.633040 0.502708 0.627624 0.521661 0.622207 0.545126 0.627624 0.561372 0.641165 0.564982 0.653351 0.572202 0.656737 0.583935 0.657414 0.612816 0.654028 0.628159 0.648612 0.635379 0.642519 0.646209 0.639810 0.662455 0.629655 0.674188 0.612051 0.679603 0.608666 0.688628 0.595125 0.694043 0.591740 0.702166 0.557211 0.702166 0.538930 0.698556 0.517942 0.691336 0.505755 0.685921 0.491537 0.682310 0.486121 0.675090 0.480704 0.670578 0.471225 0.658845 0.465809 0.655235 0.458362 0.649819 0.453622 0.639892 0.451591 0.631769 0.446852 0.628159 0.446852 0.623646 0.443466 0.612816 0.440081 0.597473 0.430603 0.591155 0.423832 0.583032 0.421801 0.564079 0.420447 0.560469 0.417739 0.551444 0.417062 0.542419 0.412322 0.515343 0.409614 0.495487 0.404875 0.456679 0.406906 0.425090 0.411645 0.417870 0.415708 0.407942 0.417062 0.403430 0.420447 0.390794 0.423832 0.373646 0.433988
5 0.250903 0.482735 0.243682 0.486121 0.248195 0.488829 0.250000 0.494245 0.277076 0.507786 0.289711 0.518619 0.291516 0.523358 0.291516 0.529452 0.284296 0.540961 0.284296 0.553148 0.287906 0.564658 0.287906 0.574814 0.282491 0.581584 0.282491 0.591740 0.287004 0.591740 0.291516 0.587001 0.299639 0.583615 0.305054 0.584292 0.309567 0.587001 0.312274 0.590386 0.313177 0.621530 0.322202 0.637102 0.341155 0.639810 0.347473 0.643196 0.361913 0.656060 0.375451 0.658091 0.388989 0.655383 0.390794 0.654028 0.390794 0.648612 0.383574 0.643196 0.382671 0.640487 0.365523 0.626947 0.354693 0.623561 0.345668 0.616114 0.342960 0.612051 0.342960 0.602573 0.333935 0.595802 0.328520 0.594448 0.316787 0.587678 0.313177 0.582261 0.313177 0.575491 0.305054 0.564658 0.297834 0.540961 0.300542 0.524712 0.303249 0.521327 0.305957 0.495599 0.311372 0.483412 0.311372 0.477996 0.305957 0.475965 0.298736 0.475965 0.288809 0.478673 0.262635 0.480027
5 0.185018 0.441435 0.160650 0.438050 0.150722 0.438050 0.142599 0.440758 0.138989 0.438050 0.136282 0.439404 0.138087 0.457007 0.131769 0.469194 0.118231 0.486121 0.116426 0.498307 0.109206 0.516588 0.111011 0.522681 0.120036 0.521327 0.126354 0.515234 0.130866 0.513879 0.156137 0.495599 0.169675 0.490183 0.174188 0.486798 0.182310 0.486798 0.192238 0.483412 0.197653 0.483412 0.203069 0.480027 0.193141 0.454299
5 0.665162 0.633717 0.656137 0.635071 0.644404 0.642519 0.637184 0.644550 0.621841 0.653351 0.592058 0.661476 0.581227 0.668246 0.575812 0.666215 0.574007 0.668923 0.576715 0.677725 0.585740 0.692620 0.588448 0.702099 0.599278 0.717671 0.620036 0.740691 0.626354 0.745430 0.635379 0.748815 0.639892 0.748815 0.647112 0.743399 0.657040 0.728504 0.662455 0.725796 0.665162 0.720379 0.677798 0.708192 0.687726 0.693297 0.693141 0.678402 0.693141 0.667569 0.690433 0.660799 0.685018 0.654705 0.672383 0.647258 0.668773 0.637779
5 0.266245 0.753555 0.252708 0.760325 0.249097 0.765064 0.234657 0.773866 0.206679 0.781313 0.189531 0.788761 0.185018 0.795531 0.200361 0.809749 0.219314 0.816520 0.240975 0.816520 0.247292 0.819228 0.262635 0.831415 0.268953 0.833446 0.279783 0.830738 0.279783 0.824645 0.267148 0.803656 0.268051 0.790115 0.271661 0.783345 0.271661 0.765064 0.269856 0.754909
5 0.726534 0.232905 0.720217 0.227488 0.712094 0.215978 0.712094 0.207854 0.701264 0.193636 0.688628 0.185511 0.681408 0.174678 0.673285 0.169262 0.670578 0.165200 0.668773 0.155721 0.660650 0.152336 0.647112 0.161814 0.640794 0.161814 0.622744 0.165877 0.607401 0.165877 0.593863 0.167908 0.580325 0.171970 0.573105 0.184157 0.567690 0.188896 0.532491 0.200406 0.514440 0.209885 0.505415 0.216655 0.499097 0.226134 0.497292 0.236967 0.499097 0.243060 0.504513 0.248477 0.517148 0.257278 0.535199 0.266080 0.574910 0.275559 0.601083 0.278267 0.630866 0.278267 0.663357 0.273527 0.697653 0.261341 0.720217 0.248477 0.726534 0.241706
5 0.781588 0.287068 0.774368 0.317536 0.773466 0.357481 0.778881 0.362221 0.778881 0.372376 0.782491 0.385917 0.787004 0.390657 0.794224 0.392011 0.799639 0.398104 0.813177 0.400135 0.849278 0.400812 0.888087 0.396073 0.891697 0.392688 0.925090 0.389980 0.942238 0.383209 0.952166 0.381855 0.954874 0.376439 0.968412 0.375762 0.978339 0.365606 0.978339 0.362221 0.982852 0.361544 0.986462 0.358158 0.985560 0.330399 0.983755 0.327691 0.972022 0.325660 0.967509 0.316858 0.960289 0.314150 0.955776 0.314150 0.937726 0.306026 0.912455 0.302640 0.903430 0.297901 0.893502 0.295870 0.889892 0.291808 0.889892 0.281652 0.877256 0.280298 0.873646 0.275559 0.870036 0.274204 0.861913 0.273527 0.849278 0.278267 0.842960 0.273527 0.837545 0.272850 0.831227 0.266757 0.820397 0.265403 0.812274 0.269465 0.809567 0.274204 0.797834 0.275559 0.795126 0.280298 0.788809 0.280975
