5 0.453971 0.361544 0.444946 0.373731 0.439531 0.377116 0.436823 0.383209 0.431408 0.384563 0.430505 0.387949 0.423285 0.390657 0.411552 0.399458 0.407040 0.399458 0.401625 0.436019 0.397112 0.446175 0.390794 0.454299 0.392599 0.459039 0.385379 0.488829 0.379061 0.496276 0.379061 0.502370 0.388989 0.507109 0.407040 0.508463 0.412455 0.513202 0.418773 0.515911 0.439531 0.515911 0.477437 0.519973 0.498195 0.517942 0.507220 0.519973 0.533394 0.521327 0.569495 0.531483 0.572202 0.533514 0.582130 0.534191 0.630866 0.546378 0.635379 0.549763 0.654332 0.554502 0.669675 0.561273 0.690433 0.563981 0.693141 0.559919 0.687726 0.553148 0.687726 0.543670 0.684116 0.535545 0.684116 0.532160 0.688628 0.526743 0.685921 0.518619 0.686823 0.496276 0.685018 0.478673 0.687726 0.465132 0.694043 0.458362 0.693141 0.456330 0.696751 0.450237 0.704874 0.444821 0.717509 0.443466 0.728339 0.437373 0.733755 0.436696 0.741877 0.427894 0.741877 0.424509 0.731047 0.419770 0.727437 0.416385 0.723827 0.398104 0.706679 0.385917 0.700361 0.377116 0.705776 0.371699 0.709386 0.370345 0.717509 0.371699 0.721119 0.368991 0.708484 0.368314 0.702166 0.365606 0.667870 0.365606 0.650722 0.348680 0.648014 0.338524 0.644404 0.336493 0.635379 0.337847 0.623646 0.343263 0.614621 0.343263 0.600181 0.335139 0.587545 0.334462 0.571300 0.329045 0.554152 0.326337 0.524368 0.328368 0.517148 0.330399 0.501805 0.337170 0.497292 0.341232 0.481047 0.349357 0.469314 0.352065
4 0.059567 0.762356 0.055957 0.777928 0.054152 0.812458 0.055957 0.819228 0.062274 0.829384 0.122744 0.867976 0.134477 0.877454 0.157942 0.888964 0.172383 0.893026 0.216606 0.899120 0.235560 0.905890 0.253610 0.909276 0.268953 0.914692 0.281588 0.924171 0.289711 0.939066 0.296931 0.943805 0.302347 0.945159 0.333935 0.945836 0.342960 0.944482 0.355596 0.938389 0.364621 0.938389 0.378159 0.941774 0.406137 0.953961 0.418773 0.956669 0.446751 0.955315 0.481949 0.948544 0.496390 0.949898 0.501805 0.951930 0.541516 0.949221 0.553249 0.945159 0.583032 0.922817 0.624549 0.906567 0.649819 0.902505 0.701264 0.898443 0.724729 0.890995 0.748195 0.888964 0.750000 0.886256 0.750903 0.875423 0.749097 0.861882 0.744585 0.853081 0.737365 0.845633 0.724729 0.836831 0.714801 0.832769 0.695848 0.820582 0.679603 0.805687 0.663357 0.763710 0.657040 0.752200 0.653430 0.733920 0.648917 0.723764 0.637184 0.707515 0.630866 0.691266 0.612816 0.673663 0.594765 0.660122 0.589350 0.652674 0.582130 0.635071 0.572202 0.630332 0.569495 0.626947 0.559567 0.624238 0.547834 0.623561 0.536101 0.625592 0.508123 0.623561 0.477437 0.628978 0.436823 0.627624 0.388989 0.629655 0.362816 0.628301 0.324007 0.629655 0.314079 0.626269 0.287004 0.610020 0.276173 0.605958 0.271661 0.607312 0.259928 0.605958 0.237365 0.614083 0.210289 0.614760 0.200361 0.613406 0.180505 0.617468 0.157942 0.615437 0.152527 0.620176 0.147112 0.636425 0.139892 0.645227 0.132671 0.648612 0.120036 0.649966 0.120939 0.654028 0.140794 0.666892 0.142599 0.669601 0.140794 0.675017 0.104693 0.705484 0.097473 0.716317 0.075812 0.735951
4 0.305957 0.546378 0.300542 0.559919 0.301444 0.568043 0.305957 0.579553 0.321300 0.597156 0.338448 0.605281 0.356498 0.610020 0.371841 0.611374 0.455776 0.611374 0.486462 0.614083 0.529783 0.620853 0.555957 0.620176 0.564982 0.622207 0.582130 0.630332 0.592960 0.640487 0.621841 0.652674 0.673285 0.681787 0.690433 0.688558 0.722924 0.705484 0.764440 0.733243 0.787906 0.741368 0.813177 0.744753 0.833935 0.742045 0.846570 0.735274 0.859206 0.724441 0.862816 0.719025 0.867329 0.699391 0.864621 0.685173 0.860108 0.675017 0.843863 0.657414 0.813177 0.635071 0.762635 0.604604 0.736462 0.591740 0.720217 0.585647 0.708484 0.578199 0.680505 0.566012 0.643502 0.555179 0.620036 0.546378 0.577617 0.537576 0.557762 0.530806 0.535199 0.525389 0.518953 0.524712 0.502708 0.522004 0.466606 0.523358 0.447653 0.520650 0.424188 0.519973 0.368231 0.523358 0.342058 0.530129 0.330325 0.531483 0.314982 0.538253
6 0.454874 0.347326 0.444946 0.345972 0.423285 0.348680 0.417870 0.351388 0.407942 0.352742 0.396209 0.358158 0.390794 0.358158 0.361011 0.366283 0.348375 0.372376 0.345668 0.371699 0.334838 0.374408 0.206679 0.378470 0.176895 0.386594 0.136282 0.391334 0.129964 0.394719 0.127256 0.402167 0.128159 0.412999 0.138087 0.425186 0.167870 0.472580 0.210289 0.558565 0.227437 0.589032 0.236462 0.601896 0.242780 0.606635 0.246390 0.606635 0.260830 0.599188 0.273466 0.595802 0.278881 0.591740 0.284296 0.580907 0.290614 0.575491 0.300542 0.549763 0.306859 0.541638 0.342058 0.515234 0.377256 0.467840 0.396209 0.436696 0.401625 0.418416 0.401625 0.404875 0.403430 0.400812 0.409747 0.393365 0.422383 0.388626 0.423285 0.385917 0.431408 0.381178 0.460289 0.354773 0.460289 0.350711
6 0.750903 0.427894 0.740975 0.436019 0.734657 0.437373 0.724729 0.444144 0.720217 0.444821 0.712996 0.448883 0.696751 0.462424 0.691336 0.471903 0.688628 0.483412 0.687726 0.515234 0.692238 0.526066 0.692238 0.529452 0.688628 0.532160 0.689531 0.552471 0.694946 0.556534 0.694946 0.561273 0.699458 0.568043 0.712996 0.576845 0.716606 0.576845 0.728339 0.586324 0.769856 0.605958 0.817690 0.635071 0.838448 0.649966 0.850181 0.655383 0.864621 0.656060 0.873646 0.658091 0.924188 0.654028 0.951264 0.646581 0.992780 0.631009 1.000000 0.624915 1.000000 0.477319 0.992780 0.470548 0.958484 0.447529 0.898014 0.421801 0.843863 0.409614 0.822202 0.408260 0.807762 0.410291 0.775271 0.418416
2 0.516245 0.000000 0.515343 0.006770 0.518051 0.012864 0.524368 0.060934 0.528881 0.079215 0.530686 0.115775 0.537906 0.154367 0.537906 0.163169 0.549639 0.207854 0.557762 0.256601 0.558664 0.299932 0.555957 0.307380 0.555957 0.318890 0.559567 0.322952 0.568592 0.326337 0.588448 0.328368 0.594765 0.325660 0.595668 0.321598 0.601986 0.316181 0.601986 0.310088 0.605596 0.304672 0.606498 0.292485 0.618231 0.285037 0.619134 0.281652 0.622744 0.279621 0.624549 0.281652 0.629061 0.281652 0.631769 0.286391 0.629964 0.287745 0.620939 0.287745 0.616426 0.296547 0.612816 0.317536 0.611011 0.318890 0.606498 0.318213 0.604693 0.326337 0.608303 0.328368 0.611011 0.335816 0.627256 0.336493 0.646209 0.333108 0.658845 0.341909 0.688628 0.345295 0.710289 0.345295 0.722924 0.341909 0.739170 0.335139 0.750000 0.327014 0.750000 0.314827 0.745487 0.307380 0.741877 0.291131 0.736462 0.282329 0.736462 0.267434 0.740975 0.263372 0.740975 0.257955 0.736462 0.253216 0.730144 0.250508 0.729242 0.243737 0.739170 0.196344 0.750000 0.170616 0.757220 0.139472 0.759025 0.119838 0.764440 0.101557 0.767148 0.079215 0.776173 0.036561 0.778881 0.031144 0.780686 0.000000 0.743682 0.000000 0.740975 0.002708 0.729242 0.003385 0.713899 0.006770 0.679603 0.008802 0.669675 0.008125 0.662455 0.010156 0.649819 0.009479 0.646209 0.010833 0.635379 0.008802 0.631769 0.010156 0.605596 0.010156 0.597473 0.012864 0.588448 0.013541 0.581227 0.012864 0.573105 0.007448 0.557762 0.008125 0.544224 0.004062 0.534296 0.003385 0.530686 0.000000
6 0.199458 0.154367 0.172383 0.158429 0.106498 0.180095 0.077617 0.186188 0.040614 0.190928 0.025271 0.195667 0.018051 0.201760 0.018051 0.205823 0.027076 0.211239 0.031588 0.210562 0.041516 0.205146 0.045126 0.219364 0.050542 0.220718 0.059567 0.219364 0.068592 0.230873 0.084838 0.238321 0.091155 0.245091 0.101986 0.264049 0.111011 0.275559 0.126354 0.291131 0.130866 0.291131 0.139892 0.287745 0.151625 0.278267 0.177798 0.249154 0.202166 0.213270 0.210289 0.192959 0.216606 0.186188 0.216606 0.180772 0.211191 0.171970 0.205776 0.167231 0.203971 0.157752
5 0.038809 0.208531 0.033394 0.209208 0.020758 0.220718 0.009928 0.219364 0.000000 0.220041 0.000000 0.224103 0.001805 0.224780 0.000000 0.225457 0.000000 0.358158 0.011733 0.355450 0.018051 0.350711 0.029783 0.347326 0.033394 0.344617 0.046931 0.342586 0.086643 0.321598 0.096570 0.318890 0.111011 0.310765 0.121841 0.295870 0.122744 0.290454 0.102888 0.265403 0.090253 0.243737 0.083032 0.237644 0.068592 0.231550 0.060469 0.220718 0.053249 0.222749 0.046029 0.222749 0.041516 0.218687
6 0.782491 0.048070 0.778881 0.051456 0.772563 0.064997 0.758123 0.142857 0.759928 0.147596 0.767148 0.148274 0.771661 0.146242 0.774368 0.147596 0.778881 0.146242 0.783394 0.148951 0.787906 0.147596 0.797834 0.149628 0.810469 0.149628 0.814982 0.148274 0.818592 0.144888 0.857401 0.140149 0.861011 0.140826 0.876354 0.135410 0.879964 0.132024 0.881769 0.126608 0.881769 0.113744 0.877256 0.078538 0.870036 0.062965 0.857401 0.058226 0.840253 0.054841 0.809567 0.052810 0.786101 0.054164 0.783394 0.052133 0.785199 0.048070
5 0.796029 0.025728 0.795126 0.035884 0.797834 0.052810 0.803249 0.050779 0.810469 0.053487 0.826715 0.052810 0.856498 0.057549 0.870939 0.063643 0.878159 0.083277 0.880866 0.109682 0.884477 0.114421 0.912455 0.110359 0.923285 0.107651 0.936823 0.101557 0.954874 0.086662 0.972924 0.063643 0.972022 0.055518 0.963899 0.047393 0.942238 0.046039 0.935018 0.040623 0.880866 0.025728 0.850181 0.020988 0.825812 0.021666 0.819495 0.020311 0.805957 0.020311 0.802347 0.023020 0.798736 0.023020
