5 0.177798 0.035884 0.169675 0.035206 0.167870 0.037915 0.171480 0.040623 0.170578 0.042654 0.165162 0.046716 0.154332 0.048070 0.131769 0.036561 0.120939 0.036561 0.116426 0.040623 0.116426 0.056195 0.112816 0.065674 0.106498 0.071767 0.088448 0.075152 0.072202 0.094787 0.065884 0.090047 0.064079 0.085308 0.064079 0.062965 0.060469 0.061611 0.055957 0.063643 0.056859 0.091401 0.059567 0.100203 0.064982 0.101557 0.070397 0.107651 0.065884 0.110359 0.046931 0.113744 0.043321 0.116452 0.051444 0.117806 0.055054 0.116452 0.068592 0.116452 0.072202 0.118483 0.071300 0.128639 0.067690 0.136764 0.068592 0.145565 0.064982 0.152336 0.064982 0.159783 0.070397 0.169939 0.075812 0.188219 0.084838 0.201083 0.086643 0.213270 0.093863 0.219364 0.101986 0.218687 0.111913 0.210562 0.121841 0.207177 0.154332 0.205823 0.159747 0.203114 0.169675 0.201760 0.181408 0.194313 0.194043 0.190251 0.202166 0.189573 0.224729 0.182126 0.231949 0.174001 0.235560 0.155721 0.233755 0.144888 0.234657 0.132024 0.236462 0.125931 0.240072 0.121869 0.235560 0.113744 0.235560 0.091401 0.224729 0.058903 0.221119 0.059580 0.208484 0.054841 0.204874 0.049425 0.199458 0.049425 0.196751 0.045362 0.192238 0.045362 0.182310 0.041300
5 0.600181 0.000000 0.592960 0.020311 0.592960 0.030467 0.591155 0.033175 0.592058 0.056872 0.594765 0.062965 0.602888 0.071090 0.603791 0.075829 0.611011 0.083277 0.616426 0.085308 0.626354 0.094110 0.634477 0.107651 0.657942 0.114421 0.665162 0.113067 0.706679 0.113067 0.719314 0.109005 0.729242 0.108328 0.745487 0.101557 0.765343 0.101557 0.773466 0.096141 0.777978 0.088016 0.777978 0.081923 0.772563 0.056195 0.764440 0.041977 0.749097 0.031821 0.737365 0.029113 0.733755 0.025728 0.727437 0.024374 0.715704 0.017603 0.703069 0.012864 0.700361 0.010156 0.693141 0.008125 0.685921 0.003385 0.681408 0.002708 0.680505 0.000000
5 0.361011 0.476642 0.351083 0.484766 0.332130 0.505078 0.313177 0.516588 0.312274 0.521327 0.306859 0.528775 0.296931 0.537576 0.289711 0.541638 0.287004 0.545701 0.280686 0.547732 0.274368 0.553148 0.268051 0.555179 0.253610 0.565335 0.259928 0.569397 0.268051 0.570074 0.278881 0.573460 0.297834 0.582938 0.328520 0.595125 0.338448 0.603250 0.342058 0.608666 0.345668 0.622884 0.351986 0.637102 0.366426 0.643196 0.372744 0.637779 0.379061 0.640487 0.390794 0.640487 0.407040 0.635748 0.420578 0.633717 0.433213 0.622884 0.448556 0.620176 0.455776 0.616791 0.460289 0.612051 0.465704 0.611374 0.467509 0.610020 0.466606 0.595125 0.474729 0.588355 0.482852 0.584970 0.488267 0.575491 0.488267 0.564658 0.482852 0.555179 0.477437 0.553148 0.455776 0.534191 0.439531 0.524035 0.412455 0.502370 0.400722 0.498307 0.396209 0.493568 0.390794 0.492214 0.383574 0.485443 0.375451 0.482735 0.370939 0.477996
5 0.601986 0.275559 0.594765 0.278944 0.579422 0.278944 0.578520 0.280298 0.581227 0.297224 0.577617 0.303318 0.572202 0.306026 0.563177 0.317536 0.564079 0.333785 0.567690 0.338524 0.568592 0.346649 0.563177 0.351388 0.561372 0.356804 0.554152 0.360190 0.554152 0.365606 0.539711 0.381178 0.538809 0.385240 0.534296 0.390657 0.534296 0.395396 0.537004 0.400135 0.531588 0.410968 0.531588 0.424509 0.537004 0.443466 0.534296 0.467840 0.539711 0.483412 0.554152 0.501016 0.555957 0.505755 0.569495 0.512525 0.586643 0.530129 0.592058 0.531483 0.596570 0.536222 0.602888 0.538930 0.631769 0.538930 0.647112 0.532160 0.658845 0.532837 0.685921 0.530129 0.710289 0.524035 0.715704 0.520650 0.716606 0.516588 0.704874 0.505078 0.703971 0.496276 0.709386 0.488829 0.718412 0.469194 0.720217 0.454976 0.731949 0.447529 0.750000 0.447529 0.755415 0.445498 0.757220 0.440081 0.765343 0.429926 0.766245 0.417062 0.764440 0.411645 0.759928 0.408937 0.750903 0.396750 0.750903 0.391334 0.753610 0.389303 0.762635 0.389980 0.764440 0.387271 0.760830 0.385240 0.754513 0.385917 0.751805 0.379824 0.747292 0.377116 0.740975 0.367637 0.747292 0.362221 0.750903 0.366960 0.757220 0.365606 0.759025 0.360867 0.764440 0.358835 0.764440 0.353419 0.768051 0.351388 0.768953 0.348680 0.762635 0.331754 0.750000 0.321598 0.749097 0.318213 0.741877 0.313473 0.721119 0.313473 0.717509 0.310765 0.716606 0.306026 0.708484 0.305349 0.678700 0.297901 0.665162 0.296547 0.645307 0.289100 0.638087 0.283683 0.623646 0.277590 0.614621 0.278267 0.609206 0.275559
5 0.830325 0.790115 0.809567 0.806364 0.803249 0.821936 0.789711 0.841571 0.778881 0.846987 0.772563 0.852404 0.773466 0.858497 0.780686 0.865944 0.790614 0.881517 0.828520 0.914015 0.848375 0.920108 0.870036 0.922817 0.895307 0.931618 0.908845 0.932972 0.962996 0.928910 0.967509 0.926879 0.975632 0.917400 0.988267 0.916723 1.000000 0.912661 1.000000 0.874746 0.996390 0.868653 0.995487 0.859174 0.991877 0.855789 0.990975 0.850372 0.983755 0.838186 0.976534 0.829384 0.970217 0.825322 0.968412 0.821259 0.960289 0.814489 0.952166 0.809749 0.951264 0.807041 0.945848 0.804333 0.941336 0.798240 0.930505 0.792823 0.928700 0.790115 0.923285 0.790115 0.897112 0.781991 0.878159 0.779959 0.852888 0.781991
5 0.549639 0.723087 0.544224 0.725118 0.541516 0.724441 0.537004 0.727150 0.532491 0.727150 0.522563 0.732566 0.509928 0.736628 0.486462 0.751523 0.481949 0.756940 0.469314 0.758971 0.458484 0.766418 0.445848 0.767773 0.435921 0.771835 0.430505 0.771835 0.423285 0.774543 0.419675 0.779282 0.415162 0.779959 0.404332 0.788084 0.392599 0.788084 0.396209 0.800948 0.377256 0.861205 0.373646 0.880162 0.376354 0.894381 0.380866 0.897766 0.380866 0.903859 0.388989 0.907921 0.389892 0.918754 0.398014 0.921462 0.404332 0.926202 0.407942 0.932972 0.418773 0.934326 0.429603 0.941097 0.440433 0.951930 0.453069 0.951930 0.465704 0.955992 0.481949 0.958023 0.483755 0.959377 0.482852 0.966825 0.484657 0.968179 0.490975 0.968179 0.495487 0.966148 0.510830 0.954638 0.516245 0.953284 0.534296 0.939066 0.544224 0.936357 0.557762 0.924848 0.554152 0.919431 0.555957 0.908599 0.559567 0.905213 0.563177 0.888287 0.565884 0.886256 0.563177 0.880840 0.565884 0.873392 0.564079 0.865944 0.565884 0.852404 0.563177 0.849018 0.555054 0.823968 0.550542 0.817874 0.546029 0.804333 0.539711 0.793500 0.530686 0.783345 0.517148 0.772512 0.518051 0.765741 0.509025 0.761002 0.501805 0.752877 0.501805 0.750169 0.509025 0.744076 0.527978 0.737305 0.532491 0.733243 0.541516 0.729858 0.545126 0.725796 0.549639 0.726473
6 0.109206 0.215978 0.110108 0.226134 0.119134 0.239675 0.194946 0.307380 0.208484 0.321598 0.214801 0.324983 0.221119 0.324983 0.238267 0.319567 0.250000 0.313473 0.273466 0.304672 0.314079 0.283006 0.342058 0.271496 0.354693 0.263372 0.358303 0.257955 0.359206 0.247800 0.357401 0.243060 0.348375 0.238998 0.309567 0.238998 0.250000 0.232227 0.209386 0.230873 0.171480 0.221395 0.154332 0.219364 0.126354 0.210562 0.115523 0.211239
6 0.584838 0.031144 0.580325 0.031144 0.554152 0.040623 0.520758 0.061611 0.514440 0.063643 0.487365 0.078538 0.477437 0.087339 0.473827 0.095464 0.474729 0.100203 0.490072 0.116452 0.516245 0.134733 0.531588 0.155044 0.555054 0.178064 0.565884 0.186188 0.577617 0.190251 0.583935 0.188896 0.592960 0.179418 0.592960 0.165877 0.587545 0.124577 0.589350 0.106974 0.588448 0.035206
6 0.317690 0.427217 0.317690 0.435342 0.326715 0.440758 0.330325 0.445498 0.349278 0.455653 0.362816 0.467163 0.372744 0.472580 0.377256 0.477996 0.400722 0.492214 0.407942 0.498984 0.416065 0.501693 0.440433 0.521327 0.461191 0.534191 0.469314 0.544347 0.478339 0.551117 0.484657 0.551794 0.487365 0.550440 0.491877 0.538253 0.491877 0.524712 0.483755 0.499661 0.482852 0.475288 0.488267 0.452945 0.489170 0.438050 0.487365 0.423155 0.481949 0.417739 0.463899 0.417062 0.413357 0.422478 0.344765 0.423832
6 0.834838 0.497630 0.831227 0.494245 0.825812 0.494245 0.777076 0.509817 0.751805 0.514557 0.748195 0.517265 0.712094 0.526743 0.676895 0.532837 0.645307 0.535545 0.634477 0.541638 0.633574 0.546378 0.639892 0.553148 0.673285 0.568043 0.714801 0.581584 0.730144 0.588355 0.755415 0.595802 0.774368 0.604604 0.791516 0.604604 0.800542 0.599865 0.805054 0.591740 0.808664 0.580907 0.814079 0.548409 0.819495 0.537576 0.820397 0.531483 0.831227 0.513202
6 0.460289 0.754909 0.454874 0.750169 0.443141 0.745430 0.380866 0.732566 0.348375 0.722410 0.333935 0.719702 0.306859 0.708869 0.301444 0.708192 0.296931 0.710900 0.288809 0.721733 0.266245 0.771158 0.246390 0.802979 0.242780 0.805687 0.241877 0.810427 0.234657 0.821936 0.232852 0.833446 0.225632 0.848341 0.227437 0.861882 0.231949 0.864590 0.238267 0.863913 0.252708 0.851726 0.297834 0.829384 0.303249 0.828030 0.314079 0.821259 0.342058 0.812458 0.351986 0.806364 0.386282 0.792146 0.389892 0.787407 0.388989 0.780636 0.400722 0.785376 0.412455 0.781313 0.424188 0.773189 0.440433 0.767095 0.454874 0.765064 0.461191 0.761002
6 0.681408 0.752200 0.673285 0.760325 0.667870 0.775220 0.657040 0.783345 0.655235 0.786730 0.655235 0.792146 0.658845 0.799594 0.657942 0.802302 0.666065 0.814489 0.671480 0.827353 0.678700 0.835477 0.691336 0.842925 0.704874 0.848341 0.722924 0.851726 0.759928 0.852404 0.767148 0.851049 0.779783 0.845633 0.790614 0.837508 0.796931 0.830061 0.805957 0.811781 0.806859 0.798917 0.800542 0.781991 0.792419 0.773189 0.780686 0.765064 0.764440 0.757617 0.736462 0.750169 0.722022 0.744076 0.712996 0.744076 0.698556 0.747461 0.693141 0.750846
6 0.196751 0.578876 0.172383 0.599188 0.165162 0.607312 0.160650 0.616791 0.157040 0.633040 0.157040 0.647258 0.165162 0.656060 0.175993 0.660122 0.189531 0.670955 0.204874 0.679756 0.212094 0.681110 0.224729 0.686527 0.246390 0.690589 0.265343 0.690589 0.302347 0.686527 0.311372 0.682464 0.336643 0.664861 0.347473 0.647935 0.348375 0.635071 0.338448 0.609343 0.334838 0.603927 0.324910 0.596479 0.306859 0.589709 0.303249 0.587001 0.299639 0.587001 0.287906 0.579553 0.263538 0.572783 0.240072 0.570752 0.214801 0.573460
6 0.803249 0.344617 0.794224 0.343940 0.778881 0.345972 0.773466 0.349357 0.771661 0.357481 0.766245 0.361544 0.764440 0.365606 0.754513 0.368991 0.757220 0.376439 0.764440 0.378470 0.764440 0.385240 0.768953 0.388626 0.767148 0.389980 0.759928 0.389303 0.751805 0.392011 0.751805 0.397427 0.754513 0.398781 0.756318 0.404198 0.767148 0.416385 0.767148 0.430603 0.750903 0.447529 0.747292 0.448883 0.734657 0.448206 0.729242 0.449560 0.722924 0.456330 0.722924 0.464455 0.728339 0.479350 0.736462 0.491537 0.748195 0.501016 0.761733 0.502370 0.770758 0.500339 0.776173 0.496953 0.778881 0.492214 0.778881 0.469871 0.772563 0.450914 0.768051 0.426540 0.768953 0.423155 0.772563 0.420447 0.772563 0.415708 0.779783 0.400135 0.779783 0.395396 0.775271 0.392688 0.787004 0.389980 0.811372 0.371022 0.815884 0.365606 0.815884 0.354096 0.812274 0.348680
6 0.344765 0.454976 0.334838 0.449560 0.321300 0.449560 0.305957 0.454976 0.297834 0.461747 0.296029 0.467163 0.290614 0.471225 0.277978 0.488829 0.253610 0.507786 0.222022 0.523358 0.168773 0.538253 0.147112 0.542316 0.133574 0.547732 0.127256 0.552471 0.124549 0.557888 0.127256 0.569397 0.134477 0.575491 0.143502 0.578199 0.170578 0.578876 0.189531 0.576845 0.247292 0.562627 0.253610 0.558565 0.271661 0.551794 0.303249 0.528097 0.314079 0.511848 0.317690 0.509140 0.325812 0.507109 0.334838 0.498984 0.343863 0.483412 0.347473 0.462424
6 0.313177 0.822613 0.309567 0.825999 0.298736 0.830061 0.289711 0.836154 0.284296 0.845633 0.283394 0.863236 0.286101 0.881517 0.297834 0.904536 0.315884 0.928910 0.344765 0.958023 0.387184 0.983074 0.395307 0.986459 0.403430 0.986459 0.407942 0.991198 0.418773 0.993907 0.436823 0.993907 0.448556 0.990521 0.460289 0.982397 0.462996 0.976303 0.462996 0.970210 0.458484 0.962762 0.448556 0.954638 0.439531 0.953961 0.432310 0.945159 0.419675 0.937035 0.414260 0.936357 0.407942 0.938389 0.401625 0.926879 0.395307 0.922817 0.382671 0.922139 0.380866 0.923494 0.374549 0.923494 0.371841 0.921462 0.378159 0.913338 0.378159 0.909276 0.361011 0.888964 0.346570 0.866622 0.338448 0.830738 0.328520 0.820582 0.322202 0.819905
4 0.309567 0.090047 0.305957 0.094110 0.305054 0.100880 0.300542 0.104265 0.291516 0.105619 0.282491 0.100203 0.278881 0.102911 0.271661 0.114421 0.259928 0.119838 0.255415 0.123900 0.242780 0.128639 0.238267 0.140826 0.239170 0.160460 0.236462 0.174678 0.239170 0.178741 0.268953 0.200406 0.279783 0.205823 0.284296 0.206500 0.292419 0.211916 0.296029 0.224780 0.308664 0.236967 0.346570 0.238321 0.353791 0.240352 0.361011 0.245768 0.371841 0.245091 0.378159 0.242383 0.388989 0.241029 0.397112 0.237644 0.412455 0.224780 0.420578 0.211916 0.420578 0.207177 0.413357 0.194990 0.413357 0.174678 0.392599 0.138795 0.362816 0.109005 0.354693 0.103588 0.338448 0.098849 0.320397 0.090724
4 0.791516 0.111713 0.788809 0.110359 0.779783 0.110359 0.771661 0.106297 0.747292 0.105619 0.731047 0.111713 0.720217 0.113067 0.708484 0.117129 0.674188 0.115775 0.669675 0.117806 0.645307 0.121192 0.635379 0.127962 0.630866 0.134056 0.623646 0.136764 0.607401 0.138795 0.601083 0.142180 0.597473 0.146919 0.597473 0.157752 0.609206 0.186865 0.629964 0.203791 0.642599 0.209208 0.672383 0.215301 0.694946 0.217332 0.728339 0.211916 0.762635 0.209885 0.777076 0.207177 0.791516 0.207177 0.799639 0.201760 0.799639 0.197021 0.812274 0.178064 0.810469 0.163846 0.800542 0.157752 0.784296 0.154367 0.780686 0.150305 0.787906 0.138118 0.789711 0.127962 0.792419 0.123900 0.793321 0.114421
4 0.320397 0.400135 0.311372 0.394042 0.296931 0.394719 0.289711 0.392011 0.271661 0.376439 0.263538 0.375085 0.255415 0.368991 0.237365 0.363575 0.231047 0.363575 0.224729 0.361544 0.205776 0.364929 0.202166 0.367637 0.196751 0.368314 0.173285 0.377116 0.151625 0.397427 0.129964 0.410291 0.125451 0.416385 0.103791 0.435342 0.101083 0.444144 0.094765 0.453622 0.094765 0.462424 0.099278 0.470548 0.100181 0.476642 0.090253 0.499661 0.088448 0.513879 0.101083 0.516588 0.116426 0.513879 0.126354 0.509140 0.134477 0.509140 0.156137 0.514557 0.175993 0.516588 0.214801 0.517265 0.231949 0.515234 0.249097 0.500339 0.257220 0.490183 0.264440 0.477319 0.268051 0.462424 0.277076 0.446175 0.279783 0.444144 0.284296 0.444144 0.296029 0.446852 0.305054 0.444144 0.311372 0.438050 0.311372 0.429926 0.320397 0.420447 0.322202 0.415030 0.322202 0.403521
4 0.813177 0.380501 0.797834 0.385917 0.785199 0.395396 0.774368 0.414353 0.769856 0.426540 0.769856 0.436019 0.774368 0.454299 0.782491 0.465132 0.810469 0.477319 0.816787 0.478673 0.836643 0.478673 0.858303 0.475288 0.875451 0.467840 0.888989 0.459716 0.896209 0.452945 0.900722 0.444144 0.903430 0.432634 0.901625 0.414353 0.898014 0.408937 0.874549 0.390657 0.835740 0.380501
4 0.694946 0.672309 0.695848 0.682464 0.689531 0.693297 0.689531 0.704807 0.704874 0.730535 0.721119 0.742045 0.736462 0.748815 0.746390 0.750169 0.763538 0.755586 0.790614 0.769804 0.811372 0.768450 0.840253 0.770481 0.851083 0.767773 0.866426 0.759648 0.870036 0.748815 0.874549 0.720379 0.879061 0.710900 0.887184 0.701422 0.888989 0.691266 0.885379 0.677725 0.865523 0.662153 0.857401 0.658091 0.846570 0.656737 0.834838 0.652674 0.800542 0.648612 0.797834 0.646581 0.799639 0.634394 0.794224 0.633040 0.789711 0.635071 0.787906 0.638456 0.779783 0.644550 0.770758 0.648612 0.750903 0.646581 0.735560 0.648612
4 0.853791 0.603927 0.847473 0.611374 0.845668 0.616791 0.845668 0.635071 0.851083 0.646581 0.859206 0.656737 0.886282 0.677725 0.890794 0.696005 0.894404 0.700745 0.912455 0.713609 0.929603 0.715640 0.950361 0.721056 0.957581 0.732566 0.962094 0.735274 0.966606 0.734597 0.968412 0.735951 0.967509 0.748138 0.969314 0.749492 1.000000 0.750169 1.000000 0.687204 0.986462 0.679079 0.981047 0.671632 0.973827 0.668923 0.959386 0.658091 0.947653 0.654028 0.943141 0.654028 0.936823 0.648612 0.916065 0.636425 0.898014 0.622207 0.897112 0.619499 0.873646 0.602573 0.859206 0.601896
5 0.926895 0.634394 0.925090 0.639810 0.930505 0.644550 0.953971 0.656060 0.965704 0.660122 0.972022 0.659445 0.981949 0.654705 0.990072 0.646581 0.990072 0.641842 0.984657 0.635071 0.974729 0.627624 0.966606 0.624915 0.949458 0.624238 0.941336 0.625592 0.931408 0.630332
