4 0.241877 0.232227 0.216606 0.211916 0.212996 0.211239 0.201264 0.203791 0.188628 0.199729 0.181408 0.199052 0.178700 0.197021 0.166065 0.198375 0.162455 0.195667 0.153430 0.192959 0.140794 0.192959 0.130866 0.194990 0.128159 0.191605 0.119134 0.191605 0.118231 0.195667 0.114621 0.194990 0.102888 0.197698 0.099278 0.201083 0.087545 0.199729 0.083935 0.202437 0.073105 0.202437 0.046931 0.207854 0.039711 0.212593 0.036101 0.217332 0.031588 0.218687 0.009928 0.234936 0.001805 0.251862 0.000000 0.252539 0.000000 0.274204 0.002708 0.275559 0.000000 0.279621 0.003610 0.281652 0.002708 0.285037 0.000000 0.285714 0.000000 0.289100 0.002708 0.290454 0.000000 0.295193 0.002708 0.297224 0.002708 0.301963 0.006318 0.306026 0.010830 0.306703 0.017148 0.311442 0.022563 0.310088 0.025271 0.306026 0.034296 0.312796 0.035199 0.316181 0.041516 0.316181 0.046931 0.322952 0.055957 0.326337 0.082130 0.331077 0.091155 0.331077 0.095668 0.333108 0.124549 0.328368 0.130866 0.322952 0.131769 0.314150 0.134477 0.311442 0.138989 0.309411 0.151625 0.308734 0.164260 0.297224 0.187726 0.287068 0.190433 0.283683 0.194043 0.285714 0.195848 0.289777 0.199458 0.291131 0.205776 0.290454 0.212094 0.293839 0.217509 0.293839 0.221119 0.291131 0.225632 0.292485 0.228339 0.290454 0.233755 0.290454 0.236462 0.283683 0.240072 0.283006 0.244585 0.277590 0.248195 0.277590 0.253610 0.274204 0.254513 0.268788 0.250000 0.262018 0.250000 0.243737 0.243682 0.236967
4 0.490975 0.110359 0.486462 0.111713 0.482852 0.109682 0.458484 0.111036 0.431408 0.120515 0.423285 0.120515 0.419675 0.123900 0.415162 0.124577 0.407040 0.129993 0.405235 0.134056 0.406137 0.138118 0.403430 0.139472 0.399819 0.136764 0.393502 0.140826 0.388989 0.149628 0.379964 0.157075 0.374549 0.168585 0.363718 0.179418 0.360108 0.179418 0.351083 0.187542 0.347473 0.197698 0.351986 0.203114 0.357401 0.207177 0.364621 0.208531 0.383574 0.221395 0.387184 0.231550 0.398917 0.236290 0.405235 0.241029 0.407040 0.247800 0.412455 0.253216 0.433213 0.257955 0.439531 0.257955 0.441336 0.255924 0.436823 0.251185 0.439531 0.236967 0.450361 0.238998 0.452166 0.243737 0.460289 0.250508 0.471119 0.250508 0.481949 0.245091 0.500903 0.241029 0.500903 0.228842 0.503610 0.223426 0.501805 0.215978 0.505415 0.211239 0.510830 0.209885 0.512635 0.194313 0.514440 0.193636 0.518051 0.195667 0.519856 0.192282 0.523466 0.190928 0.524368 0.195667 0.527076 0.198375 0.539711 0.199729 0.541516 0.197021 0.543321 0.199052 0.546931 0.198375 0.544224 0.193636 0.545126 0.188896 0.541516 0.189573 0.539711 0.187542 0.533394 0.188896 0.527076 0.186865 0.527978 0.184157 0.533394 0.180772 0.537004 0.174001 0.539711 0.176032 0.539711 0.178741 0.552347 0.188896 0.556859 0.188896 0.558664 0.191605 0.565884 0.192959 0.572202 0.188896 0.573105 0.180772 0.562274 0.157075 0.537004 0.134056 0.516245 0.121192 0.504513 0.117129 0.498195 0.113067 0.493682 0.113067
4 0.795126 0.286391 0.787004 0.283006 0.775271 0.282329 0.768953 0.278944 0.760830 0.277590 0.755415 0.280298 0.751805 0.279621 0.747292 0.282329 0.729242 0.274882 0.703971 0.268111 0.690433 0.270142 0.666065 0.282329 0.661552 0.287745 0.648917 0.289100 0.635379 0.299932 0.631769 0.309411 0.625451 0.314827 0.620939 0.322275 0.618231 0.334462 0.614621 0.340555 0.617329 0.372376 0.611011 0.383209 0.611913 0.392688 0.607401 0.394719 0.607401 0.396750 0.613718 0.397427 0.620939 0.404198 0.624549 0.404198 0.626354 0.393365 0.629061 0.392688 0.635379 0.398104 0.645307 0.400135 0.658845 0.414353 0.665162 0.417739 0.691336 0.416385 0.701264 0.412999 0.705776 0.412999 0.713899 0.407583 0.722924 0.405552 0.724729 0.402167 0.732852 0.396750 0.743682 0.400135 0.760830 0.398781 0.763538 0.396750 0.767148 0.400812 0.778881 0.398104 0.784296 0.387949 0.788809 0.387949 0.796029 0.385240 0.803249 0.380501 0.806859 0.362898 0.815884 0.355450 0.825812 0.350711 0.825812 0.341232 0.824007 0.337847 0.830325 0.333108 0.830325 0.318213 0.820397 0.306026 0.804152 0.296547
4 0.992780 0.577522 0.974729 0.587001 0.957581 0.593094 0.955776 0.601219 0.962094 0.618145 0.967509 0.626269 1.000000 0.639810 1.000000 0.578199
4 0.601083 0.552471 0.598375 0.557211 0.601083 0.567366 0.614621 0.584970 0.625451 0.593094 0.650722 0.599865 0.676895 0.600542 0.680505 0.603250 0.658845 0.619499 0.657040 0.624915 0.660650 0.627624 0.668773 0.628301 0.690433 0.636425 0.709386 0.638456 0.711191 0.639810 0.694043 0.652674 0.694946 0.659445 0.699458 0.663507 0.722022 0.670955 0.731047 0.672309 0.749097 0.672309 0.757220 0.670955 0.759928 0.668923 0.771661 0.667569 0.774368 0.668923 0.772563 0.670955 0.767148 0.672309 0.751805 0.685850 0.749097 0.692620 0.749097 0.702099 0.750903 0.703453 0.770758 0.702776 0.777978 0.700745 0.805054 0.702099 0.819495 0.696682 0.834838 0.683142 0.842960 0.672309 0.850181 0.656737 0.850181 0.653351 0.842960 0.639133 0.834838 0.626947 0.829422 0.622884 0.827617 0.618145 0.822202 0.614760 0.814079 0.616791 0.812274 0.620176 0.812274 0.633040 0.808664 0.637779 0.805957 0.638456 0.805054 0.630332 0.798736 0.620853 0.798736 0.599188 0.796029 0.597156 0.792419 0.597833 0.779783 0.607989 0.776173 0.608666 0.774368 0.606635 0.776173 0.594448 0.768953 0.579553 0.761733 0.573460 0.753610 0.572783 0.748195 0.576845 0.735560 0.578876 0.732852 0.584970 0.717509 0.592417 0.709386 0.592417 0.707581 0.589709 0.712094 0.584970 0.711191 0.580230 0.714801 0.578199 0.717509 0.572106 0.715704 0.564658 0.710289 0.561950 0.657942 0.561273 0.647112 0.559919 0.627256 0.554502 0.615523 0.549086 0.607401 0.549763
4 0.498195 0.657414 0.485560 0.654028 0.481949 0.644550 0.475632 0.642519 0.464801 0.641842 0.453971 0.645904 0.452166 0.656737 0.453971 0.658091 0.451264 0.660799 0.450361 0.659445 0.444946 0.659445 0.443141 0.661476 0.435018 0.662153 0.427798 0.659445 0.407040 0.660799 0.396209 0.664861 0.393502 0.663507 0.380866 0.663507 0.377256 0.661476 0.373646 0.662153 0.359206 0.658768 0.344765 0.659445 0.342058 0.667569 0.329422 0.672986 0.325812 0.678402 0.322202 0.678402 0.317690 0.682464 0.314079 0.682464 0.309567 0.686527 0.298736 0.691943 0.290614 0.704130 0.286101 0.706838 0.283394 0.706161 0.279783 0.716994 0.277076 0.719702 0.277076 0.734597 0.273466 0.740014 0.272563 0.752877 0.276173 0.764387 0.264440 0.781991 0.262635 0.797563 0.265343 0.802979 0.297834 0.814489 0.306859 0.819228 0.336643 0.817874 0.342058 0.820582 0.351986 0.834800 0.364621 0.844956 0.384477 0.850372 0.397112 0.850372 0.402527 0.842925 0.402527 0.830738 0.405235 0.829384 0.419675 0.829384 0.428700 0.819228 0.433213 0.800271 0.443141 0.779959 0.441336 0.771835 0.443141 0.768450 0.453971 0.757617 0.470217 0.745430 0.472022 0.740014 0.470217 0.727150 0.475632 0.717671 0.475632 0.708869 0.479242 0.700068 0.477437 0.692620 0.465704 0.681787 0.460289 0.673663 0.463899 0.671632 0.481047 0.671632 0.483755 0.673663 0.483755 0.678402 0.481949 0.682464 0.477437 0.683819 0.477437 0.686527 0.485560 0.687881 0.495487 0.686527 0.498195 0.683819 0.500000 0.673663
4 0.009025 0.373053 0.000000 0.376439 0.000000 0.379824 0.002708 0.381178 0.000000 0.385240 0.000000 0.465132 0.008123 0.467840 0.024368 0.469871 0.044224 0.475965 0.055957 0.477319 0.070397 0.476642 0.073105 0.474611 0.075812 0.466486 0.074910 0.451591 0.064079 0.446852 0.067690 0.443466 0.071300 0.445498 0.097473 0.444144 0.103791 0.437373 0.101986 0.425186 0.092058 0.415708 0.091155 0.408937 0.088448 0.406906 0.083935 0.408937 0.074910 0.397427 0.063177 0.387949 0.058664 0.377116 0.053249 0.379147 0.045126 0.379147 0.033394 0.376439 0.026173 0.373053 0.021661 0.375085 0.018953 0.373053
0 0.170578 0.453622 0.166065 0.452268 0.157040 0.453622 0.141697 0.461747 0.137184 0.465809 0.129964 0.467840 0.125451 0.467163 0.123646 0.465132 0.124549 0.442789 0.122744 0.442112 0.111011 0.442789 0.106498 0.445498 0.099278 0.446175 0.081227 0.454299 0.078520 0.457007 0.075812 0.465809 0.072202 0.469194 0.071300 0.475288 0.082130 0.489506 0.094765 0.498984 0.103791 0.501016 0.111011 0.506432 0.109206 0.508463 0.099278 0.509817 0.084838 0.514557 0.071300 0.512525 0.047834 0.515911 0.044224 0.517942 0.047834 0.528775 0.064079 0.538253 0.068592 0.538253 0.076715 0.542316 0.086643 0.543670 0.114621 0.542316 0.127256 0.537576 0.128159 0.534191 0.131769 0.534868 0.145307 0.530129 0.154332 0.517265 0.153430 0.509817 0.150722 0.507109 0.147112 0.507786 0.145307 0.504401 0.150722 0.501016 0.166968 0.497630 0.175993 0.482735 0.175993 0.465809
0 0.003610 0.542993 0.008123 0.553148 0.015343 0.561950 0.026173 0.570074 0.045126 0.578199 0.062274 0.580230 0.077617 0.577522 0.097473 0.569397 0.102888 0.563981 0.099278 0.558565 0.081227 0.547732 0.059567 0.542316 0.005415 0.540284
0 0.348375 0.438050 0.339350 0.436696 0.328520 0.437373 0.314079 0.442112 0.300542 0.453622 0.298736 0.457007 0.300542 0.469871 0.305054 0.479350 0.310469 0.484089 0.328520 0.490860 0.344765 0.490860 0.359206 0.486798 0.366426 0.482735 0.375451 0.471903 0.375451 0.462424 0.371841 0.454299 0.357401 0.442112
0 0.375451 0.394719 0.368231 0.392688 0.352888 0.394042 0.324910 0.405552 0.321300 0.410291 0.319495 0.420447 0.323105 0.427894 0.329422 0.433311 0.351986 0.438050 0.358303 0.438050 0.381769 0.423155 0.386282 0.417062 0.387184 0.407583
0 0.426895 0.375085 0.416065 0.373053 0.399819 0.376439 0.379061 0.388626 0.377256 0.393365 0.388989 0.406906 0.404332 0.405552 0.419675 0.399458 0.424188 0.396073 0.430505 0.387949 0.430505 0.378470
0 0.388087 0.433988 0.380866 0.440081 0.379061 0.444144 0.379061 0.451591 0.385379 0.465809 0.394404 0.472580 0.406137 0.475965 0.418773 0.475288 0.432310 0.467840 0.436823 0.458362 0.436823 0.450237 0.433213 0.442789 0.416968 0.433311 0.401625 0.431957
0 0.479242 0.421801 0.462094 0.427217 0.453971 0.433311 0.451264 0.439404 0.453069 0.455653 0.456679 0.461747 0.464801 0.467840 0.487365 0.475965 0.499097 0.475965 0.515343 0.467840 0.518953 0.459039 0.519856 0.446175 0.513538 0.438050 0.498195 0.425186 0.490072 0.422478
0 0.452166 0.488152 0.439531 0.480027 0.435921 0.475288 0.429603 0.473257 0.412455 0.477319 0.395307 0.475288 0.390794 0.477319 0.388989 0.481381 0.384477 0.482735 0.379061 0.488152 0.379061 0.501016 0.384477 0.509140 0.396209 0.515234 0.416065 0.519973 0.434116 0.519296 0.444946 0.515234 0.454874 0.505078 0.455776 0.496276
0 0.541516 0.672309 0.526173 0.666215 0.519856 0.666215 0.510830 0.663507 0.505415 0.664861 0.498195 0.685173 0.493682 0.688558 0.490975 0.694651 0.479242 0.703453 0.477437 0.706838 0.476534 0.731889 0.473827 0.742722 0.444946 0.767773 0.443141 0.782668 0.434116 0.798917 0.433213 0.809072 0.427798 0.821936 0.419675 0.829384 0.404332 0.833446 0.402527 0.840217 0.403430 0.846310 0.399819 0.851049 0.387184 0.852404 0.377256 0.847664 0.368231 0.845633 0.368231 0.856466 0.384477 0.866622 0.395307 0.869330 0.401625 0.869330 0.418773 0.875423 0.427798 0.876100 0.433213 0.878131 0.448556 0.877454 0.457581 0.873392 0.475632 0.855789 0.481047 0.853758 0.486462 0.854435 0.502708 0.849018 0.508123 0.838186 0.530686 0.811104 0.531588 0.805687 0.545126 0.788761 0.546029 0.784022 0.553249 0.775897 0.554152 0.770481 0.560469 0.760325 0.562274 0.738659 0.566787 0.721733 0.566787 0.704807 0.561372 0.689235 0.554152 0.685850 0.548736 0.680433 0.547834 0.677048
5 0.432310 0.355450 0.415162 0.354773 0.403430 0.358835 0.390794 0.360190 0.388087 0.362221 0.378159 0.360190 0.370036 0.360867 0.364621 0.377793 0.349278 0.388626 0.346570 0.387271 0.342960 0.389303 0.338448 0.387949 0.333935 0.389303 0.330325 0.388626 0.325812 0.391334 0.321300 0.391334 0.309567 0.398104 0.306859 0.397427 0.299639 0.399458 0.277978 0.415030 0.271661 0.423155 0.265343 0.427217 0.260830 0.434665 0.259928 0.442789 0.248195 0.448206 0.243682 0.454299 0.237365 0.448883 0.233755 0.449560 0.231949 0.453622 0.232852 0.466486 0.227437 0.469871 0.231047 0.475965 0.226534 0.485443 0.231047 0.493568 0.228339 0.498984 0.234657 0.501016 0.241877 0.499661 0.246390 0.502370 0.247292 0.507786 0.242780 0.514557 0.255415 0.518619 0.259928 0.517942 0.266245 0.522004 0.269856 0.529452 0.279783 0.538253 0.287004 0.541638 0.289711 0.545701 0.296029 0.549763 0.299639 0.555856 0.321300 0.567366 0.346570 0.567366 0.350181 0.564658 0.356498 0.563981 0.360108 0.571429 0.360108 0.576845 0.381769 0.579553 0.387184 0.581584 0.399819 0.578876 0.419675 0.582261 0.425993 0.578876 0.436823 0.579553 0.446751 0.577522 0.448556 0.572783 0.454874 0.566012 0.473827 0.550440 0.472924 0.547055 0.470217 0.545701 0.470217 0.534868 0.473827 0.532160 0.482852 0.530129 0.483755 0.528097 0.481949 0.526066 0.484657 0.524712 0.485560 0.520650 0.494585 0.517265 0.498195 0.513879 0.498195 0.502370 0.501805 0.490860 0.505415 0.489506 0.507220 0.486121 0.515343 0.484089 0.548736 0.484089 0.555957 0.482735 0.560469 0.475288 0.557762 0.463101 0.561372 0.455653 0.564079 0.452945 0.570397 0.450914 0.571300 0.447529 0.575812 0.444144 0.573105 0.440081 0.564982 0.437373 0.558664 0.431957 0.560469 0.423155 0.553249 0.423832 0.544224 0.410968 0.530686 0.409614 0.516245 0.403521 0.516245 0.392688 0.513538 0.387949 0.504513 0.383886 0.497292 0.385917 0.490975 0.385240 0.480144 0.379824 0.475632 0.379147 0.470217 0.374408 0.463899 0.373053 0.462094 0.369668 0.466606 0.366283 0.463899 0.361544 0.448556 0.358835 0.444043 0.359513 0.439531 0.356804
5 0.693141 0.736628 0.690433 0.744753 0.685018 0.742722 0.684116 0.746784 0.674188 0.752200 0.671480 0.751523 0.669675 0.743399 0.666065 0.748138 0.667870 0.751523 0.650722 0.756940 0.646209 0.763033 0.645307 0.767773 0.636282 0.773866 0.632671 0.779282 0.624549 0.804333 0.624549 0.811104 0.629964 0.822613 0.629061 0.826676 0.638087 0.846310 0.649819 0.854435 0.652527 0.865267 0.658845 0.867299 0.675090 0.880840 0.690433 0.883548 0.697653 0.889641 0.722924 0.893026 0.733755 0.893026 0.736462 0.891672 0.740072 0.893026 0.745487 0.889641 0.750000 0.889641 0.755415 0.893026 0.760830 0.891672 0.762635 0.894381 0.759025 0.896412 0.761733 0.897089 0.768953 0.886933 0.775271 0.882194 0.787906 0.876100 0.798736 0.867976 0.811372 0.866622 0.812274 0.859174 0.806859 0.857143 0.806859 0.854435 0.810469 0.853758 0.813177 0.851049 0.815884 0.843602 0.815884 0.834123 0.818592 0.830061 0.817690 0.818551 0.810469 0.802302 0.811372 0.798240 0.806859 0.796886 0.805054 0.786730 0.796029 0.773189 0.789711 0.769804 0.787906 0.765064 0.783394 0.763033 0.779783 0.757617 0.776173 0.756263 0.771661 0.756940 0.764440 0.753555 0.756318 0.752200 0.754513 0.748138 0.746390 0.744076 0.744585 0.739336 0.737365 0.737982 0.732852 0.733243 0.723827 0.731889
5 0.065884 0.177387 0.066787 0.190251 0.070397 0.197021 0.074007 0.199052 0.100181 0.197021 0.123646 0.190928 0.172383 0.192282 0.177798 0.190251 0.176895 0.180772 0.172383 0.174001 0.161552 0.165200 0.154332 0.163169 0.146209 0.157075 0.136282 0.153013 0.130866 0.154367 0.111011 0.153013 0.101083 0.148951 0.088448 0.148274 0.085740 0.149628 0.081227 0.159106 0.071300 0.165877
5 0.512635 0.213270 0.508123 0.215978 0.501805 0.225457 0.500903 0.241029 0.508123 0.249831 0.526173 0.256601 0.533394 0.249831 0.531588 0.236967 0.521661 0.218687
5 0.515343 0.201083 0.513538 0.203114 0.513538 0.209885 0.518051 0.216655 0.523466 0.220718 0.537004 0.245768 0.543321 0.250508 0.553249 0.249831 0.562274 0.240352 0.562274 0.226134 0.559567 0.219364 0.545126 0.204469 0.530686 0.200406
6 0.741877 0.257955 0.719314 0.258632 0.703971 0.257278 0.692238 0.259986 0.685921 0.263372 0.682310 0.261341 0.666065 0.261341 0.654332 0.264726 0.650722 0.264049 0.647112 0.266080 0.640794 0.266757 0.635379 0.270142 0.627256 0.271496 0.622744 0.274882 0.601986 0.282329 0.595668 0.287068 0.591155 0.296547 0.576715 0.311442 0.571300 0.320244 0.569495 0.336493 0.571300 0.349357 0.574910 0.352065 0.587545 0.373053 0.592058 0.376439 0.611913 0.377116 0.618231 0.373731 0.614621 0.342586 0.620036 0.331754 0.620036 0.325660 0.627256 0.315504 0.631769 0.312119 0.638087 0.299255 0.651625 0.289100 0.662455 0.289777 0.666065 0.285037 0.675993 0.278267 0.697653 0.269465 0.708484 0.269465 0.715704 0.272850 0.731047 0.276236 0.744585 0.282329 0.749097 0.282329 0.751805 0.279621 0.751805 0.270819
6 0.994585 0.445498 0.970217 0.444821 0.959386 0.442112 0.953069 0.442112 0.938628 0.446852 0.936823 0.450237 0.923285 0.460393 0.920578 0.466486 0.915162 0.469194 0.903430 0.481381 0.895307 0.484766 0.883574 0.493568 0.881769 0.497630 0.877256 0.501016 0.869134 0.526743 0.866426 0.551794 0.874549 0.558565 0.877256 0.577522 0.892599 0.590386 0.914260 0.593094 0.919675 0.591063 0.952166 0.594448 0.976534 0.584970 0.984657 0.578876 0.993682 0.564658 1.000000 0.562627 1.000000 0.448206
6 0.363718 0.879485 0.363718 0.885579 0.366426 0.888287 0.379964 0.893703 0.401625 0.893703 0.412455 0.891672 0.425090 0.886256 0.427798 0.882194 0.426895 0.878131 0.400722 0.870007 0.393502 0.870007 0.377256 0.864590 0.372744 0.864590
6 0.548736 0.792823 0.545126 0.793500 0.537906 0.798917 0.536101 0.803656 0.532491 0.805687 0.528881 0.818551 0.524368 0.821936 0.522563 0.825999 0.516245 0.830061 0.514440 0.834800 0.503610 0.846987 0.496390 0.852404 0.470217 0.859174 0.461191 0.869330 0.461191 0.873392 0.458484 0.876100 0.459386 0.878131 0.467509 0.878808 0.472022 0.875423 0.482852 0.878808 0.486462 0.874746 0.491877 0.872715 0.502708 0.872715 0.506318 0.870007 0.516245 0.856466 0.516245 0.853758 0.521661 0.849018 0.522563 0.844279 0.526173 0.841571 0.523466 0.837508 0.526173 0.836831 0.527978 0.840217 0.529783 0.839540 0.530686 0.832092 0.533394 0.829384 0.536101 0.834123 0.536101 0.839540 0.537906 0.838863 0.538809 0.830738 0.542419 0.827353
6 0.244585 0.312119 0.241877 0.305349 0.233755 0.296547 0.215704 0.296547 0.208484 0.294516 0.191336 0.293162 0.180505 0.297901 0.176895 0.297901 0.173285 0.301286 0.167870 0.301286 0.153430 0.312796 0.136282 0.313473 0.133574 0.316858 0.132671 0.324306 0.138087 0.330399 0.142599 0.329045 0.148917 0.330399 0.154332 0.334462 0.154332 0.338524 0.157942 0.337170 0.159747 0.339201 0.170578 0.337170 0.180505 0.338524 0.200361 0.337847 0.221119 0.333785 0.231949 0.328368 0.243682 0.318213
6 0.471119 0.106297 0.467509 0.103588 0.445848 0.100203 0.431408 0.104942 0.416968 0.106297 0.411552 0.109005 0.392599 0.109682 0.376354 0.115098 0.373646 0.121192 0.366426 0.125931 0.361011 0.127962 0.353791 0.127285 0.345668 0.129316 0.344765 0.138118 0.337545 0.150305 0.336643 0.169262 0.333032 0.177387 0.333032 0.188219 0.337545 0.192959 0.342058 0.194990 0.348375 0.194990 0.350181 0.189573 0.359206 0.182126 0.369134 0.178064 0.370939 0.174001 0.376354 0.169262 0.382671 0.156398 0.390794 0.150305 0.393502 0.141503 0.411552 0.128639 0.426895 0.120515 0.451264 0.114421 0.456679 0.111036 0.466606 0.109682
3 0.546931 0.025728 0.545126 0.024374 0.539711 0.024374 0.533394 0.026405 0.463899 0.063643 0.452166 0.071090 0.449458 0.075152 0.446751 0.072444 0.449458 0.071090 0.453971 0.063643 0.509928 0.020988 0.510830 0.016249 0.506318 0.012864 0.494585 0.013541 0.486462 0.018280 0.444043 0.053487 0.388087 0.095464 0.355596 0.125931 0.352888 0.126608 0.340253 0.123900 0.325812 0.123900 0.314982 0.125931 0.305957 0.129993 0.296931 0.139472 0.295126 0.147596 0.296029 0.154367 0.292419 0.161814 0.292419 0.167231 0.298736 0.174001 0.309567 0.180095 0.324910 0.180095 0.329422 0.178741 0.334838 0.171970 0.336643 0.152336 0.344765 0.140149 0.345668 0.130670 0.349278 0.127962 0.359206 0.127962 0.370939 0.123900 0.374549 0.117806 0.382671 0.112390 0.393502 0.108328 0.412455 0.106297 0.444043 0.092079 0.454874 0.084631 0.464801 0.080569 0.542419 0.037915 0.547834 0.033175
3 0.851986 0.188896 0.839350 0.186865 0.821300 0.190928 0.646209 0.257278 0.636282 0.257955 0.624549 0.253216 0.611913 0.253216 0.588448 0.260664 0.571300 0.273527 0.564079 0.283006 0.562274 0.293839 0.565884 0.303995 0.570397 0.308057 0.577617 0.308734 0.592058 0.294516 0.599278 0.283683 0.618231 0.274204 0.652527 0.261341 0.675090 0.257278 0.700361 0.250508 0.743682 0.234259 0.796931 0.218687 0.818592 0.213947 0.837545 0.206500 0.842058 0.206500 0.845668 0.203791 0.850181 0.203114 0.854693 0.199052 0.854693 0.192959
3 1.000000 0.350711 0.992780 0.353419 0.970217 0.377116 0.968412 0.381178 0.954874 0.394719 0.950361 0.402844 0.939531 0.413676 0.934116 0.424509 0.918773 0.440081 0.894404 0.471225 0.880866 0.482058 0.864621 0.486121 0.852888 0.498307 0.848375 0.531483 0.849278 0.551117 0.852888 0.557211 0.858303 0.557211 0.863718 0.552471 0.870939 0.515911 0.877256 0.501016 0.892599 0.486121 0.904332 0.479350 0.917870 0.466486 0.939531 0.442112 0.951264 0.432634 0.968412 0.412322 0.970217 0.407583 0.975632 0.404198 0.984657 0.392011 1.000000 0.379824
3 0.575812 0.680433 0.558664 0.680433 0.556859 0.681787 0.557762 0.685850 0.563177 0.689235 0.568592 0.704807 0.568592 0.725118 0.564079 0.741368 0.566787 0.762356 0.562274 0.767773 0.555957 0.781313 0.547834 0.804333 0.525271 0.899120 0.519856 0.932295 0.501805 1.000000 0.514440 1.000000 0.529783 0.945159 0.546029 0.872038 0.548736 0.851726 0.560469 0.809072 0.562274 0.811104 0.561372 0.842925 0.555054 0.882871 0.551444 0.949898 0.541516 1.000000 0.559567 1.000000 0.566787 0.952607 0.570397 0.874069 0.577617 0.783345 0.581227 0.772512 0.595668 0.756940 0.599278 0.748138 0.599278 0.732566 0.592058 0.706161 0.584838 0.689235 0.580325 0.683142
3 0.148014 0.660799 0.136282 0.652674 0.128159 0.649289 0.112816 0.645904 0.094765 0.646581 0.072202 0.650643 0.032491 0.668246 0.000000 0.687204 0.000000 0.732566 0.084838 0.727827 0.103791 0.724441 0.120036 0.719025 0.140794 0.706161 0.151625 0.693297 0.154332 0.685850 0.154332 0.673663
3 0.197653 0.626269 0.105596 0.626269 0.000000 0.630332 0.000000 0.645904 0.027076 0.644550 0.033394 0.642519 0.048736 0.641165 0.103791 0.641165 0.184116 0.635748 0.196751 0.631686
3 0.516245 0.488152 0.508123 0.494245 0.504513 0.500339 0.503610 0.506432 0.505415 0.515234 0.515343 0.530129 0.513538 0.531483 0.507220 0.526743 0.501805 0.525389 0.490975 0.531483 0.478339 0.534868 0.475632 0.540284 0.477437 0.545701 0.501805 0.572106 0.526173 0.593094 0.537004 0.595802 0.547834 0.595125 0.551444 0.597833 0.557762 0.606635 0.612816 0.661476 0.638989 0.691943 0.643502 0.693974 0.674188 0.725118 0.678700 0.725796 0.683213 0.724441 0.686823 0.721733 0.685018 0.715640 0.638989 0.668923 0.625451 0.658768 0.624549 0.654028 0.610108 0.643196 0.611011 0.640487 0.619134 0.639810 0.620036 0.637779 0.616426 0.634394 0.608303 0.618145 0.601986 0.611374 0.599278 0.605281 0.595668 0.603927 0.596570 0.599865 0.584838 0.578876 0.579422 0.572783 0.573105 0.556534 0.573105 0.547055 0.578520 0.536899 0.580325 0.514557 0.575812 0.504401 0.569495 0.496276 0.551444 0.486121 0.528881 0.484766
