0 0.159747 0.196344 0.157040 0.200406 0.157942 0.224103 0.159747 0.229519 0.161552 0.230873 0.171480 0.230873 0.175090 0.232227 0.176895 0.236967 0.181408 0.240352 0.193141 0.243060 0.203069 0.248477 0.216606 0.248477 0.222022 0.252539 0.231949 0.254570 0.235560 0.257278 0.260830 0.255247 0.272563 0.250508 0.279783 0.243737 0.285199 0.226811 0.284296 0.211916 0.280686 0.202437 0.263538 0.187542 0.250903 0.185511 0.236462 0.187542 0.231949 0.190928 0.215704 0.180095 0.206679 0.178064 0.195848 0.178064 0.173285 0.186188
4 0.149819 0.200406 0.141697 0.200406 0.139892 0.205146 0.135379 0.208531 0.123646 0.207854 0.097473 0.215301 0.092960 0.220041 0.092960 0.228165 0.090253 0.230196 0.079422 0.232227 0.076715 0.236967 0.076715 0.246445 0.079422 0.260664 0.083032 0.265403 0.091155 0.268111 0.101986 0.268111 0.112816 0.275559 0.123646 0.272173 0.132671 0.253216 0.128159 0.247800 0.133574 0.241029 0.145307 0.232227 0.156137 0.218009 0.155235 0.205823
4 0.655235 0.599865 0.648014 0.597156 0.629964 0.595125 0.608303 0.582261 0.601986 0.581584 0.590253 0.585647 0.580325 0.587001 0.574910 0.605281 0.562274 0.616114 0.550542 0.620176 0.538809 0.620176 0.525271 0.616114 0.516245 0.608666 0.509928 0.598510 0.500903 0.601896 0.499097 0.606635 0.485560 0.616114 0.483755 0.621530 0.495487 0.628978 0.499097 0.634394 0.500000 0.639810 0.504513 0.644550 0.515343 0.649289 0.518953 0.652674 0.520758 0.658091 0.519856 0.684496 0.514440 0.691266 0.504513 0.697360 0.500000 0.697360 0.490072 0.691943 0.479242 0.694651 0.476534 0.696682 0.474729 0.700745 0.476534 0.709546 0.481949 0.717671 0.492780 0.726473 0.497292 0.727827 0.505415 0.733920 0.527978 0.742045 0.551444 0.742722 0.573105 0.739336 0.592058 0.734597 0.599278 0.731212 0.635379 0.731889 0.652527 0.727827 0.670578 0.725796 0.678700 0.723087 0.685018 0.718348 0.697653 0.697360 0.703069 0.693297 0.705776 0.686527 0.705776 0.677048 0.703971 0.671632 0.695848 0.663507 0.694043 0.653351 0.674188 0.634394
5 0.158845 0.127285 0.150722 0.130670 0.134477 0.143534 0.125451 0.154367 0.119134 0.183480 0.120036 0.194313 0.123646 0.201760 0.132671 0.203791 0.139892 0.203114 0.142599 0.197021 0.141697 0.190251 0.143502 0.188896 0.155235 0.189573 0.170578 0.188219 0.184116 0.182126 0.196751 0.173324 0.208484 0.175355 0.215704 0.178741 0.223827 0.186188 0.231047 0.188896 0.248195 0.189573 0.251805 0.186865 0.260830 0.188219 0.271661 0.197698 0.272563 0.200406 0.280686 0.205823 0.281588 0.225457 0.278881 0.245768 0.268953 0.250508 0.247292 0.250508 0.240975 0.256601 0.229242 0.255924 0.217509 0.251185 0.205776 0.251862 0.202166 0.249831 0.189531 0.250508 0.185921 0.243737 0.181408 0.243060 0.171480 0.235613 0.144404 0.235613 0.139892 0.239675 0.139892 0.247800 0.130866 0.261341 0.126354 0.262695 0.127256 0.267434 0.123646 0.274882 0.124549 0.278267 0.122744 0.279621 0.118231 0.278944 0.111011 0.282329 0.109206 0.279621 0.109206 0.266080 0.101986 0.265403 0.093863 0.267434 0.087545 0.271496 0.086643 0.278944 0.094765 0.285037 0.095668 0.287745 0.105596 0.289777 0.108303 0.294516 0.107401 0.310088 0.110108 0.314150 0.126354 0.325660 0.138989 0.328368 0.151625 0.341909 0.162455 0.344617 0.178700 0.344617 0.186823 0.341909 0.190433 0.337170 0.192238 0.341232 0.203069 0.346649 0.204874 0.349357 0.208484 0.347326 0.212996 0.350034 0.240072 0.350711 0.248195 0.348003 0.251805 0.343940 0.263538 0.342586 0.268953 0.338524 0.278881 0.336493 0.304152 0.326337 0.311372 0.320921 0.314982 0.314827 0.327617 0.310765 0.330325 0.301286 0.335740 0.297224 0.342960 0.287745 0.345668 0.272173 0.345668 0.240352 0.349278 0.236967 0.359206 0.234259 0.365523 0.229519 0.367329 0.225457 0.366426 0.218687 0.361011 0.211916 0.346570 0.200406 0.338448 0.188219 0.313177 0.169262 0.311372 0.165200 0.303249 0.158429 0.286101 0.158429 0.269856 0.164523 0.263538 0.163846 0.247292 0.150982 0.239170 0.148274 0.231949 0.142857 0.209386 0.139472 0.202166 0.136764 0.194946 0.136764 0.189531 0.141503 0.188628 0.146242 0.185921 0.148274 0.171480 0.136764 0.170578 0.134056 0.161552 0.127285
5 0.399819 0.598510 0.384477 0.609343 0.382671 0.614760 0.385379 0.632363 0.393502 0.652674 0.391697 0.660799 0.388989 0.662830 0.384477 0.662153 0.380866 0.664861 0.361011 0.666215 0.357401 0.672986 0.356498 0.680433 0.365523 0.689235 0.364621 0.700068 0.369134 0.706161 0.378159 0.712255 0.383574 0.719702 0.384477 0.724441 0.393502 0.732566 0.414260 0.735951 0.423285 0.740691 0.427798 0.740691 0.435018 0.736628 0.439531 0.736628 0.443141 0.739336 0.441336 0.748138 0.444043 0.750846 0.448556 0.752200 0.466606 0.750846 0.471119 0.749492 0.480144 0.741368 0.483755 0.732566 0.481949 0.721733 0.475632 0.711578 0.469314 0.707515 0.472924 0.696005 0.476534 0.693297 0.484657 0.691266 0.490072 0.691266 0.497292 0.696005 0.506318 0.696005 0.515343 0.689912 0.518953 0.685850 0.518953 0.654705 0.516245 0.651997 0.507220 0.649966 0.504513 0.647935 0.495487 0.630332 0.486462 0.624238 0.463899 0.617468 0.453971 0.608666 0.450361 0.602573 0.436823 0.597156 0.428700 0.596479 0.412455 0.599865
5 0.537004 0.570074 0.526173 0.574814 0.517148 0.582938 0.512635 0.591063 0.512635 0.598510 0.516245 0.606635 0.526173 0.614760 0.534296 0.617468 0.554152 0.617468 0.562274 0.614760 0.571300 0.607312 0.576715 0.599188 0.576715 0.587678 0.572202 0.581584 0.559567 0.574137 0.547834 0.570074
5 0.588448 0.465809 0.577617 0.469871 0.570397 0.477996 0.569495 0.489506 0.571300 0.498307 0.577617 0.505755 0.585740 0.509817 0.597473 0.512525 0.611913 0.511171 0.619134 0.507786 0.628159 0.499661 0.630866 0.492891 0.630866 0.485443 0.623646 0.474611 0.616426 0.469194 0.604693 0.465809
6 0.601083 0.385240 0.592960 0.387949 0.577617 0.398781 0.572202 0.400812 0.567690 0.405552 0.555957 0.411645 0.507220 0.452945 0.500000 0.457007 0.498195 0.456330 0.501805 0.431280 0.500000 0.406906 0.498195 0.401490 0.490975 0.392011 0.481949 0.389303 0.479242 0.392011 0.477437 0.401490 0.470217 0.408937 0.453971 0.433311 0.438628 0.467163 0.435921 0.479350 0.432310 0.482735 0.418773 0.454976 0.406137 0.438050 0.396209 0.431957 0.390794 0.432634 0.384477 0.438050 0.380866 0.453622 0.380866 0.469871 0.389892 0.513202 0.399819 0.532837 0.407040 0.555856 0.413357 0.565335 0.421480 0.584292 0.430505 0.594448 0.445848 0.596479 0.449458 0.592417 0.446751 0.580230 0.447653 0.553148 0.444946 0.534868 0.450361 0.528775 0.450361 0.524712 0.445848 0.519296 0.449458 0.512525 0.455776 0.507109 0.467509 0.503724 0.474729 0.498307 0.476534 0.499661 0.493682 0.498307 0.509928 0.488152 0.529783 0.482735 0.554152 0.467163 0.576715 0.444821 0.592058 0.423832 0.594765 0.415030 0.601083 0.404875 0.603791 0.387271
6 0.322202 0.482058 0.320397 0.484766 0.321300 0.489506 0.361011 0.568043 0.356498 0.566689 0.339350 0.549086 0.332130 0.545701 0.328520 0.540961 0.317690 0.533514 0.314079 0.532837 0.313177 0.542316 0.316787 0.573460 0.329422 0.603927 0.352888 0.639810 0.368231 0.657414 0.375451 0.662153 0.380866 0.662153 0.390794 0.656060 0.390794 0.647935 0.383574 0.630332 0.379964 0.605281 0.392599 0.601219 0.398917 0.597156 0.412455 0.596479 0.412455 0.584292 0.397112 0.548409 0.381769 0.524035 0.371841 0.511848 0.350181 0.492214 0.336643 0.484766
6 0.562274 0.485443 0.542419 0.481381 0.533394 0.481381 0.528881 0.484089 0.516245 0.486121 0.490072 0.499661 0.471119 0.503047 0.453971 0.508463 0.447653 0.513879 0.447653 0.518619 0.453971 0.524712 0.452166 0.535545 0.454874 0.540284 0.449458 0.554502 0.449458 0.586324 0.453069 0.599865 0.457581 0.607312 0.471119 0.617468 0.482852 0.617468 0.501805 0.599188 0.508123 0.595125 0.516245 0.585647 0.522563 0.575491 0.520758 0.566689 0.515343 0.560596 0.518051 0.557888 0.524368 0.557211 0.529783 0.563304 0.551444 0.569397 0.564079 0.577522 0.585740 0.582261 0.595668 0.580907 0.603791 0.573460 0.623646 0.572783 0.629061 0.568720 0.630866 0.561273 0.627256 0.555856 0.628159 0.551117 0.635379 0.541638 0.632671 0.533514 0.617329 0.524712 0.601986 0.522681 0.592960 0.515234 0.583935 0.514557 0.575812 0.510494 0.572202 0.511171 0.562274 0.505755 0.561372 0.501693 0.567690 0.498984 0.568592 0.492891 0.566787 0.488829
