6 0.716606 0.704807 0.713899 0.692620 0.706679 0.681787 0.706679 0.677048 0.701264 0.662830 0.696751 0.657414 0.693141 0.643873 0.686823 0.635748 0.685018 0.629655 0.675090 0.623561 0.663357 0.611374 0.653430 0.608666 0.642599 0.610020 0.631769 0.596479 0.627256 0.595802 0.626354 0.623561 0.630866 0.625592 0.653430 0.625592 0.655235 0.626947 0.654332 0.639133 0.648014 0.645904 0.648014 0.650643 0.641697 0.657414 0.627256 0.658091 0.623646 0.664184 0.623646 0.670278 0.619134 0.670278 0.610108 0.673663 0.607401 0.694651 0.596570 0.704130 0.597473 0.708869 0.592960 0.715640 0.574007 0.723764 0.564079 0.725118 0.557762 0.723087 0.546931 0.714286 0.544224 0.707515 0.537004 0.707515 0.529783 0.711578 0.521661 0.712932 0.512635 0.718348 0.500903 0.718348 0.490975 0.721056 0.474729 0.717671 0.471119 0.714286 0.459386 0.717671 0.437726 0.715640 0.429603 0.711578 0.424188 0.704130 0.402527 0.702776 0.388989 0.696005 0.375451 0.685850 0.362816 0.686527 0.350181 0.683142 0.346570 0.680433 0.344765 0.675694 0.345668 0.661476 0.338448 0.649966 0.338448 0.641165 0.324910 0.641165 0.316787 0.645227 0.309567 0.644550 0.305054 0.641165 0.305054 0.635748 0.311372 0.631686 0.311372 0.629655 0.305957 0.629655 0.303249 0.633040 0.283394 0.629655 0.268051 0.645904 0.245487 0.689235 0.241877 0.704807 0.241877 0.717671 0.251805 0.737982 0.268953 0.749492 0.279783 0.763710 0.283394 0.772512 0.306859 0.786730 0.309567 0.786730 0.314982 0.794177 0.356498 0.804333 0.369134 0.815166 0.375451 0.817197 0.396209 0.817874 0.398917 0.819905 0.418773 0.821936 0.428700 0.828030 0.432310 0.834123 0.439531 0.840217 0.453971 0.842248 0.493682 0.843602 0.503610 0.842248 0.516245 0.837508 0.529783 0.834800 0.540614 0.828707 0.560469 0.822613 0.592058 0.823290 0.607401 0.817197 0.611913 0.813135 0.622744 0.811104 0.634477 0.804333 0.665162 0.796209 0.674188 0.784699 0.679603 0.780636 0.685921 0.768450 0.688628 0.752877 0.686823 0.735951 0.690433 0.733243 0.700361 0.731212 0.707581 0.721733 0.713899 0.717671
6 0.592058 0.341232 0.592960 0.345972 0.611011 0.351388 0.666065 0.354773 0.694043 0.358835 0.721119 0.360190 0.793321 0.359513 0.805957 0.358158 0.822202 0.354096 0.828520 0.357481 0.846570 0.357481 0.849278 0.356127 0.861913 0.355450 0.867329 0.351388 0.873646 0.350034 0.875451 0.347326 0.873646 0.343940 0.870036 0.344617 0.860108 0.341909 0.858303 0.335139 0.852888 0.333108 0.852888 0.330399 0.845668 0.322275 0.842960 0.315504 0.838448 0.312119 0.831227 0.310765 0.824007 0.305349 0.785199 0.291131 0.773466 0.282329 0.760830 0.279621 0.753610 0.280298 0.748195 0.276913 0.737365 0.274204 0.722022 0.272850 0.709386 0.276913 0.694946 0.274882 0.680505 0.276913 0.677798 0.278944 0.672383 0.278267 0.669675 0.280298 0.666065 0.279621 0.657040 0.289100 0.655235 0.294516 0.653430 0.295870 0.649819 0.295193 0.640794 0.302640 0.638989 0.310088 0.634477 0.307380 0.629964 0.311442 0.626354 0.311442 0.611913 0.317536 0.608303 0.321598 0.608303 0.326337 0.602888 0.325660 0.595668 0.332431
0 0.674188 0.271496 0.662455 0.266757 0.619134 0.265403 0.590253 0.266757 0.577617 0.268788 0.567690 0.272850 0.564079 0.272173 0.561372 0.274204 0.553249 0.275559 0.539711 0.281652 0.527978 0.283006 0.509928 0.295870 0.500903 0.298578 0.493682 0.308057 0.491877 0.315504 0.494585 0.318890 0.509025 0.321598 0.513538 0.327014 0.521661 0.330399 0.558664 0.337847 0.578520 0.343940 0.588448 0.343940 0.593863 0.340555 0.598375 0.333108 0.609206 0.321598 0.615523 0.316858 0.629964 0.312119 0.652527 0.295870 0.662455 0.283683 0.670578 0.278267
5 0.282491 0.618145 0.283394 0.629655 0.287004 0.630332 0.289711 0.633040 0.299639 0.632363 0.302347 0.629655 0.305957 0.630332 0.303249 0.640487 0.307762 0.645227 0.314079 0.647258 0.321300 0.646581 0.327617 0.643196 0.334838 0.635748 0.339350 0.637779 0.336643 0.641165 0.335740 0.647935 0.340253 0.657414 0.343863 0.660122 0.342960 0.674340 0.350181 0.683142 0.359206 0.685173 0.379964 0.684496 0.384477 0.692620 0.399819 0.702099 0.407942 0.703453 0.425993 0.702099 0.429603 0.706161 0.429603 0.710223 0.433213 0.713609 0.454874 0.716994 0.463899 0.716317 0.471119 0.713609 0.474729 0.714286 0.481047 0.719702 0.507220 0.719025 0.517148 0.716994 0.525271 0.710900 0.528881 0.709546 0.534296 0.710223 0.541516 0.704130 0.543321 0.706838 0.546931 0.707515 0.548736 0.715640 0.556859 0.721056 0.556859 0.723087 0.563177 0.723087 0.564982 0.719025 0.566787 0.721056 0.572202 0.719025 0.574910 0.721733 0.583935 0.720379 0.596570 0.710900 0.594765 0.704807 0.604693 0.695328 0.604693 0.691266 0.601986 0.689235 0.604693 0.687881 0.607401 0.689235 0.608303 0.681110 0.605596 0.677725 0.609206 0.675017 0.606498 0.668246 0.611011 0.664861 0.620939 0.664861 0.624549 0.668923 0.624549 0.670955 0.621841 0.672309 0.621841 0.675694 0.624549 0.675017 0.625451 0.671632 0.628159 0.671632 0.629964 0.675017 0.634477 0.672309 0.636282 0.675694 0.633574 0.676371 0.633574 0.678402 0.635379 0.678402 0.640794 0.674340 0.641697 0.668923 0.639892 0.663507 0.643502 0.662830 0.640794 0.660799 0.640794 0.658091 0.657942 0.654028 0.656137 0.652674 0.656137 0.648612 0.653430 0.646581 0.656137 0.645227 0.656137 0.641842 0.652527 0.639133 0.653430 0.633717 0.650722 0.630332 0.639892 0.626269 0.644404 0.622207 0.639892 0.620853 0.638989 0.617468 0.636282 0.620853 0.632671 0.619499 0.636282 0.616791 0.636282 0.614083 0.640794 0.612729 0.640794 0.610020 0.643502 0.607989 0.645307 0.608666 0.645307 0.612729 0.647112 0.612729 0.647112 0.608666 0.644404 0.607989 0.648014 0.605958 0.646209 0.595802 0.642599 0.595802 0.639892 0.593771 0.635379 0.593771 0.634477 0.595125 0.628159 0.590386 0.625451 0.590386 0.623646 0.587678 0.620036 0.588355 0.615523 0.578876 0.611913 0.578199 0.606498 0.573460 0.590253 0.570752 0.584838 0.567366 0.583935 0.563981 0.580325 0.563981 0.573105 0.559919 0.564079 0.559919 0.560469 0.561950 0.543321 0.562627 0.540614 0.563981 0.517148 0.561950 0.513538 0.563981 0.501805 0.564658 0.494585 0.559919 0.490072 0.561950 0.486462 0.561950 0.483755 0.559919 0.483755 0.556534 0.488267 0.553148 0.483755 0.549086 0.476534 0.551117 0.475632 0.561273 0.470217 0.565335 0.466606 0.565335 0.459386 0.569397 0.446751 0.568043 0.433213 0.570074 0.432310 0.568720 0.429603 0.570074 0.424188 0.568720 0.403430 0.570074 0.399819 0.567366 0.392599 0.572783 0.390794 0.571429 0.393502 0.570074 0.393502 0.567366 0.389892 0.570074 0.387184 0.569397 0.389892 0.566689 0.389892 0.563981 0.388087 0.563304 0.382671 0.567366 0.386282 0.572783 0.380866 0.576845 0.376354 0.575491 0.374549 0.570074 0.369134 0.570074 0.365523 0.580907 0.369134 0.580907 0.370036 0.587678 0.364621 0.587001 0.360108 0.589709 0.359206 0.587001 0.355596 0.587001 0.355596 0.589032 0.359206 0.591740 0.355596 0.593094 0.353791 0.597156 0.351083 0.594448 0.348375 0.594448 0.344765 0.598510 0.347473 0.603927 0.338448 0.613406 0.334838 0.613406 0.334838 0.610020 0.332130 0.610020 0.329422 0.613406 0.327617 0.609343 0.324910 0.609343 0.324007 0.606635 0.321300 0.606635 0.324910 0.609343 0.324910 0.612729 0.328520 0.614083 0.328520 0.616114 0.326715 0.616791 0.324007 0.614083 0.320397 0.614083 0.320397 0.616114 0.315884 0.617468 0.311372 0.609343 0.296931 0.607989 0.292419 0.608666 0.287004 0.612051 0.287004 0.614083
4 0.768051 0.595802 0.747292 0.578199 0.737365 0.575491 0.732852 0.571429 0.726534 0.570074 0.715704 0.563304 0.706679 0.560596 0.699458 0.555179 0.666968 0.546378 0.656137 0.545701 0.642599 0.547732 0.633574 0.546378 0.630866 0.544347 0.631769 0.533514 0.627256 0.529452 0.620036 0.510494 0.619134 0.495599 0.616426 0.491537 0.608303 0.487475 0.594765 0.488829 0.588448 0.494245 0.579422 0.509140 0.578520 0.526743 0.574007 0.536222 0.565884 0.532160 0.548736 0.532160 0.542419 0.530806 0.536101 0.532837 0.530686 0.536899 0.531588 0.545024 0.536101 0.547055 0.540614 0.547055 0.545126 0.549763 0.548736 0.547732 0.548736 0.553148 0.559567 0.555179 0.565884 0.553825 0.575812 0.555179 0.574910 0.557888 0.567690 0.557888 0.563177 0.559919 0.566787 0.567366 0.569495 0.567366 0.572202 0.562627 0.575812 0.563304 0.577617 0.561273 0.602888 0.563981 0.610108 0.570074 0.615523 0.570752 0.620036 0.576845 0.633574 0.577522 0.641697 0.580907 0.640794 0.584970 0.634477 0.591740 0.644404 0.596479 0.642599 0.599865 0.649819 0.594448 0.652527 0.595125 0.655235 0.598510 0.657040 0.606635 0.669675 0.610697 0.672383 0.617468 0.680505 0.624238 0.687726 0.626947 0.688628 0.632363 0.693141 0.635748 0.694043 0.639810 0.697653 0.643196 0.704874 0.670278 0.712094 0.685850 0.716606 0.689235 0.720217 0.700745 0.717509 0.705484 0.716606 0.716317 0.702166 0.727827 0.701264 0.731889 0.689531 0.732566 0.686823 0.734597 0.688628 0.753555 0.685018 0.771158 0.672383 0.786053 0.668773 0.795531 0.641697 0.802302 0.622744 0.811781 0.606498 0.814489 0.600181 0.819905 0.595668 0.820582 0.590253 0.825999 0.582130 0.825999 0.575812 0.823290 0.564079 0.823968 0.558664 0.821936 0.552347 0.825999 0.537906 0.829384 0.527978 0.836154 0.516245 0.837508 0.512635 0.841571 0.500903 0.842248 0.488267 0.846310 0.483755 0.844279 0.468412 0.842925 0.454874 0.843602 0.446751 0.845633 0.439531 0.844279 0.434116 0.841571 0.434116 0.836831 0.430505 0.829384 0.422383 0.822613 0.402527 0.821936 0.397112 0.823290 0.392599 0.820582 0.376354 0.820582 0.361011 0.810427 0.357401 0.805010 0.324910 0.797563 0.317690 0.807041 0.309567 0.811104 0.302347 0.817874 0.300542 0.814489 0.305054 0.810427 0.303249 0.806364 0.305054 0.802979 0.304152 0.783345 0.298736 0.783345 0.295126 0.781313 0.287906 0.784022 0.282491 0.783345 0.279783 0.779959 0.279783 0.765741 0.274368 0.763033 0.272563 0.759648 0.268051 0.758971 0.265343 0.750169 0.255415 0.747461 0.251805 0.744076 0.249097 0.725118 0.247292 0.689912 0.244585 0.689235 0.245487 0.681110 0.240975 0.674340 0.234657 0.672309 0.226534 0.672309 0.208484 0.679079 0.188628 0.679756 0.173285 0.683819 0.170578 0.686527 0.159747 0.691266 0.148917 0.701422 0.149819 0.706838 0.157040 0.719025 0.166065 0.727150 0.180505 0.732566 0.190433 0.733243 0.194946 0.736628 0.194946 0.756263 0.198556 0.771835 0.204874 0.779959 0.213899 0.780636 0.216606 0.782668 0.210289 0.787407 0.207581 0.793500 0.207581 0.809072 0.210289 0.819905 0.213899 0.825999 0.229242 0.834123 0.224729 0.840894 0.215704 0.846310 0.204874 0.861882 0.200361 0.876100 0.204874 0.881517 0.222924 0.880162 0.241877 0.881517 0.269856 0.886256 0.277076 0.884225 0.291516 0.876100 0.298736 0.875423 0.306859 0.877454 0.313177 0.882871 0.329422 0.889641 0.340253 0.890995 0.349278 0.895735 0.357401 0.902505 0.368231 0.918077 0.377256 0.924171 0.375451 0.934326 0.383574 0.944482 0.391697 0.951930 0.409747 0.954638 0.429603 0.953961 0.440433 0.951930 0.459386 0.932295 0.471119 0.932972 0.511733 0.928233 0.529783 0.922817 0.545126 0.911984 0.553249 0.903182 0.562274 0.905213 0.578520 0.905890 0.601083 0.902505 0.645307 0.899120 0.701264 0.897089 0.709386 0.893703 0.714801 0.888964 0.719314 0.881517 0.721119 0.861205 0.727437 0.845633 0.731949 0.842925 0.740975 0.832769 0.748195 0.830738 0.757220 0.823968 0.765343 0.820582 0.777076 0.818551 0.783394 0.813812 0.790614 0.811781 0.796029 0.806364 0.799639 0.794177 0.800542 0.765741 0.797834 0.753555 0.797834 0.729181 0.804152 0.709546 0.804152 0.695328 0.802347 0.687881 0.798736 0.684496 0.796931 0.672986 0.791516 0.670955 0.787004 0.665538 0.781588 0.620176
4 0.336643 0.584292 0.325812 0.580230 0.297834 0.582261 0.294224 0.584292 0.287004 0.576845 0.281588 0.575491 0.250903 0.578876 0.243682 0.583615 0.235560 0.595802 0.231047 0.608666 0.228339 0.610697 0.212094 0.610020 0.203971 0.614760 0.194946 0.626947 0.195848 0.635071 0.202166 0.641165 0.220217 0.651320 0.234657 0.656737 0.255415 0.658768 0.261733 0.654028 0.272563 0.637779 0.274368 0.631009 0.277978 0.626269 0.269856 0.622884 0.275271 0.617468 0.282491 0.616114 0.291516 0.607989 0.302347 0.607312 0.310469 0.603927 0.312274 0.601219 0.319495 0.599865 0.332130 0.593094 0.336643 0.589032
4 0.424188 0.533514 0.418773 0.530806 0.413357 0.524712 0.385379 0.524712 0.376354 0.530129 0.370939 0.536899 0.359206 0.540961 0.357401 0.547732 0.362816 0.549086 0.361011 0.552471 0.371841 0.559919 0.401625 0.558565 0.412455 0.553148 0.421480 0.545024
4 0.501805 0.513202 0.498195 0.509817 0.491877 0.509140 0.475632 0.511171 0.462094 0.515234 0.453971 0.519296 0.450361 0.525389 0.450361 0.531483 0.456679 0.534191 0.466606 0.534868 0.477437 0.539607 0.487365 0.539607 0.500000 0.531483
4 0.780686 0.278944 0.780686 0.287068 0.787004 0.293162 0.821300 0.305349 0.842960 0.319567 0.851986 0.330399 0.859206 0.343940 0.868231 0.353419 0.879964 0.354773 0.905235 0.349357 0.907942 0.345295 0.905235 0.334462 0.897112 0.324983 0.882671 0.313473 0.862816 0.308734 0.842960 0.297901 0.833032 0.290454 0.818592 0.283683 0.792419 0.278944 0.787004 0.280975 0.784296 0.278944
4 0.758123 0.276913 0.757220 0.279621 0.770758 0.282329 0.786101 0.292485 0.822202 0.305349 0.829422 0.310765 0.833935 0.312119 0.848375 0.324983 0.857401 0.342586 0.866426 0.349357 0.866426 0.353419 0.868231 0.354773 0.878159 0.355450 0.890794 0.353419 0.896209 0.347326 0.898917 0.350711 0.901625 0.350711 0.905235 0.347326 0.907040 0.342586 0.905235 0.334462 0.889892 0.318890 0.881769 0.313473 0.870036 0.310765 0.863718 0.311442 0.857401 0.305349 0.846570 0.300609 0.838448 0.293839 0.823105 0.285037 0.777978 0.274204 0.767148 0.274204
