5 0.452166 0.209885 0.447653 0.207854 0.442238 0.208531 0.436823 0.201760 0.435921 0.197698 0.427798 0.189573 0.416065 0.188219 0.412455 0.191605 0.408845 0.199729 0.410650 0.209208 0.408845 0.211239 0.406137 0.209885 0.399819 0.210562 0.397112 0.216655 0.392599 0.220041 0.388989 0.232905 0.383574 0.238321 0.380866 0.244414 0.357401 0.224780 0.351083 0.221395 0.333935 0.205146 0.323105 0.203114 0.318592 0.205146 0.313177 0.212593 0.307762 0.228165 0.297834 0.247123 0.296931 0.266757 0.294224 0.278944 0.287906 0.279621 0.268953 0.269465 0.259928 0.269465 0.251805 0.264049 0.248195 0.258632 0.235560 0.251862 0.231047 0.251185 0.228339 0.253216 0.222924 0.267434 0.218412 0.287745 0.218412 0.307380 0.221119 0.315504 0.209386 0.328368 0.194946 0.321598 0.175993 0.317536 0.159747 0.316181 0.146209 0.317536 0.132671 0.314827 0.108303 0.314827 0.105596 0.317536 0.105596 0.321598 0.111011 0.335139 0.117329 0.343940 0.124549 0.350034 0.127256 0.357481 0.132671 0.361544 0.141697 0.373731 0.154332 0.383886 0.159747 0.396073 0.152527 0.402167 0.127256 0.407583 0.089350 0.424509 0.068592 0.437373 0.050542 0.446175 0.046931 0.449560 0.047834 0.454299 0.065884 0.460393 0.080325 0.461747 0.088448 0.467840 0.115523 0.473934 0.129964 0.475288 0.137184 0.480027 0.148014 0.483412 0.209386 0.483412 0.231949 0.488829 0.248195 0.490183 0.259928 0.488152 0.271661 0.488152 0.274368 0.484089 0.274368 0.473934 0.280686 0.460393 0.282491 0.448206 0.289711 0.437373 0.290614 0.431280 0.296931 0.423155 0.297834 0.416385 0.304152 0.412322 0.305054 0.408260 0.311372 0.405552 0.313177 0.399458 0.319495 0.393365 0.326715 0.389303 0.329422 0.382532 0.337545 0.376439 0.342058 0.375762 0.346570 0.369668 0.361011 0.360190 0.370939 0.357481 0.378159 0.350711 0.382671 0.350034 0.391697 0.344617 0.403430 0.342586 0.408845 0.338524 0.420578 0.336493 0.425993 0.332431 0.435921 0.331754 0.446751 0.328368 0.473827 0.326337 0.481047 0.318213 0.483755 0.310765 0.484657 0.266757 0.482852 0.255247 0.473827 0.236290 0.467509 0.232227 0.460289 0.218687
5 0.135379 0.518619 0.131769 0.522681 0.129964 0.528775 0.120036 0.536899 0.120036 0.549086 0.108303 0.560596 0.108303 0.564658 0.113718 0.570752 0.114621 0.576845 0.126354 0.585647 0.166065 0.592417 0.190433 0.593771 0.194043 0.599188 0.189531 0.603250 0.142599 0.614760 0.140794 0.617468 0.143502 0.630332 0.137184 0.639133 0.137184 0.642519 0.148917 0.649289 0.145307 0.658768 0.147112 0.664184 0.162455 0.667569 0.166065 0.670278 0.164260 0.685850 0.166065 0.687204 0.179603 0.686527 0.194043 0.683142 0.221119 0.672986 0.228339 0.671632 0.238267 0.666215 0.248195 0.674340 0.254513 0.675694 0.257220 0.679756 0.267148 0.687204 0.283394 0.693297 0.274368 0.708192 0.273466 0.725118 0.284296 0.737982 0.297834 0.746107 0.305054 0.748815 0.310469 0.748815 0.319495 0.752877 0.332130 0.752877 0.342960 0.749492 0.354693 0.743399 0.360108 0.743399 0.361913 0.744753 0.361913 0.748815 0.373646 0.753555 0.376354 0.756263 0.395307 0.759648 0.402527 0.768450 0.443141 0.768450 0.463899 0.755586 0.468412 0.750169 0.472924 0.748138 0.478339 0.740691 0.480144 0.722410 0.476534 0.712255 0.467509 0.703453 0.464801 0.703453 0.451264 0.696005 0.444043 0.696682 0.441336 0.694651 0.441336 0.689235 0.444946 0.681110 0.451264 0.674340 0.452166 0.663507 0.449458 0.660799 0.443141 0.658768 0.424188 0.656737 0.417870 0.654028 0.411552 0.654705 0.404332 0.647935 0.396209 0.645904 0.388989 0.641842 0.376354 0.640487 0.367329 0.633040 0.361011 0.630332 0.357401 0.625592 0.346570 0.622884 0.343863 0.617468 0.334838 0.610020 0.317690 0.602573 0.304152 0.600542 0.305957 0.590386 0.305054 0.578876 0.290614 0.557888 0.279783 0.536222 0.260830 0.530806 0.247292 0.530806 0.233755 0.528775 0.220217 0.531483 0.213899 0.536222 0.210289 0.536899 0.203971 0.529452 0.198556 0.526066 0.151625 0.511848 0.143502 0.513202
5 0.811372 0.540961 0.797834 0.539607 0.778881 0.550440 0.762635 0.555179 0.759025 0.553825 0.755415 0.548409 0.743682 0.540284 0.737365 0.538253 0.728339 0.538930 0.720217 0.547732 0.711191 0.566689 0.693141 0.591063 0.653430 0.624238 0.648917 0.625592 0.629964 0.637779 0.590253 0.654028 0.547834 0.661476 0.544224 0.663507 0.527978 0.664861 0.522563 0.666892 0.521661 0.673663 0.532491 0.685850 0.528881 0.691266 0.529783 0.698037 0.537906 0.703453 0.544224 0.704807 0.550542 0.704130 0.555054 0.706161 0.558664 0.712932 0.565884 0.719025 0.572202 0.721733 0.571300 0.729858 0.578520 0.742045 0.586643 0.749492 0.600181 0.757617 0.605596 0.759648 0.614621 0.759648 0.625451 0.765741 0.633574 0.766418 0.638989 0.765741 0.649819 0.758971 0.661552 0.754909 0.669675 0.754232 0.680505 0.748815 0.697653 0.735274 0.732852 0.714286 0.748195 0.702776 0.759928 0.689912 0.775271 0.678402 0.780686 0.672309 0.795126 0.663507 0.811372 0.650643 0.811372 0.648612 0.818592 0.641842 0.827617 0.628978 0.834838 0.622884 0.836643 0.618822 0.850181 0.604604 0.850181 0.599188 0.830325 0.584970 0.827617 0.572783 0.816787 0.560596 0.816787 0.556534 0.820397 0.552471 0.820397 0.547732
5 0.494585 0.529452 0.485560 0.528775 0.480144 0.530129 0.470217 0.538253 0.469314 0.549763 0.472924 0.554502 0.479242 0.557888 0.490072 0.557888 0.497292 0.555179 0.500903 0.551117 0.502708 0.537576 0.500903 0.532837
5 0.525271 0.511848 0.513538 0.517942 0.511733 0.521327 0.511733 0.530129 0.513538 0.534191 0.519856 0.538253 0.531588 0.539607 0.542419 0.533514 0.545126 0.529452 0.545126 0.523358 0.542419 0.517942 0.538809 0.515234 0.530686 0.511848
5 0.552347 0.501693 0.545126 0.508463 0.545126 0.514557 0.549639 0.522004 0.555957 0.526066 0.566787 0.526066 0.575812 0.522004 0.579422 0.515234 0.576715 0.504401 0.569495 0.501016
5 0.556859 0.465132 0.548736 0.467163 0.543321 0.470548 0.540614 0.479350 0.544224 0.486121 0.548736 0.489506 0.561372 0.491537 0.574007 0.487475 0.576715 0.482735 0.576715 0.474611 0.574007 0.470548 0.568592 0.467163
5 0.500000 0.442112 0.490975 0.446852 0.489170 0.455653 0.497292 0.463778 0.505415 0.464455 0.515343 0.459039 0.516245 0.450914 0.510830 0.444144 0.506318 0.442112
5 0.507220 0.486121 0.496390 0.491537 0.494585 0.498307 0.503610 0.509140 0.511733 0.509817 0.518051 0.507109 0.522563 0.502370 0.523466 0.493568 0.518051 0.487475
5 0.457581 0.501016 0.450361 0.505755 0.448556 0.517265 0.454874 0.523358 0.466606 0.524712 0.472022 0.522681 0.475632 0.518619 0.475632 0.507109 0.471119 0.501693
5 0.423285 0.489506 0.415162 0.495599 0.415162 0.505755 0.419675 0.510494 0.426895 0.513202 0.436823 0.513202 0.444043 0.507786 0.445848 0.503724 0.444946 0.494922 0.435921 0.488829
7 0.582130 0.219364 0.563177 0.235613 0.560469 0.241029 0.555054 0.244414 0.554152 0.248477 0.536101 0.268111 0.533394 0.276913 0.539711 0.285037 0.539711 0.289777 0.526173 0.309411 0.526173 0.314150 0.530686 0.319567 0.543321 0.324306 0.546931 0.324306 0.552347 0.327691 0.592058 0.337170 0.615523 0.345295 0.634477 0.354096 0.638989 0.354096 0.642599 0.357481 0.651625 0.360867 0.657040 0.367637 0.663357 0.371022 0.664260 0.373731 0.669675 0.375085 0.674188 0.380501 0.677798 0.379824 0.689531 0.394042 0.694043 0.396750 0.697653 0.404198 0.702166 0.406229 0.704874 0.413676 0.708484 0.415030 0.711191 0.421124 0.715704 0.425186 0.720217 0.436696 0.725632 0.441435 0.728339 0.459039 0.736462 0.469194 0.749097 0.469871 0.762635 0.473257 0.767148 0.475965 0.781588 0.476642 0.787004 0.475288 0.794224 0.477996 0.799639 0.476642 0.811372 0.479350 0.814079 0.476642 0.817690 0.475965 0.822202 0.469871 0.831227 0.470548 0.858303 0.464455 0.861011 0.462424 0.872744 0.460393 0.879964 0.455653 0.880866 0.447529 0.879061 0.440081 0.875451 0.434665 0.873646 0.422478 0.866426 0.407583 0.861011 0.404875 0.854693 0.394042 0.844765 0.385917 0.842058 0.377116 0.829422 0.368991 0.825812 0.362221 0.817690 0.357481 0.808664 0.348003 0.800542 0.343940 0.795126 0.337847 0.774368 0.324306 0.772563 0.321598 0.765343 0.318890 0.744585 0.306026 0.740975 0.301286 0.697653 0.268111 0.687726 0.265403 0.673285 0.255247 0.651625 0.245768 0.638087 0.236290 0.630866 0.234259 0.623646 0.228842 0.615523 0.226811 0.606498 0.220718 0.592960 0.217332 0.586643 0.217332
