5 0.465809 0.228339 0.460393 0.234657 0.454299 0.235560 0.449560 0.240975 0.440081 0.240975 0.436696 0.238267 0.427894 0.240072 0.425186 0.248195 0.425186 0.261733 0.421801 0.267148 0.423832 0.310469 0.429248 0.327617 0.431957 0.349278 0.436696 0.361913 0.438727 0.373646 0.448206 0.383574 0.465809 0.385379 0.467840 0.388087 0.467163 0.392599 0.471225 0.395307 0.474611 0.394404 0.476642 0.389892 0.476642 0.370939 0.478673 0.368231 0.487475 0.370036 0.490860 0.364621 0.489506 0.357401 0.505755 0.349278 0.506432 0.344765 0.492891 0.314079 0.486121 0.308664 0.482735 0.287906 0.473934 0.262635 0.473934 0.255415 0.475965 0.249097 0.475965 0.234657 0.473934 0.231047
5 0.607312 0.142599 0.596479 0.126354 0.589032 0.119134 0.582261 0.118231 0.576845 0.124549 0.571429 0.126354 0.564658 0.115523 0.560596 0.112816 0.536222 0.111011 0.532837 0.125451 0.529452 0.130866 0.520650 0.130866 0.513879 0.134477 0.498307 0.135379 0.486121 0.145307 0.478673 0.159747 0.461747 0.171480 0.457684 0.179603 0.458362 0.200361 0.463101 0.208484 0.465809 0.209386 0.471225 0.216606 0.479350 0.218412 0.483412 0.213899 0.485443 0.205776 0.492214 0.197653 0.496953 0.188628 0.515234 0.171480 0.534191 0.163357 0.545024 0.162455 0.566012 0.163357 0.578199 0.166065 0.584970 0.170578 0.593771 0.171480 0.597156 0.169675
5 0.649289 0.137184 0.626269 0.157942 0.610020 0.181408 0.608666 0.190433 0.620853 0.212094 0.628301 0.238267 0.629655 0.263538 0.627624 0.274368 0.628301 0.278881 0.625592 0.283394 0.623561 0.297834 0.624915 0.327617 0.633040 0.339350 0.661476 0.357401 0.671632 0.358303 0.699391 0.349278 0.703453 0.345668 0.702099 0.337545 0.696682 0.332130 0.689912 0.317690 0.696682 0.310469 0.707515 0.303249 0.709546 0.297834 0.700068 0.282491 0.689235 0.271661 0.690589 0.264440 0.701422 0.254513 0.702099 0.248195 0.687881 0.235560 0.679756 0.232852 0.675017 0.224729 0.675017 0.219314 0.679756 0.211191 0.685850 0.193141 0.687204 0.179603 0.685850 0.177798 0.679756 0.177798 0.662153 0.183213 0.657414 0.181408 0.654705 0.166968 0.655383 0.152527 0.654028 0.138989
5 0.773189 0.501805 0.773189 0.510830 0.779282 0.518051 0.779282 0.527076 0.781991 0.540614 0.787407 0.546029 0.796886 0.546029 0.805010 0.538809 0.818551 0.531588 0.819905 0.528881 0.821259 0.518953 0.819228 0.508123 0.807041 0.500903 0.802979 0.495487 0.794177 0.489170 0.785376 0.489170 0.780636 0.494585 0.778605 0.500000
5 0.819905 0.449458 0.805687 0.456679 0.800271 0.464801 0.798917 0.472022 0.801625 0.486462 0.799594 0.493682 0.809072 0.503610 0.823968 0.506318 0.834800 0.498195 0.836831 0.484657 0.836831 0.472022 0.832769 0.455776 0.826676 0.450361
5 0.724441 0.443141 0.721056 0.451264 0.720379 0.464801 0.731889 0.472022 0.740691 0.471119 0.747461 0.460289 0.748138 0.453971 0.729181 0.441336
5 0.721056 0.467509 0.716317 0.482852 0.716994 0.489170 0.723764 0.494585 0.735951 0.495487 0.740691 0.487365 0.740691 0.476534 0.738659 0.472022 0.729181 0.467509
5 0.735951 0.500000 0.733243 0.502708 0.730535 0.514440 0.737305 0.553249 0.744076 0.569495 0.747461 0.572202 0.756940 0.573105 0.769127 0.559567 0.771835 0.552347 0.771835 0.540614 0.765064 0.513538 0.760325 0.509928 0.756263 0.503610 0.743399 0.500000
5 0.733243 0.499097 0.728504 0.498195 0.723087 0.502708 0.719025 0.511733 0.719702 0.522563 0.724441 0.523466 0.727150 0.520758
5 0.769127 0.562274 0.765741 0.564982 0.759648 0.576715 0.759648 0.583032 0.767095 0.592058 0.775220 0.594765 0.784022 0.583935 0.784699 0.577617 0.777251 0.564079
5 0.850372 0.519856 0.845633 0.520758 0.840894 0.527978 0.838186 0.527978 0.832092 0.532491 0.828707 0.541516 0.829384 0.548736 0.833446 0.554152 0.846987 0.555054 0.855789 0.550542 0.855789 0.536101 0.853081 0.524368
5 0.853758 0.482852 0.851049 0.492780 0.851726 0.508123 0.856466 0.511733 0.864590 0.511733 0.870007 0.508123 0.872715 0.502708 0.870007 0.489170 0.858497 0.481949
5 0.578876 0.686823 0.576845 0.696751 0.571429 0.703971 0.571429 0.707581 0.580230 0.712996 0.596479 0.717509 0.603927 0.724729 0.607989 0.723827 0.611374 0.717509 0.612051 0.712094 0.605281 0.698556 0.589709 0.681408 0.583615 0.681408
5 0.528097 0.268051 0.522681 0.273466 0.522004 0.280686 0.526066 0.285199 0.530806 0.285199 0.534191 0.280686 0.534868 0.273466 0.532837 0.268953
5 0.540284 0.252708 0.536222 0.252708 0.532837 0.256318 0.532160 0.260830 0.533514 0.264440 0.537576 0.266245 0.542316 0.262635 0.542993 0.257220
5 0.534191 0.236462 0.532160 0.240975 0.532837 0.249097 0.534868 0.250903 0.541638 0.250000 0.544347 0.245487 0.542316 0.236462
5 0.565335 0.255415 0.563981 0.260830 0.566012 0.265343 0.570752 0.266245 0.575491 0.263538 0.576168 0.258123 0.574137 0.253610 0.568043 0.252708
5 0.549763 0.266245 0.547055 0.268953 0.546378 0.276173 0.550440 0.280686 0.553825 0.280686 0.557211 0.275271 0.557211 0.269856 0.555856 0.267148
5 0.540284 0.280686 0.536899 0.286101 0.536899 0.290614 0.540284 0.296029 0.545701 0.296029 0.548409 0.288809 0.547732 0.283394 0.545701 0.280686
5 0.552471 0.288809 0.548409 0.293321 0.547055 0.299639 0.551794 0.306859 0.555856 0.306859 0.559919 0.303249 0.560596 0.295126 0.557888 0.289711
5 0.563981 0.279783 0.561950 0.282491 0.561950 0.294224 0.567366 0.297834 0.572106 0.296029 0.575491 0.288809 0.574814 0.282491 0.568720 0.278881
5 0.333785 0.760830 0.328368 0.766245 0.318890 0.770758 0.314150 0.776173 0.312796 0.781588 0.313473 0.801444 0.317536 0.807762 0.324983 0.814079 0.340555 0.823105 0.345972 0.823105 0.350034 0.815884 0.351388 0.805054 0.350034 0.777076 0.347326 0.768051 0.343263 0.762635
0 0.655383 0.400722 0.654028 0.392599 0.651320 0.389892 0.648612 0.381769 0.637102 0.373646 0.630332 0.362816 0.622207 0.362816 0.610020 0.354693 0.597833 0.355596 0.583615 0.361011 0.576168 0.368231 0.570752 0.368231 0.559919 0.372744 0.540284 0.374549 0.536899 0.376354 0.532160 0.383574 0.515911 0.390794 0.500339 0.407040 0.498984 0.411552 0.499661 0.426895 0.498307 0.435921 0.503724 0.443141 0.519296 0.448556 0.528775 0.447653 0.532837 0.452166 0.562627 0.453069 0.572783 0.451264 0.582938 0.444946 0.600542 0.443141 0.623561 0.431408 0.634394 0.422383 0.646581 0.416065 0.654028 0.408845
4 0.789438 0.382671 0.781991 0.388989 0.779282 0.395307 0.776574 0.410650 0.765741 0.417870 0.758971 0.426895 0.760325 0.443141 0.764387 0.453971 0.767095 0.455776 0.765741 0.456679 0.765741 0.460289 0.771158 0.459386 0.773866 0.462996 0.771158 0.466606 0.769804 0.464801 0.758971 0.463899 0.756263 0.467509 0.751523 0.466606 0.748138 0.468412 0.744076 0.473827 0.744076 0.481047 0.748138 0.488267 0.756940 0.494585 0.765064 0.506318 0.773189 0.546029 0.775897 0.549639 0.775897 0.554152 0.781313 0.563177 0.784699 0.573105 0.799594 0.589350 0.806364 0.593863 0.817197 0.597473 0.822613 0.596570 0.829384 0.590253 0.830061 0.578520 0.825999 0.555957 0.820582 0.542419 0.820582 0.528881 0.824645 0.525271 0.834123 0.526173 0.840894 0.524368 0.844956 0.520758 0.849695 0.499097 0.849695 0.462996 0.841571 0.439531 0.826676 0.421480 0.807041 0.408845 0.796886 0.394404 0.794854 0.384477
4 0.412322 0.587545 0.409614 0.595668 0.409614 0.602888 0.415030 0.627256 0.421124 0.637184 0.450237 0.712094 0.457684 0.724729 0.471225 0.754513 0.478673 0.762635 0.484089 0.765343 0.497630 0.778881 0.507109 0.779783 0.513879 0.783394 0.524712 0.796029 0.528097 0.797834 0.534191 0.797834 0.540961 0.789711 0.545701 0.789711 0.546378 0.792419 0.541638 0.798736 0.541638 0.803249 0.545024 0.810469 0.563304 0.824007 0.575491 0.827617 0.600542 0.827617 0.603250 0.825812 0.612729 0.825812 0.616791 0.821300 0.622207 0.820397 0.639810 0.827617 0.642519 0.831227 0.647258 0.833032 0.654028 0.841155 0.679756 0.855596 0.684496 0.862816 0.689912 0.866426 0.693297 0.863718 0.702099 0.842960 0.702776 0.824910 0.706838 0.812274 0.708869 0.810469 0.710900 0.797834 0.710223 0.791516 0.699391 0.783394 0.689235 0.780686 0.682464 0.772563 0.681110 0.764440 0.682464 0.758123 0.681110 0.735560 0.678402 0.726534 0.675017 0.722022 0.661476 0.720217 0.657414 0.725632 0.649289 0.718412 0.647935 0.714801 0.648612 0.703069 0.647258 0.688628 0.640487 0.674188 0.637102 0.660650 0.637102 0.653430 0.638456 0.650722 0.637779 0.642599 0.629655 0.641697 0.623561 0.646209 0.612729 0.627256 0.599188 0.611011 0.587678 0.602888 0.568720 0.593863 0.549763 0.574910 0.527420 0.564982 0.513879 0.564982 0.505755 0.568592 0.501693 0.565884 0.489506 0.564079 0.480027 0.569495 0.467163 0.573105 0.450237 0.574910 0.440081 0.578520 0.423832 0.579422 0.415708 0.583032
1 0.318890 0.332130 0.312796 0.349278 0.306026 0.357401 0.306703 0.365523 0.312119 0.372744 0.316181 0.385379 0.319567 0.388989 0.339201 0.389892 0.341909 0.388087 0.355450 0.369134 0.356804 0.364621 0.356127 0.357401 0.349357 0.350181 0.348003 0.338448 0.345295 0.333032
1 0.232905 0.297834 0.228165 0.298736 0.223426 0.305957 0.212593 0.308664 0.210562 0.311372 0.210562 0.323105 0.207854 0.329422 0.207854 0.335740 0.223426 0.355596 0.231550 0.355596 0.236967 0.351083 0.245091 0.350181 0.249154 0.344765 0.249154 0.338448 0.253216 0.326715 0.252539 0.316787 0.249831 0.313177 0.242383 0.309567 0.237644 0.301444
1 0.140826 0.425090 0.140149 0.431408 0.146242 0.452166 0.159783 0.460289 0.171293 0.461191 0.176710 0.459386 0.186865 0.452166 0.192959 0.439531 0.191605 0.422383 0.188219 0.410650 0.184834 0.407040 0.173324 0.407040 0.163169 0.402527 0.157075 0.403430 0.153013 0.412455
1 0.211916 0.504513 0.207177 0.521661 0.199052 0.532491 0.198375 0.537906 0.206500 0.548736 0.209208 0.561372 0.211916 0.563177 0.220041 0.563177 0.229519 0.560469 0.233582 0.557762 0.241029 0.545126 0.245768 0.531588 0.245768 0.525271 0.242383 0.512635 0.237644 0.503610
1 0.318890 0.462094 0.314150 0.466606 0.310088 0.476534 0.301286 0.482852 0.300609 0.490975 0.302640 0.498195 0.306026 0.502708 0.306026 0.513538 0.309411 0.519856 0.329722 0.522563 0.336493 0.517148 0.343263 0.502708 0.347326 0.498195 0.347326 0.492780 0.341909 0.480144 0.341232 0.472924 0.338524 0.468412 0.329722 0.465704 0.324983 0.462094
1 0.280975 0.375451 0.239675 0.376354 0.239675 0.380866 0.236290 0.380866 0.232227 0.385379 0.231550 0.388989 0.226811 0.392599 0.226134 0.397112 0.220718 0.403430 0.219364 0.411552 0.216655 0.416065 0.216655 0.427798 0.224780 0.454874 0.230196 0.462996 0.228165 0.467509 0.246445 0.469314 0.249831 0.472022 0.258632 0.472022 0.276236 0.466606 0.280298 0.462094 0.282329 0.454874 0.287745 0.448556 0.295193 0.433213 0.296547 0.426895 0.295193 0.401625 0.289100 0.390794 0.282329 0.387184 0.281652 0.383574 0.283683 0.379964
