5 0.180505 0.431280 0.168773 0.439404 0.165162 0.446175 0.166968 0.456330 0.163357 0.461070 0.163357 0.471903 0.165162 0.475288 0.164260 0.488152 0.170578 0.506432 0.162455 0.506432 0.137184 0.493568 0.132671 0.493568 0.127256 0.496276 0.126354 0.503047 0.131769 0.507786 0.135379 0.514557 0.158845 0.532837 0.188628 0.561273 0.253610 0.612729 0.263538 0.623561 0.296931 0.651320 0.297834 0.654028 0.310469 0.662153 0.324910 0.675017 0.333032 0.685173 0.341155 0.690589 0.343863 0.695328 0.349278 0.697360 0.357401 0.697360 0.376354 0.714963 0.384477 0.716317 0.384477 0.712255 0.369134 0.693297 0.363718 0.675017 0.363718 0.663507 0.368231 0.649966 0.374549 0.642519 0.372744 0.637779 0.343863 0.611374 0.330325 0.601896 0.327617 0.595802 0.321300 0.592417 0.318592 0.587678 0.314982 0.585647 0.312274 0.579553 0.290614 0.557888 0.272563 0.532837 0.251805 0.511171 0.248195 0.501693 0.241877 0.492891 0.212094 0.459716 0.203069 0.446175 0.185921 0.430603
5 0.394404 0.628978 0.375451 0.641842 0.364621 0.661476 0.363718 0.670955 0.366426 0.685173 0.377256 0.704807 0.383574 0.710900 0.395307 0.716994 0.422383 0.724441 0.451264 0.725118 0.474729 0.717671 0.483755 0.710900 0.490975 0.700745 0.497292 0.682464 0.496390 0.664861 0.490072 0.652674 0.480144 0.642519 0.472022 0.638456 0.462996 0.631009 0.447653 0.625592 0.423285 0.622207
5 0.325812 0.376439 0.322202 0.376439 0.302347 0.387949 0.283394 0.389303 0.278881 0.392688 0.267148 0.395396 0.263538 0.398104 0.251805 0.400135 0.249097 0.405552 0.243682 0.408260 0.227437 0.427894 0.207581 0.442789 0.207581 0.448206 0.220217 0.467163 0.241877 0.488152 0.249097 0.498307 0.252708 0.508463 0.264440 0.518619 0.267148 0.525389 0.277978 0.534191 0.283394 0.545024 0.294224 0.554502 0.302347 0.553148 0.334838 0.528775 0.351986 0.534191 0.355596 0.537576 0.359206 0.537576 0.357401 0.533514 0.373646 0.522004 0.375451 0.517265 0.390794 0.501693 0.393502 0.494922 0.398014 0.490183 0.398917 0.486121 0.411552 0.466486 0.410650 0.455653 0.414260 0.440081 0.420578 0.431957 0.420578 0.421801 0.407942 0.408937 0.401625 0.406906 0.376354 0.405552 0.352888 0.400812 0.344765 0.396750 0.342960 0.392688 0.335740 0.387949 0.334838 0.384563 0.330325 0.382532
5 0.555054 0.348003 0.544224 0.338524 0.522563 0.332431 0.521661 0.330399 0.528881 0.323629 0.531588 0.316858 0.528881 0.314827 0.505415 0.314827 0.498195 0.305349 0.485560 0.307380 0.481949 0.309411 0.460289 0.307380 0.453971 0.308734 0.450361 0.311442 0.412455 0.321598 0.402527 0.321598 0.399819 0.318213 0.398917 0.323629 0.395307 0.326337 0.384477 0.329722 0.374549 0.337170 0.361011 0.356127 0.358303 0.365606 0.344765 0.379824 0.344765 0.382532 0.347473 0.384563 0.344765 0.389980 0.346570 0.390657 0.349278 0.387949 0.349278 0.392011 0.352888 0.396750 0.355596 0.396750 0.363718 0.401490 0.372744 0.402167 0.376354 0.404198 0.408845 0.406229 0.411552 0.408260 0.416065 0.407583 0.418773 0.408937 0.423285 0.406229 0.435921 0.406229 0.441336 0.403521 0.464801 0.397427 0.471119 0.391334 0.480144 0.388626 0.488267 0.379824 0.502708 0.373731 0.510830 0.373053 0.518953 0.364929 0.522563 0.364929 0.531588 0.360190 0.548736 0.354773 0.555054 0.350711
4 0.571300 0.427894 0.571300 0.438050 0.583032 0.441435 0.589350 0.448206 0.593863 0.449560 0.600181 0.448206 0.611011 0.450237 0.619134 0.448206 0.620939 0.444144 0.620036 0.431280 0.610108 0.421801 0.592058 0.418416 0.579422 0.421124
4 0.540614 0.490183 0.526173 0.493568 0.509928 0.501693 0.508123 0.517942 0.515343 0.530129 0.526173 0.537576 0.536101 0.540284 0.549639 0.540284 0.557762 0.538253 0.560469 0.532837 0.549639 0.528775 0.542419 0.522004 0.540614 0.517942 0.543321 0.514557 0.543321 0.510494 0.539711 0.507109 0.538809 0.503047 0.540614 0.501016 0.556859 0.499661 0.557762 0.497630 0.553249 0.492891
4 0.681408 0.497630 0.670578 0.503724 0.666065 0.511171 0.661552 0.526743 0.661552 0.533514 0.666968 0.542316 0.675993 0.549086 0.685921 0.553825 0.694043 0.554502 0.703971 0.551794 0.717509 0.542993 0.722022 0.531483 0.722022 0.524712 0.720217 0.518619 0.713899 0.512525 0.706679 0.510494 0.703069 0.505755 0.693141 0.499661
4 0.622744 0.480704 0.611011 0.482058 0.606498 0.488152 0.603791 0.521327 0.606498 0.534191 0.611913 0.539607 0.620036 0.539607 0.626354 0.536899 0.635379 0.498984 0.634477 0.486121
4 0.641697 0.454976 0.637184 0.463101 0.637184 0.469871 0.640794 0.478673 0.644404 0.480704 0.654332 0.481381 0.660650 0.485443 0.669675 0.495599 0.674188 0.494922 0.675993 0.492214 0.675090 0.485443 0.659747 0.467163 0.655235 0.457007 0.651625 0.454299
4 0.567690 0.466486 0.562274 0.469871 0.560469 0.477996 0.564079 0.491537 0.569495 0.497630 0.576715 0.500339 0.586643 0.507786 0.592960 0.507786 0.595668 0.501016 0.581227 0.471903 0.575812 0.466486
4 0.589350 0.465132 0.582130 0.469194 0.582130 0.472580 0.587545 0.484089 0.596570 0.492891 0.608303 0.477996 0.610108 0.469871 0.593863 0.465132
4 0.592058 0.364929 0.583935 0.356804 0.575812 0.354096 0.563177 0.354773 0.539711 0.360190 0.537906 0.362898 0.537906 0.366960 0.542419 0.374408 0.546931 0.377793 0.561372 0.379147 0.572202 0.376439 0.583032 0.377116 0.591155 0.371022
4 0.766245 0.549086 0.762635 0.549086 0.755415 0.554502 0.739170 0.554502 0.733755 0.562627 0.733755 0.570074 0.739170 0.578876 0.747292 0.584292 0.758123 0.587678 0.771661 0.585647 0.777076 0.580907 0.778881 0.574814 0.778881 0.567366 0.775271 0.555856 0.772563 0.551794
4 0.751805 0.483412 0.748195 0.498307 0.743682 0.502370 0.744585 0.509817 0.756318 0.515911 0.766245 0.517265 0.773466 0.514557 0.780686 0.508463 0.782491 0.503724 0.780686 0.492891 0.772563 0.485443
4 0.493682 0.645904 0.499097 0.655383 0.509025 0.658091 0.523466 0.664861 0.538809 0.675694 0.546029 0.675017 0.555054 0.666892 0.555054 0.662153 0.549639 0.656737 0.521661 0.643196 0.500903 0.639810 0.498195 0.644550
6 0.564079 0.354096 0.560469 0.356127 0.548736 0.356804 0.546029 0.358835 0.530686 0.361544 0.530686 0.366283 0.522563 0.371022 0.522563 0.373053 0.518051 0.372376 0.509025 0.377116 0.507220 0.381178 0.501805 0.385240 0.498195 0.384563 0.490072 0.389303 0.474729 0.392011 0.454874 0.408260 0.451264 0.406906 0.446751 0.409614 0.438628 0.410968 0.438628 0.413676 0.449458 0.415030 0.452166 0.419093 0.450361 0.420447 0.448556 0.418416 0.445848 0.418416 0.444043 0.421124 0.438628 0.419093 0.431408 0.423832 0.427798 0.423832 0.429603 0.430603 0.435921 0.429926 0.439531 0.431280 0.436823 0.432634 0.429603 0.432634 0.425090 0.436019 0.418773 0.445498 0.415162 0.457684 0.415162 0.465809 0.412455 0.471225 0.413357 0.475288 0.411552 0.481381 0.407942 0.482058 0.409747 0.486798 0.407040 0.488152 0.407040 0.490860 0.411552 0.492891 0.413357 0.497630 0.396209 0.516588 0.398917 0.530806 0.413357 0.541638 0.415162 0.547732 0.424188 0.556534 0.422383 0.559242 0.424188 0.572106 0.421480 0.574814 0.422383 0.580907 0.419675 0.588355 0.419675 0.599865 0.421480 0.607989 0.429603 0.612729 0.430505 0.616114 0.446751 0.622884 0.474729 0.626947 0.478339 0.631686 0.490072 0.631009 0.491877 0.633717 0.500000 0.635071 0.500903 0.638456 0.504513 0.636425 0.508123 0.639133 0.513538 0.637779 0.517148 0.641165 0.528881 0.641165 0.537906 0.643873 0.540614 0.647258 0.545126 0.645904 0.548736 0.648612 0.552347 0.647935 0.564982 0.653351 0.574007 0.654028 0.580325 0.649966 0.587545 0.647935 0.598375 0.639133 0.601083 0.633717 0.608303 0.629655 0.610108 0.618822 0.616426 0.610020 0.620036 0.607989 0.618231 0.603250 0.622744 0.597833 0.626354 0.601219 0.631769 0.601219 0.633574 0.609343 0.638989 0.609343 0.640794 0.616791 0.645307 0.618822 0.640794 0.620853 0.640794 0.624915 0.644404 0.624915 0.646209 0.622884 0.648917 0.624915 0.653430 0.624915 0.655235 0.617468 0.652527 0.614760 0.655235 0.612729 0.655235 0.610020 0.659747 0.607989 0.657040 0.603927 0.662455 0.600542 0.666968 0.600542 0.666065 0.595802 0.678700 0.595802 0.680505 0.600542 0.685921 0.598510 0.688628 0.601219 0.693141 0.599865 0.694946 0.601896 0.713899 0.602573 0.716606 0.598510 0.721119 0.600542 0.724729 0.597833 0.729242 0.600542 0.732852 0.597156 0.737365 0.598510 0.747292 0.595802 0.756318 0.589709 0.763538 0.588355 0.774368 0.583615 0.777076 0.578199 0.774368 0.552471 0.784296 0.538930 0.784296 0.535545 0.780686 0.532837 0.778881 0.527420 0.768953 0.521327 0.783394 0.505755 0.783394 0.497630 0.778881 0.486121 0.784296 0.481381 0.785199 0.475288 0.776173 0.466486 0.771661 0.467163 0.768953 0.465132 0.756318 0.465132 0.752708 0.463101 0.742780 0.461747 0.736462 0.457007 0.729242 0.455653 0.721119 0.445498 0.723827 0.435342 0.717509 0.423832 0.713899 0.423155 0.702166 0.415030 0.693141 0.413676 0.689531 0.411645 0.685921 0.412999 0.680505 0.408260 0.677798 0.401490 0.656137 0.383209 0.643502 0.378470 0.621841 0.378470 0.616426 0.375762 0.607401 0.374408 0.596570 0.368314 0.584838 0.357481
