5 0.368659 0.475741 0.360507 0.484501 0.355978 0.504717 0.359601 0.518194 0.367754 0.528976 0.384058 0.537062 0.391304 0.537062 0.413043 0.532345 0.423007 0.528302 0.432971 0.518868 0.432971 0.501348 0.428442 0.494609 0.419384 0.486523 0.403986 0.479111 0.394022 0.478437 0.380435 0.474394
5 0.472826 0.452156 0.471014 0.458895 0.478261 0.466307 0.480072 0.471024 0.479167 0.478437 0.482790 0.482480 0.495471 0.484501 0.519022 0.483154 0.526268 0.480458 0.532609 0.475067 0.534420 0.471024 0.533514 0.466981 0.525362 0.459569 0.520833 0.449461 0.510870 0.444744 0.499094 0.444744 0.478261 0.449461
5 0.555254 0.384771 0.546196 0.378706 0.528080 0.370620 0.512681 0.369272 0.503623 0.371294 0.492754 0.378032 0.490942 0.382075 0.485507 0.386792 0.483696 0.391509 0.484601 0.406334 0.492754 0.411725 0.497283 0.417116 0.500000 0.415768 0.499094 0.407008 0.500906 0.405660 0.509964 0.411051 0.512681 0.410377 0.527174 0.413747 0.532609 0.413073 0.538949 0.409704 0.541667 0.402965 0.548913 0.393531 0.557065 0.388814
5 0.471014 0.412399 0.467391 0.416442 0.462862 0.428571 0.467391 0.439353 0.471920 0.444070 0.475543 0.445418 0.488225 0.445418 0.497283 0.442722 0.507246 0.442722 0.513587 0.439353 0.515399 0.429919 0.509058 0.423854 0.498188 0.421159 0.493659 0.418464 0.489130 0.412399 0.483696 0.409704 0.477355 0.409704
5 0.301630 0.423854 0.300725 0.440701 0.309783 0.448787 0.324275 0.454178 0.328804 0.459569 0.339674 0.462264 0.351449 0.467655 0.359601 0.468329 0.392210 0.477089 0.412138 0.476415 0.421196 0.473720 0.424819 0.469677 0.434783 0.467655 0.437500 0.463612 0.451993 0.453504 0.456522 0.440701 0.455616 0.435310 0.439312 0.437332 0.426630 0.444070 0.413043 0.444744 0.403080 0.454178 0.388587 0.460916 0.366848 0.460243 0.361413 0.457547 0.357790 0.457547 0.346920 0.450135 0.347826 0.447439 0.340580 0.444070 0.334239 0.437332 0.329710 0.437332 0.326087 0.435310 0.327899 0.428571 0.326993 0.414420 0.316123 0.415094
5 0.685688 0.471698 0.675725 0.469677 0.657609 0.469677 0.642210 0.473046 0.628623 0.478437 0.617754 0.487197 0.617754 0.494609 0.621377 0.501348 0.627717 0.506065 0.641304 0.511456 0.650362 0.512129 0.668478 0.507412 0.673007 0.504717 0.677536 0.497978 0.689312 0.491240 0.691123 0.479784
5 0.718297 0.520216 0.713768 0.521563 0.704710 0.533693 0.692029 0.535040 0.682971 0.541105 0.682971 0.545822 0.692935 0.563342 0.708333 0.561321 0.717391 0.555930 0.727355 0.546496 0.730072 0.528302
5 0.609601 0.629380 0.604167 0.626011 0.594203 0.624663 0.580616 0.625337 0.567029 0.629380 0.547101 0.642183 0.543478 0.650270 0.543478 0.655660 0.547101 0.663073 0.555254 0.665094 0.576993 0.662399 0.598732 0.654313 0.608696 0.646900 0.610507 0.643531 0.611413 0.633423
5 0.527174 0.652291 0.510870 0.651617 0.500000 0.653639 0.492754 0.657008 0.488225 0.663747 0.487319 0.671159 0.489130 0.678571 0.494565 0.685984 0.509058 0.694744 0.520833 0.694744 0.528080 0.692049 0.538043 0.685310 0.542572 0.678571 0.543478 0.665768 0.538043 0.658356
5 0.318841 0.524933 0.310688 0.522237 0.300725 0.522911 0.290761 0.526954 0.284420 0.532345 0.282609 0.545822 0.287138 0.554582 0.300725 0.556604 0.311594 0.555930 0.329710 0.550539 0.330616 0.541105
5 0.298007 0.493935 0.288949 0.493935 0.279891 0.495957 0.274457 0.499326 0.270833 0.505391 0.270833 0.517520 0.275362 0.526280 0.281703 0.531671 0.287138 0.530997 0.294384 0.524933 0.308877 0.518868 0.307065 0.513477 0.303442 0.511456 0.304348 0.500000
5 0.336957 0.555256 0.335145 0.553235 0.327899 0.551213 0.292572 0.555256 0.283514 0.559973 0.281703 0.563342 0.282609 0.569407 0.289855 0.573450 0.318841 0.572102 0.326993 0.569407 0.335145 0.564016 0.337862 0.560647
5 0.385870 0.544474 0.378623 0.543801 0.368659 0.548518 0.349638 0.562668 0.329710 0.571429 0.328804 0.576819 0.340580 0.580189 0.349638 0.579515 0.355072 0.573450 0.373188 0.563342 0.382246 0.555256 0.386775 0.549191
5 0.410326 0.551887 0.411232 0.554582 0.419384 0.560647 0.425725 0.561995 0.439312 0.570081 0.464674 0.580863 0.482790 0.581536 0.498188 0.580189 0.502717 0.577493 0.509964 0.578167 0.525362 0.576146 0.522645 0.571429 0.501812 0.572102 0.461957 0.566712 0.421196 0.549865 0.413043 0.549865
5 0.580616 0.472372 0.570652 0.473046 0.567935 0.475067 0.564312 0.474394 0.563406 0.485175 0.557971 0.487197 0.549819 0.500000 0.548007 0.520889 0.545290 0.524933 0.541667 0.526280 0.537138 0.523585 0.528986 0.522911 0.526268 0.519542 0.523551 0.520216 0.523551 0.522237 0.528986 0.522911 0.528986 0.525606 0.543478 0.530323 0.545290 0.532345 0.545290 0.537062 0.540761 0.547170 0.539855 0.570081 0.541667 0.572102 0.545290 0.572102 0.558877 0.565364 0.572464 0.551213 0.576993 0.549191 0.576993 0.545148 0.565217 0.549191 0.562500 0.547844 0.558877 0.525606 0.563406 0.504717 0.563406 0.485849 0.584239 0.482480
5 0.567935 0.471024 0.555254 0.472372 0.537138 0.486523 0.536232 0.491240 0.546196 0.496631 0.552536 0.496631 0.570652 0.475067
5 0.535326 0.488544 0.535326 0.491914 0.545290 0.496631 0.553442 0.496631 0.557971 0.492588 0.563406 0.491240 0.564312 0.497305 0.568841 0.500674 0.585145 0.502022 0.590580 0.497305 0.589674 0.485175 0.584239 0.479111 0.579710 0.479111 0.575181 0.483154 0.571558 0.483827 0.567935 0.479784 0.570652 0.473720 0.564312 0.471698 0.554348 0.473046 0.547101 0.478437 0.545290 0.482480
4 0.368659 0.376685 0.353261 0.387466 0.345109 0.395553 0.341486 0.402291 0.333333 0.407682 0.328804 0.415768 0.331522 0.434636 0.344203 0.452156 0.353261 0.459569 0.364130 0.464960 0.383152 0.466307 0.396739 0.462264 0.409420 0.462264 0.412138 0.460916 0.413949 0.462264 0.413949 0.471024 0.419384 0.472372 0.423007 0.475741 0.432065 0.479784 0.451993 0.482480 0.468297 0.482480 0.473732 0.480458 0.477355 0.474394 0.476449 0.470350 0.470109 0.466981 0.469203 0.462264 0.465580 0.458221 0.448370 0.450809 0.442935 0.451482 0.435688 0.445418 0.428442 0.446765 0.420290 0.446092 0.411232 0.439353 0.410326 0.436658 0.412138 0.433288 0.423007 0.435984 0.439312 0.435310 0.442935 0.432615 0.448370 0.434636 0.452899 0.431941 0.461957 0.419811 0.467391 0.402291 0.460145 0.380054 0.451993 0.369272 0.442029 0.365903 0.423007 0.364555
4 0.710145 0.413073 0.697464 0.397574 0.685688 0.390836 0.664855 0.384097 0.630435 0.378706 0.618659 0.378706 0.599638 0.382075 0.575181 0.384097 0.556159 0.391509 0.546196 0.398248 0.540761 0.407008 0.539855 0.419137 0.531703 0.429919 0.530797 0.435984 0.525362 0.444744 0.525362 0.451482 0.528986 0.454178 0.531703 0.460916 0.536232 0.461590 0.539855 0.460243 0.553442 0.448113 0.568841 0.425202 0.576087 0.425876 0.580616 0.423181 0.599638 0.419137 0.602355 0.425202 0.603261 0.440027 0.613225 0.448113 0.643116 0.458895 0.656703 0.458895 0.678442 0.455526 0.688406 0.452830 0.701087 0.444744 0.711051 0.427898
4 0.391304 0.555256 0.382246 0.562668 0.375906 0.565364 0.373188 0.569407 0.359601 0.580189 0.346920 0.601078 0.344203 0.610512 0.345109 0.619946 0.359601 0.640162 0.377717 0.656334 0.395833 0.664420 0.405797 0.666442 0.442935 0.666442 0.460145 0.663073 0.475543 0.657682 0.482790 0.653639 0.490036 0.645553 0.501812 0.639488 0.514493 0.623315 0.521739 0.599730 0.520833 0.586927 0.517210 0.580863 0.514493 0.578841 0.476449 0.582210 0.469203 0.584232 0.459239 0.591644 0.451993 0.580189 0.452899 0.576146 0.450181 0.574124 0.440217 0.572102 0.433877 0.566038 0.412138 0.555256 0.409420 0.555256 0.407609 0.552561 0.402174 0.551887
4 0.564312 0.503369 0.560688 0.515499 0.560688 0.522911 0.564312 0.526954 0.573370 0.526954 0.579710 0.529650 0.590580 0.530997 0.605978 0.545148 0.603261 0.547844 0.584239 0.549191 0.571558 0.557951 0.567029 0.566712 0.565217 0.580189 0.567029 0.588949 0.573370 0.599730 0.586957 0.613881 0.610507 0.624663 0.629529 0.625337 0.654891 0.619272 0.675725 0.606469 0.680254 0.599730 0.687500 0.569407 0.686594 0.555256 0.682065 0.546496 0.663043 0.525606 0.651268 0.516846 0.619565 0.504043 0.602355 0.502022 0.584239 0.506065 0.572464 0.503369
6 0.501812 0.345013 0.486413 0.349057 0.481884 0.358491 0.466486 0.362534 0.412138 0.362534 0.403986 0.367251 0.393116 0.367925 0.387681 0.372642 0.360507 0.378032 0.355978 0.385445 0.345109 0.391509 0.340580 0.401617 0.334239 0.406334 0.329710 0.407008 0.324275 0.411725 0.314312 0.415094 0.311594 0.419137 0.303442 0.423854 0.300725 0.442722 0.289855 0.457547 0.288949 0.466981 0.282609 0.477763 0.280797 0.487871 0.283514 0.494609 0.278986 0.499326 0.271739 0.502022 0.269928 0.507412 0.270833 0.518868 0.282609 0.534367 0.281703 0.568733 0.288949 0.583558 0.287138 0.588275 0.294384 0.597035 0.296196 0.595687 0.295290 0.592318 0.299819 0.588949 0.303442 0.600404 0.301630 0.613208 0.306159 0.621294 0.309783 0.623315 0.320652 0.622642 0.319746 0.611860 0.321558 0.610512 0.326993 0.611860 0.330616 0.607817 0.336957 0.611860 0.336051 0.619272 0.330616 0.628706 0.330616 0.634097 0.334239 0.638140 0.342391 0.640162 0.358696 0.640836 0.375906 0.655660 0.385870 0.658356 0.392210 0.664420 0.407609 0.668464 0.443841 0.668464 0.451087 0.667116 0.457428 0.663747 0.469203 0.662399 0.478261 0.657682 0.486413 0.657008 0.486413 0.670485 0.491848 0.677898 0.493659 0.683962 0.509964 0.693396 0.528986 0.690701 0.532609 0.685984 0.537138 0.685310 0.544384 0.673854 0.543478 0.663747 0.545290 0.662399 0.553442 0.664420 0.576087 0.663073 0.580616 0.656334 0.591486 0.655660 0.601449 0.648248 0.615942 0.643531 0.618659 0.640836 0.625906 0.644879 0.638587 0.644879 0.648551 0.638140 0.653986 0.631402 0.658514 0.617251 0.666667 0.611186 0.675725 0.607143 0.678442 0.603774 0.685688 0.584906 0.689312 0.565364 0.709239 0.560647 0.716486 0.555930 0.720109 0.549191 0.725543 0.545822 0.726449 0.535714 0.731884 0.530323 0.731884 0.504717 0.737319 0.491914 0.734601 0.482480 0.734601 0.466981 0.730978 0.462938 0.724638 0.464286 0.720109 0.460916 0.715580 0.451482 0.711957 0.448787 0.713768 0.429919 0.711957 0.411725 0.710145 0.408356 0.703804 0.405660 0.699275 0.394879 0.695652 0.392857 0.674819 0.389488 0.668478 0.383423 0.653986 0.381402 0.644928 0.378032 0.581522 0.376011 0.574275 0.369272 0.571558 0.360512 0.557065 0.353774 0.537138 0.352426 0.529891 0.345687
