6 0.324910 0.356127 0.313177 0.358158 0.305957 0.364252 0.295126 0.377793 0.287906 0.383209 0.255415 0.388626 0.245487 0.388626 0.235560 0.392011 0.227437 0.400135 0.219314 0.415708 0.219314 0.436696 0.225632 0.450237 0.227437 0.467840 0.234657 0.483412 0.240072 0.490183 0.250903 0.514557 0.256318 0.520650 0.255415 0.524035 0.215704 0.501016 0.179603 0.483412 0.169675 0.473934 0.161552 0.455653 0.157942 0.455653 0.148917 0.462424 0.139892 0.473257 0.126354 0.482735 0.111011 0.501016 0.111011 0.505755 0.133574 0.552471 0.141697 0.578199 0.150722 0.597833 0.164260 0.612051 0.188628 0.631686 0.222022 0.655383 0.227437 0.656737 0.234657 0.656060 0.238267 0.652674 0.240072 0.643196 0.247292 0.632363 0.248195 0.622207 0.246390 0.612729 0.256318 0.603250 0.271661 0.594448 0.284296 0.583615 0.296931 0.578199 0.304152 0.571429 0.305054 0.563304 0.302347 0.557888 0.279783 0.540961 0.295126 0.537576 0.306859 0.529452 0.308664 0.524712 0.315884 0.517265 0.329422 0.512525 0.339350 0.505078 0.344765 0.498984 0.343863 0.480027 0.345668 0.476642 0.349278 0.473934 0.364621 0.473257 0.370036 0.470548 0.366426 0.454299 0.346570 0.414353 0.344765 0.404198 0.336643 0.383886 0.335740 0.375762 0.330325 0.369668 0.328520 0.358835
6 0.678700 0.499661 0.675993 0.504401 0.675993 0.515234 0.679603 0.522004 0.695848 0.533514 0.717509 0.559242 0.723827 0.569397 0.731047 0.576168 0.751805 0.587678 0.782491 0.617468 0.810469 0.628301 0.814079 0.631009 0.824007 0.632363 0.829422 0.635748 0.833935 0.635748 0.847473 0.643196 0.852888 0.649966 0.861011 0.656060 0.873646 0.658768 0.875451 0.656737 0.874549 0.637779 0.866426 0.618145 0.862816 0.614760 0.858303 0.602573 0.842960 0.581584 0.825812 0.564658 0.795126 0.542993 0.776173 0.532837 0.742780 0.522681 0.733755 0.516588 0.711191 0.507786 0.707581 0.503724 0.694043 0.498307 0.682310 0.498307
6 0.816787 0.658091 0.806859 0.653351 0.799639 0.651997 0.785199 0.643196 0.779783 0.642519 0.777978 0.644550 0.775271 0.644550 0.773466 0.641842 0.778881 0.639810 0.778881 0.638456 0.769856 0.633717 0.760830 0.631009 0.755415 0.632363 0.748195 0.626947 0.731949 0.626947 0.727437 0.630332 0.722924 0.639133 0.712996 0.641165 0.705776 0.646581 0.697653 0.645227 0.689531 0.645904 0.681408 0.654028 0.679603 0.659445 0.684116 0.664861 0.684116 0.667569 0.677798 0.672986 0.677798 0.677725 0.672383 0.677725 0.673285 0.685850 0.670578 0.689235 0.669675 0.696005 0.671480 0.704807 0.678700 0.710900 0.685018 0.713609 0.693141 0.721733 0.698556 0.723764 0.702166 0.723764 0.704874 0.720379 0.707581 0.722410 0.714801 0.723764 0.755415 0.720379 0.763538 0.715640 0.785199 0.708192 0.801444 0.704807 0.801444 0.701422 0.808664 0.695328 0.813177 0.685173 0.824007 0.678402 0.821300 0.665538
6 0.518953 0.480027 0.515343 0.469871 0.501805 0.468517 0.498195 0.465132 0.490975 0.463101 0.475632 0.467840 0.464801 0.465809 0.430505 0.465132 0.427798 0.467840 0.419675 0.466486 0.398014 0.466486 0.376354 0.470548 0.365523 0.475288 0.352888 0.474611 0.346570 0.477996 0.345668 0.486798 0.350181 0.496953 0.358303 0.502370 0.359206 0.511848 0.374549 0.519296 0.378159 0.530806 0.380866 0.532837 0.388087 0.532837 0.400722 0.529452 0.421480 0.527420 0.436823 0.522681 0.443141 0.517942 0.452166 0.516588 0.454874 0.514557 0.452166 0.500339 0.454874 0.498307 0.466606 0.504401 0.472022 0.501016 0.474729 0.503047 0.476534 0.509140 0.482852 0.513202 0.497292 0.510494 0.500903 0.501016 0.514440 0.492891
6 0.058664 0.301963 0.052347 0.299932 0.037004 0.299255 0.026173 0.302640 0.013538 0.310765 0.010830 0.316858 0.011733 0.320244 0.030686 0.338524 0.037906 0.339201 0.056859 0.334462 0.073105 0.326337 0.075812 0.319567 0.074910 0.314150
6 0.131769 0.274204 0.118231 0.272850 0.095668 0.282329 0.087545 0.287745 0.084838 0.291808 0.084838 0.298578 0.086643 0.303318 0.094765 0.311442 0.102888 0.313473 0.117329 0.313473 0.125451 0.311442 0.146209 0.300609 0.148917 0.292485 0.145307 0.283683
6 0.220217 0.283006 0.214801 0.275559 0.207581 0.270142 0.191336 0.268788 0.172383 0.270819 0.163357 0.274204 0.154332 0.282329 0.152527 0.289100 0.153430 0.295870 0.157040 0.299932 0.164260 0.301963 0.175090 0.301963 0.185018 0.299932 0.197653 0.301286 0.210289 0.300609 0.218412 0.294516 0.221119 0.287068
6 0.000000 0.317536 0.000000 0.375762 0.002708 0.375762 0.022563 0.359513 0.028881 0.348003 0.028881 0.339878 0.021661 0.330399 0.006318 0.318890
6 0.645307 0.151659 0.637184 0.145565 0.627256 0.142180 0.613718 0.142180 0.601083 0.146242 0.594765 0.149628 0.586643 0.158429 0.583032 0.165200 0.583032 0.175355 0.589350 0.179418 0.606498 0.181449 0.636282 0.178741 0.649819 0.168585 0.650722 0.161814
6 0.654332 0.136087 0.649819 0.139472 0.646209 0.147596 0.648917 0.155721 0.657040 0.167908 0.665162 0.171970 0.682310 0.171970 0.694043 0.167231 0.704874 0.153013 0.704874 0.145565 0.703069 0.143534 0.671480 0.133378 0.662455 0.133378
6 0.730144 0.144888 0.711191 0.155044 0.704874 0.165200 0.704874 0.171293 0.706679 0.175355 0.712094 0.179418 0.730144 0.184834 0.742780 0.185511 0.749097 0.182803 0.752708 0.177387 0.766245 0.167231 0.768051 0.161137 0.766245 0.157075 0.756318 0.150305 0.740975 0.144888
6 0.751805 0.180095 0.752708 0.187542 0.763538 0.190928 0.775271 0.200406 0.781588 0.200406 0.792419 0.197021 0.810469 0.195667 0.814982 0.192959 0.816787 0.189573 0.815884 0.182126 0.810469 0.173324 0.795126 0.166554 0.786101 0.164523 0.777076 0.164523 0.767148 0.167231 0.758123 0.172647
6 0.775271 0.203791 0.772563 0.211239 0.772563 0.221395 0.777076 0.226134 0.793321 0.227488 0.817690 0.234936 0.824910 0.234936 0.829422 0.232905 0.841155 0.221395 0.842058 0.215978 0.838448 0.209208 0.827617 0.199052 0.822202 0.196344 0.796029 0.196344 0.782491 0.199052
6 0.755415 0.243060 0.755415 0.245768 0.758123 0.247123 0.785199 0.250508 0.800542 0.255247 0.805054 0.258632 0.812274 0.257278 0.824910 0.248477 0.824007 0.239675 0.818592 0.234936 0.806859 0.230873 0.803249 0.231550 0.796931 0.228165 0.785199 0.226811 0.771661 0.228165 0.759025 0.236967
6 0.727437 0.382532 0.726534 0.385917 0.734657 0.389980 0.755415 0.395396 0.794224 0.409614 0.851986 0.438050 0.881769 0.455653 0.923285 0.491537 0.927798 0.492214 0.936823 0.486121 0.940433 0.473257 0.941336 0.425863 0.930505 0.387949 0.926895 0.384563 0.919675 0.369668 0.914260 0.348680 0.899819 0.335139 0.894404 0.322952 0.894404 0.318213 0.888989 0.312119 0.876354 0.313473 0.872744 0.316181 0.837545 0.324306 0.830325 0.329045 0.797834 0.342586 0.769856 0.360190 0.742780 0.372376
6 0.984657 0.283683 0.961191 0.285037 0.935018 0.291131 0.915162 0.291131 0.907040 0.292485 0.903430 0.296547 0.903430 0.310088 0.907942 0.331754 0.917870 0.353419 0.922383 0.374408 0.934116 0.394042 0.937726 0.412322 0.942238 0.423832 0.954874 0.432634 0.967509 0.435342 0.974729 0.435342 1.000000 0.429248 1.000000 0.287745
0 0.799639 0.256601 0.787906 0.251185 0.776173 0.248477 0.750903 0.248477 0.719314 0.251862 0.703971 0.256601 0.684116 0.267434 0.673285 0.270142 0.665162 0.274204 0.661552 0.278267 0.661552 0.283683 0.669675 0.290454 0.679603 0.303318 0.684116 0.304672 0.703971 0.303995 0.749097 0.297224 0.782491 0.288422 0.796931 0.280298 0.802347 0.264726 0.802347 0.260664
0 0.287004 0.618145 0.267148 0.627624 0.264440 0.632363 0.253610 0.641165 0.243682 0.658091 0.235560 0.688558 0.235560 0.708869 0.244585 0.748138 0.249097 0.752200 0.255415 0.765064 0.266245 0.775897 0.273466 0.780636 0.298736 0.789438 0.319495 0.790115 0.349278 0.788084 0.379964 0.780636 0.390794 0.773189 0.398917 0.764387 0.398917 0.757617 0.393502 0.746784 0.391697 0.725118 0.400722 0.695328 0.412455 0.686527 0.412455 0.681110 0.407942 0.672986 0.402527 0.666892 0.389892 0.660122 0.374549 0.656060 0.370036 0.653351 0.372744 0.636425 0.369134 0.632363 0.363718 0.629655 0.343863 0.635071 0.336643 0.632363 0.335740 0.627624 0.340253 0.622207 0.339350 0.618145 0.333032 0.616114 0.325812 0.616791 0.320397 0.615437 0.317690 0.616791 0.313177 0.615437 0.314079 0.621530 0.310469 0.626269 0.311372 0.635071 0.302347 0.637779 0.296931 0.635071 0.296931 0.618822 0.292419 0.617468
4 0.314982 0.352742 0.310469 0.348680 0.299639 0.345972 0.287906 0.339878 0.284296 0.340555 0.279783 0.335816 0.269856 0.332431 0.251805 0.334462 0.248195 0.331077 0.242780 0.331077 0.239170 0.333108 0.227437 0.333108 0.224729 0.335139 0.220217 0.334462 0.214801 0.339878 0.210289 0.341232 0.211191 0.343263 0.215704 0.343263 0.221119 0.345972 0.218412 0.352065 0.209386 0.350711 0.205776 0.348680 0.184116 0.349357 0.168773 0.352065 0.157040 0.356804 0.155235 0.366960 0.157942 0.370345 0.156137 0.373731 0.143502 0.376439 0.139892 0.379147 0.138087 0.386594 0.130866 0.390657 0.124549 0.387271 0.123646 0.383886 0.119134 0.386594 0.115523 0.384563 0.111913 0.385240 0.108303 0.375762 0.103791 0.377116 0.101986 0.375762 0.095668 0.376439 0.092960 0.373731 0.092960 0.368991 0.089350 0.368314 0.087545 0.369668 0.083935 0.364252 0.079422 0.363575 0.076715 0.360867 0.066787 0.360867 0.055054 0.364252 0.051444 0.367637 0.047834 0.366283 0.043321 0.366960 0.040614 0.370345 0.031588 0.372376 0.025271 0.377793 0.020758 0.377793 0.016245 0.379824 0.002708 0.393365 0.000000 0.394042 0.000000 0.487475 0.009025 0.489506 0.061372 0.487475 0.064982 0.484766 0.078520 0.484089 0.097473 0.479350 0.108303 0.478673 0.115523 0.475965 0.123646 0.475288 0.134477 0.469871 0.138989 0.469194 0.149819 0.455653 0.160650 0.451591 0.166968 0.454299 0.173285 0.461070 0.181408 0.460393 0.189531 0.454976 0.203971 0.452268 0.217509 0.444821 0.218412 0.438050 0.215704 0.427894 0.217509 0.424509 0.217509 0.413676 0.219314 0.407583 0.227437 0.398104 0.237365 0.389980 0.250903 0.383886 0.284296 0.380501 0.296029 0.373731 0.303249 0.362221 0.312274 0.356804
4 0.453971 0.264726 0.468412 0.269465 0.470217 0.272173 0.476534 0.270819 0.481949 0.272850 0.485560 0.279621 0.502708 0.281652 0.508123 0.283683 0.524368 0.295193 0.532491 0.294516 0.533394 0.291131 0.537906 0.292485 0.537906 0.287745 0.539711 0.287068 0.543321 0.289100 0.546931 0.295193 0.541516 0.297224 0.543321 0.299932 0.548736 0.297901 0.561372 0.299932 0.581227 0.281652 0.601083 0.274882 0.621841 0.272850 0.649819 0.279621 0.658845 0.277590 0.671480 0.270142 0.675090 0.265403 0.685018 0.264726 0.690433 0.257278 0.698556 0.257278 0.702166 0.255247 0.703069 0.245768 0.694043 0.236967 0.690433 0.237644 0.688628 0.236290 0.687726 0.226811 0.689531 0.223426 0.686823 0.220718 0.689531 0.218687 0.693141 0.219364 0.694043 0.213270 0.684116 0.208531 0.680505 0.208531 0.675090 0.213947 0.673285 0.213270 0.675090 0.209208 0.670578 0.207854 0.662455 0.209208 0.640794 0.208531 0.638989 0.210562 0.631769 0.211239 0.627256 0.213947 0.621841 0.211239 0.615523 0.215301 0.616426 0.218687 0.621841 0.220718 0.627256 0.219364 0.629061 0.221395 0.627256 0.223426 0.622744 0.222072 0.619134 0.224103 0.620036 0.228165 0.614621 0.234259 0.610108 0.230873 0.609206 0.226134 0.605596 0.222749 0.600181 0.220041 0.594765 0.220718 0.591155 0.218687 0.592960 0.211916 0.596570 0.209208 0.593863 0.205146 0.597473 0.203791 0.598375 0.199729 0.592960 0.197021 0.592960 0.194313 0.586643 0.187542 0.581227 0.184834 0.572202 0.184157 0.569495 0.182126 0.569495 0.177387 0.564982 0.176032 0.563177 0.178064 0.565884 0.181449 0.563177 0.182803 0.560469 0.188219 0.552347 0.188219 0.549639 0.186865 0.537004 0.187542 0.532491 0.185511 0.528881 0.188896 0.525271 0.188219 0.518953 0.190928 0.508123 0.192282 0.505415 0.196344 0.500000 0.199052 0.499097 0.202437 0.493682 0.204469 0.490975 0.213270 0.475632 0.220718 0.477437 0.233582 0.482852 0.240352 0.481047 0.245091 0.474729 0.250508 0.458484 0.255924 0.453971 0.262018
4 0.854693 0.599188 0.845668 0.588355 0.841155 0.595125 0.843863 0.599188 0.843863 0.608666 0.846570 0.610697 0.843863 0.614760 0.846570 0.618822 0.844765 0.624238 0.847473 0.626269 0.844765 0.632363 0.850181 0.635748 0.850181 0.633717 0.847473 0.633040 0.850181 0.629655 0.851083 0.631686 0.854693 0.631686 0.851083 0.628978 0.851083 0.625592 0.854693 0.624238 0.854693 0.621530 0.851083 0.618822 0.855596 0.616791 0.856498 0.620176 0.859206 0.621530 0.856498 0.625592 0.861011 0.635071 0.859206 0.639810 0.852888 0.644550 0.851083 0.640487 0.846570 0.637102 0.843863 0.640487 0.840253 0.639810 0.837545 0.637102 0.836643 0.639810 0.839350 0.640487 0.839350 0.643196 0.837545 0.644550 0.835740 0.641165 0.833032 0.640487 0.830325 0.644550 0.828520 0.641165 0.831227 0.639810 0.831227 0.637779 0.825812 0.631009 0.827617 0.629655 0.827617 0.625592 0.824910 0.623561 0.826715 0.617468 0.821300 0.621530 0.821300 0.624238 0.824007 0.626269 0.822202 0.628978 0.817690 0.626269 0.810469 0.632363 0.805957 0.631009 0.805054 0.633040 0.801444 0.633040 0.799639 0.630332 0.795126 0.632363 0.793321 0.631009 0.796029 0.628301 0.796029 0.624915 0.793321 0.622884 0.796931 0.620853 0.797834 0.623561 0.800542 0.622884 0.796931 0.620853 0.796931 0.618145 0.793321 0.614760 0.796931 0.613406 0.797834 0.608666 0.800542 0.608666 0.801444 0.612729 0.803249 0.612729 0.804152 0.609343 0.808664 0.607989 0.807762 0.605958 0.804152 0.605281 0.804152 0.602573 0.807762 0.601896 0.808664 0.604604 0.811372 0.604604 0.811372 0.601896 0.808664 0.601219 0.808664 0.598510 0.812274 0.596479 0.811372 0.593771 0.809567 0.594448 0.808664 0.598510 0.804152 0.597833 0.803249 0.593771 0.801444 0.593771 0.798736 0.597833 0.794224 0.594448 0.794224 0.597156 0.796931 0.597833 0.795126 0.601896 0.792419 0.601219 0.792419 0.598510 0.788809 0.599188 0.789711 0.601219 0.793321 0.601896 0.793321 0.605281 0.789711 0.605958 0.789711 0.608666 0.793321 0.609343 0.793321 0.612051 0.788809 0.614083 0.787004 0.619499 0.789711 0.620176 0.789711 0.624238 0.793321 0.625592 0.792419 0.628978 0.788809 0.627624 0.788809 0.625592 0.785199 0.625592 0.783394 0.628301 0.781588 0.624915 0.763538 0.624915 0.760830 0.621530 0.754513 0.624238 0.748195 0.622207 0.749097 0.618145 0.756318 0.614083 0.758123 0.616791 0.755415 0.617468 0.755415 0.620176 0.757220 0.620176 0.757220 0.617468 0.760830 0.616791 0.760830 0.614083 0.757220 0.613406 0.757220 0.610020 0.754513 0.610020 0.751805 0.613406 0.750000 0.608666 0.747292 0.607312 0.749097 0.605281 0.747292 0.599865 0.749097 0.598510 0.749097 0.594448 0.747292 0.593771 0.743682 0.596479 0.744585 0.591063 0.740975 0.588355 0.735560 0.589032 0.733755 0.587001 0.731047 0.587001 0.731047 0.589032 0.728339 0.589709 0.725632 0.586324 0.721119 0.585647 0.722022 0.584292 0.718412 0.582261 0.718412 0.578876 0.715704 0.577522 0.710289 0.583615 0.712996 0.587678 0.711191 0.592417 0.703971 0.596479 0.700361 0.595125 0.703069 0.600542 0.706679 0.601219 0.710289 0.605958 0.710289 0.608666 0.703971 0.614083 0.703971 0.616114 0.709386 0.614760 0.708484 0.619499 0.711191 0.620853 0.711191 0.622884 0.709386 0.624238 0.697653 0.624238 0.694043 0.626269 0.685921 0.640487 0.681408 0.641842 0.671480 0.639810 0.667870 0.640487 0.669675 0.646581 0.665162 0.655383 0.669675 0.658091 0.669675 0.660799 0.657040 0.660122 0.654332 0.656060 0.650722 0.659445 0.646209 0.657414 0.642599 0.660122 0.638087 0.656737 0.636282 0.660122 0.627256 0.663507 0.620036 0.661476 0.611011 0.654705 0.594765 0.651320 0.587545 0.655383 0.585740 0.659445 0.584838 0.701422 0.578520 0.700745 0.574007 0.702099 0.564079 0.700745 0.551444 0.702099 0.546931 0.699391 0.546029 0.695328 0.543321 0.693297 0.546931 0.690589 0.546931 0.687204 0.549639 0.686527 0.549639 0.684496 0.546029 0.683819 0.546931 0.679756 0.549639 0.679079 0.547834 0.674340 0.548736 0.669601 0.546029 0.670955 0.543321 0.669601 0.546029 0.667569 0.546029 0.664861 0.543321 0.664861 0.537906 0.670955 0.533394 0.668923 0.526173 0.674340 0.518051 0.668923 0.512635 0.670955 0.511733 0.668246 0.508123 0.666215 0.511733 0.664184 0.512635 0.666892 0.514440 0.666892 0.514440 0.664861 0.511733 0.664184 0.511733 0.660799 0.508123 0.658768 0.510830 0.653351 0.509025 0.652674 0.507220 0.656060 0.504513 0.654705 0.507220 0.649289 0.504513 0.648612 0.501805 0.651320 0.497292 0.649966 0.500000 0.651997 0.500000 0.656060 0.494585 0.659445 0.492780 0.658091 0.495487 0.656060 0.495487 0.652674 0.491877 0.648612 0.495487 0.645904 0.493682 0.645227 0.492780 0.647935 0.490072 0.648612 0.484657 0.643873 0.487365 0.636425 0.490975 0.635748 0.488267 0.629655 0.490975 0.628978 0.491877 0.626269 0.488267 0.624238 0.488267 0.622207 0.491877 0.620853 0.491877 0.616791 0.494585 0.614760 0.491877 0.616791 0.489170 0.614760 0.491877 0.612729 0.491877 0.609343 0.495487 0.607989 0.491877 0.602573 0.495487 0.599188 0.492780 0.599188 0.490975 0.601896 0.485560 0.598510 0.485560 0.600542 0.480144 0.602573 0.480144 0.599188 0.475632 0.597833 0.475632 0.595125 0.472022 0.595802 0.469314 0.598510 0.469314 0.608666 0.472924 0.610697 0.472924 0.612729 0.470217 0.613406 0.470217 0.617468 0.472022 0.618822 0.469314 0.622207 0.469314 0.625592 0.462996 0.628978 0.460289 0.625592 0.456679 0.625592 0.454874 0.627624 0.453971 0.625592 0.448556 0.624238 0.447653 0.621530 0.444043 0.624915 0.441336 0.623561 0.448556 0.614760 0.445848 0.614083 0.444043 0.616791 0.441336 0.616114 0.441336 0.614083 0.444946 0.612729 0.444043 0.608666 0.441336 0.607989 0.444946 0.605281 0.444946 0.602573 0.438628 0.598510 0.440433 0.602573 0.438628 0.608666 0.441336 0.610020 0.441336 0.612729 0.438628 0.614083 0.440433 0.618822 0.438628 0.624915 0.434116 0.626947 0.437726 0.629655 0.437726 0.632363 0.435018 0.633717 0.436823 0.638456 0.434116 0.639133 0.429603 0.636425 0.429603 0.633040 0.433213 0.630332 0.429603 0.628978 0.428700 0.625592 0.425090 0.626947 0.422383 0.629655 0.425090 0.635071 0.419675 0.641842 0.421480 0.648612 0.424188 0.650643 0.415162 0.660122 0.413357 0.656737 0.410650 0.657414 0.410650 0.659445 0.416065 0.663507 0.418773 0.662830 0.420578 0.664184 0.422383 0.670278 0.426895 0.673663 0.431408 0.674340 0.430505 0.678402 0.435018 0.682464 0.440433 0.681110 0.444043 0.683142 0.447653 0.679756 0.459386 0.681110 0.461191 0.684496 0.451264 0.687204 0.447653 0.685850 0.437726 0.686527 0.421480 0.691943 0.406137 0.691943 0.405235 0.689235 0.403430 0.689235 0.403430 0.691266 0.406137 0.692620 0.398917 0.698037 0.393502 0.727827 0.393502 0.737982 0.397112 0.747461 0.397112 0.753555 0.406137 0.763033 0.416968 0.769127 0.431408 0.772512 0.439531 0.772512 0.447653 0.768450 0.452166 0.768450 0.455776 0.765741 0.458484 0.766418 0.474729 0.754909 0.479242 0.756263 0.486462 0.749492 0.490975 0.750169 0.496390 0.748815 0.499097 0.746107 0.497292 0.740014 0.502708 0.735274 0.504513 0.737982 0.508123 0.738659 0.509025 0.742045 0.512635 0.739336 0.514440 0.740014 0.514440 0.752877 0.516245 0.754909 0.514440 0.768450 0.516245 0.773866 0.528881 0.784022 0.532491 0.781991 0.546931 0.784022 0.555957 0.781991 0.561372 0.783345 0.563177 0.781991 0.576715 0.782668 0.580325 0.781313 0.592960 0.781313 0.602888 0.779282 0.602888 0.775220 0.607401 0.770481 0.608303 0.773189 0.606498 0.775897 0.610108 0.775897 0.613718 0.779282 0.624549 0.800271 0.631769 0.805687 0.639892 0.806364 0.645307 0.804333 0.650722 0.798240 0.654332 0.799594 0.659747 0.796209 0.662455 0.799594 0.679603 0.800948 0.681408 0.803656 0.684116 0.802302 0.686823 0.802979 0.685018 0.808395 0.680505 0.809749 0.680505 0.811781 0.684116 0.813135 0.685018 0.815843 0.686823 0.815166 0.686823 0.811781 0.692238 0.809749 0.694043 0.810427 0.693141 0.815166 0.694946 0.812458 0.698556 0.812458 0.699458 0.815166 0.702166 0.815843 0.703069 0.812458 0.700361 0.809749 0.702166 0.809072 0.705776 0.811104 0.709386 0.809072 0.710289 0.811781 0.706679 0.813135 0.706679 0.816520 0.703971 0.817197 0.703069 0.820582 0.699458 0.820582 0.698556 0.817197 0.695848 0.817197 0.695848 0.820582 0.691336 0.821259 0.700361 0.831415 0.720217 0.830738 0.722022 0.827353 0.721119 0.817197 0.715704 0.821259 0.715704 0.823290 0.719314 0.825322 0.718412 0.827353 0.715704 0.827353 0.710289 0.823290 0.710289 0.820582 0.713899 0.819905 0.713899 0.817197 0.710289 0.816520 0.710289 0.812458 0.714801 0.811781 0.717509 0.815843 0.718412 0.812458 0.715704 0.811781 0.716606 0.809072 0.721119 0.811781 0.724729 0.808395 0.731047 0.812458 0.731949 0.815166 0.736462 0.814489 0.747292 0.822613 0.752708 0.821936 0.756318 0.823290 0.759025 0.821259 0.765343 0.822613 0.771661 0.817874 0.775271 0.818551 0.775271 0.813812 0.777076 0.815843 0.781588 0.815843 0.786101 0.813135 0.789711 0.805687 0.800542 0.798240 0.805054 0.791469 0.810469 0.787407 0.814982 0.788084 0.820397 0.783345 0.824007 0.777251 0.834838 0.767773 0.837545 0.759648 0.842058 0.759648 0.841155 0.755586 0.845668 0.754232 0.847473 0.745430 0.845668 0.740014 0.842960 0.737982 0.842960 0.734597 0.840253 0.732566 0.839350 0.723087 0.836643 0.721056 0.839350 0.718348 0.843863 0.704807 0.846570 0.702099 0.855596 0.702099 0.861913 0.696005 0.869134 0.696005 0.870036 0.692620 0.867329 0.690589 0.869134 0.687881 0.873646 0.690589 0.873646 0.681110 0.868231 0.672986 0.870036 0.672309 0.873646 0.674340 0.874549 0.665538 0.866426 0.660799 0.867329 0.656737 0.870939 0.654705 0.867329 0.650643 0.870939 0.645904 0.867329 0.643873 0.869134 0.637779 0.866426 0.637102 0.866426 0.634394 0.870036 0.630332 0.867329 0.628978 0.864621 0.619499 0.860108 0.619499 0.862816 0.617468 0.862816 0.614083 0.851986 0.603927
3 0.513538 0.801625 0.495487 0.795531 0.489170 0.795531 0.471119 0.791469 0.458484 0.790792 0.449458 0.788084 0.427798 0.785376 0.413357 0.785376 0.393502 0.790792 0.388087 0.795531 0.378159 0.798240 0.372744 0.804333 0.368231 0.806364 0.367329 0.809072 0.360108 0.812458 0.350181 0.825999 0.344765 0.829384 0.333032 0.851726 0.328520 0.867976 0.324910 0.899120 0.321300 0.908599 0.318592 0.925525 0.304152 0.969533 0.293321 0.993230 0.292419 1.000000 0.407040 1.000000 0.407942 0.995938 0.425090 0.970887 0.430505 0.966825 0.439531 0.953961 0.462094 0.931618 0.492780 0.908599 0.501805 0.905213 0.526173 0.886933 0.541516 0.872038 0.544224 0.865944 0.545126 0.855112 0.538809 0.830061 0.533394 0.825999 0.528881 0.813135 0.521661 0.810427
3 0.668773 0.291808 0.654332 0.281652 0.638087 0.275559 0.621841 0.272850 0.602888 0.274204 0.594765 0.276236 0.581227 0.283006 0.573105 0.290454 0.568592 0.298578 0.568592 0.302640 0.573105 0.308057 0.573105 0.315504 0.568592 0.328368 0.563177 0.337170 0.562274 0.343940 0.555054 0.353419 0.552347 0.364252 0.555957 0.366283 0.577617 0.364252 0.595668 0.367637 0.605596 0.366960 0.611913 0.360190 0.624549 0.329722 0.634477 0.314827 0.648917 0.306703 0.670578 0.306026 0.673285 0.301286
