6 0.499097 0.454299 0.462996 0.453622 0.454874 0.451591 0.451264 0.448206 0.439531 0.446852 0.435018 0.449560 0.416065 0.445498 0.388087 0.446175 0.369134 0.449560 0.361913 0.452945 0.338448 0.452268 0.322202 0.454976 0.309567 0.454976 0.298736 0.457007 0.295126 0.460393 0.286101 0.461747 0.277978 0.466486 0.252708 0.469194 0.250903 0.470548 0.250903 0.478673 0.248195 0.484089 0.228339 0.487475 0.224729 0.486798 0.207581 0.492214 0.202166 0.498307 0.189531 0.505755 0.186823 0.514557 0.168773 0.533514 0.162455 0.544347 0.157942 0.547732 0.146209 0.563981 0.145307 0.575491 0.139892 0.584292 0.133574 0.590386 0.131769 0.597156 0.130866 0.631686 0.128159 0.634394 0.126354 0.653351 0.128159 0.656737 0.128159 0.669601 0.131769 0.672309 0.133574 0.677725 0.140794 0.682464 0.140794 0.685850 0.149819 0.697360 0.149819 0.701422 0.155235 0.704807 0.158845 0.714963 0.171480 0.719702 0.174188 0.724441 0.182310 0.727827 0.190433 0.737982 0.205776 0.746784 0.212996 0.747461 0.212996 0.743399 0.224729 0.752877 0.228339 0.750846 0.230144 0.754232 0.235560 0.756940 0.240072 0.754232 0.244585 0.755586 0.247292 0.753555 0.251805 0.759648 0.246390 0.768450 0.250000 0.770481 0.252708 0.776574 0.259025 0.780636 0.261733 0.786053 0.268051 0.790115 0.275271 0.802979 0.280686 0.807718 0.290614 0.823290 0.290614 0.826676 0.296029 0.830061 0.297834 0.834800 0.305054 0.841571 0.311372 0.844279 0.333935 0.848341 0.337545 0.850372 0.350181 0.850372 0.355596 0.852404 0.359206 0.857143 0.366426 0.857143 0.369134 0.853758 0.381769 0.852404 0.388989 0.855789 0.398014 0.856466 0.435018 0.848341 0.444043 0.848341 0.445848 0.849695 0.455776 0.849695 0.461191 0.847664 0.476534 0.849695 0.484657 0.849018 0.490072 0.846987 0.497292 0.841571 0.500903 0.836154 0.510830 0.829384 0.518953 0.826676 0.525271 0.821259 0.533394 0.818551 0.539711 0.813135 0.545126 0.811104 0.572202 0.811104 0.590253 0.804333 0.594765 0.797563 0.601083 0.793500 0.601083 0.790792 0.605596 0.788084 0.604693 0.784022 0.611011 0.779282 0.610108 0.774543 0.612816 0.769804 0.620939 0.765741 0.642599 0.747461 0.648917 0.732566 0.655235 0.726473 0.660650 0.714963 0.665162 0.689235 0.667870 0.685850 0.672383 0.670278 0.674188 0.652674 0.668773 0.643196 0.665162 0.640487 0.662455 0.631009 0.663357 0.596479 0.659747 0.583615 0.657040 0.580230 0.654332 0.565335 0.650722 0.563304 0.648014 0.556534 0.633574 0.546378 0.630866 0.541638 0.625451 0.538253 0.623646 0.532837 0.619134 0.530129 0.610108 0.517942 0.600181 0.513879 0.593863 0.508463 0.591155 0.502370 0.588448 0.501693 0.588448 0.496953 0.577617 0.486798 0.563177 0.485443 0.553249 0.477996 0.546931 0.476642 0.537906 0.471225 0.517148 0.467840 0.513538 0.461747 0.504513 0.455653
3 0.027978 0.492214 0.022563 0.502370 0.021661 0.508463 0.019856 0.509817 0.014440 0.508463 0.009928 0.509140 0.000000 0.515234 0.000000 0.671632 0.027978 0.686527 0.054152 0.695328 0.094765 0.704130 0.108303 0.712932 0.110108 0.716994 0.116426 0.721733 0.138989 0.766418 0.141697 0.779959 0.157942 0.819905 0.170578 0.837508 0.180505 0.857143 0.185921 0.861882 0.189531 0.873392 0.199458 0.884902 0.212094 0.904536 0.215704 0.907244 0.220217 0.916723 0.231047 0.929587 0.244585 0.950575 0.261733 0.971564 0.267148 0.982397 0.271661 0.985782 0.281588 1.000000 0.396209 1.000000 0.390794 0.987136 0.362816 0.947190 0.335740 0.900474 0.272563 0.805687 0.251805 0.784022 0.234657 0.779959 0.222924 0.773866 0.211191 0.763710 0.203069 0.752877 0.190433 0.748138 0.182310 0.740014 0.168773 0.733243 0.160650 0.727150 0.151625 0.715640 0.146209 0.704807 0.139892 0.698037 0.136282 0.689912 0.126354 0.683142 0.125451 0.678402 0.118231 0.666215 0.119134 0.647935 0.124549 0.631009 0.124549 0.623561 0.120036 0.607312 0.123646 0.600542 0.122744 0.587678 0.132671 0.582938 0.135379 0.574137 0.131769 0.560596 0.105596 0.501016 0.101083 0.498307 0.096570 0.498307 0.092960 0.503047 0.092058 0.511171 0.084838 0.496953 0.079422 0.492891 0.075812 0.492214 0.073105 0.493568 0.068592 0.503724 0.063177 0.492891 0.059567 0.490183 0.055054 0.489506 0.051444 0.492891 0.049639 0.502370 0.043321 0.507786 0.039711 0.505755 0.033394 0.494245
4 0.389892 0.230873 0.378159 0.228842 0.368231 0.231550 0.360108 0.241029 0.359206 0.248477 0.356498 0.252539 0.321300 0.274204 0.308664 0.299255 0.305957 0.309411 0.297834 0.316181 0.292419 0.332431 0.293321 0.337847 0.296029 0.338524 0.310469 0.335816 0.315884 0.331754 0.325812 0.328368 0.329422 0.325660 0.332130 0.319567 0.337545 0.315504 0.349278 0.316181 0.353791 0.313473 0.362816 0.312119 0.370036 0.312796 0.373646 0.310765 0.377256 0.299255 0.401625 0.261341 0.400722 0.253893 0.394404 0.245091 0.392599 0.234936
4 0.560469 0.228842 0.557762 0.227488 0.548736 0.227488 0.546931 0.230873 0.543321 0.232227 0.532491 0.230873 0.529783 0.228842 0.504513 0.225457 0.494585 0.227488 0.484657 0.236290 0.481047 0.255247 0.454874 0.264049 0.447653 0.268111 0.431408 0.285714 0.427798 0.295870 0.419675 0.310088 0.414260 0.314827 0.410650 0.323629 0.410650 0.333785 0.414260 0.338524 0.435921 0.339878 0.444043 0.341909 0.455776 0.341909 0.459386 0.340555 0.462996 0.335816 0.462094 0.322275 0.471119 0.314827 0.478339 0.313473 0.501805 0.313473 0.508123 0.315504 0.519856 0.313473 0.524368 0.316858 0.530686 0.315504 0.534296 0.312119 0.540614 0.299255 0.546029 0.295870 0.547834 0.289777 0.555054 0.279621 0.557762 0.263372 0.557762 0.248477 0.561372 0.241029
4 0.670578 0.282329 0.660650 0.282329 0.657942 0.283683 0.653430 0.280975 0.650722 0.283683 0.645307 0.282329 0.642599 0.285037 0.639892 0.280975 0.638087 0.280975 0.633574 0.286391 0.636282 0.292485 0.631769 0.294516 0.627256 0.291131 0.629061 0.286391 0.626354 0.285714 0.626354 0.291131 0.623646 0.292485 0.579422 0.298578 0.567690 0.303318 0.568592 0.314150 0.585740 0.331754 0.606498 0.342586 0.616426 0.343940 0.627256 0.336493 0.638087 0.333108 0.642599 0.329045 0.655235 0.325660 0.658845 0.321598 0.661552 0.322275 0.664260 0.318890 0.663357 0.314150 0.672383 0.310765 0.670578 0.306703 0.674188 0.303318 0.672383 0.300609 0.672383 0.289777 0.674188 0.286391
4 0.670578 0.282329 0.657942 0.283683 0.653430 0.281652 0.650722 0.283006 0.645307 0.282329 0.642599 0.284360 0.640794 0.282329 0.637184 0.282329 0.634477 0.284360 0.630866 0.283006 0.626354 0.285037 0.626354 0.291131 0.622744 0.295193 0.609206 0.294516 0.579422 0.298578 0.570397 0.302640 0.568592 0.311442 0.578520 0.324983 0.594765 0.337170 0.607401 0.343940 0.617329 0.343940 0.628159 0.335816 0.635379 0.335139 0.642599 0.329045 0.655235 0.327014 0.658845 0.321598 0.670578 0.318890 0.670578 0.314150 0.673285 0.311442 0.684116 0.311442 0.685921 0.310088 0.685921 0.306703 0.688628 0.303318 0.686823 0.297901 0.681408 0.299255 0.676895 0.297224 0.674188 0.299932 0.672383 0.298578 0.671480 0.289777 0.673285 0.287068
4 0.630866 0.368314 0.629964 0.377793 0.632671 0.381178 0.645307 0.385917 0.664260 0.397427 0.667870 0.398104 0.676895 0.394719 0.693141 0.392688 0.689531 0.389980 0.685018 0.381178 0.686823 0.377793 0.685018 0.373053 0.680505 0.373053 0.684116 0.375762 0.684116 0.378470 0.679603 0.380501 0.683213 0.384563 0.676895 0.389980 0.669675 0.383886 0.665162 0.377116 0.666968 0.371022 0.665162 0.371022 0.663357 0.375085 0.659747 0.372376 0.663357 0.368991 0.658845 0.369668 0.641697 0.366960 0.632671 0.366960
4 0.913357 0.390657 0.902527 0.384563 0.887184 0.383886 0.872744 0.379147 0.858303 0.382532 0.846570 0.383209 0.832130 0.376439 0.825812 0.377116 0.809567 0.389303 0.798736 0.391334 0.783394 0.397427 0.776173 0.397427 0.766245 0.401490 0.753610 0.411645 0.735560 0.420447 0.712996 0.436019 0.700361 0.442789 0.687726 0.446175 0.683213 0.451591 0.675090 0.454976 0.668773 0.460393 0.665162 0.461070 0.651625 0.472580 0.641697 0.477319 0.637184 0.482735 0.620036 0.486121 0.611011 0.490183 0.605596 0.496953 0.606498 0.501016 0.616426 0.508463 0.622744 0.517265 0.626354 0.526743 0.630866 0.530129 0.638087 0.532160 0.649819 0.531483 0.655235 0.529452 0.657942 0.524035 0.663357 0.521327 0.666065 0.517265 0.703971 0.515234 0.709386 0.513879 0.730144 0.501693 0.744585 0.500339 0.749097 0.495599 0.750903 0.487475 0.759928 0.477319 0.779783 0.476642 0.792419 0.480704 0.801444 0.481381 0.814079 0.476642 0.823105 0.475288 0.842058 0.465132 0.849278 0.455653 0.861913 0.445498 0.865523 0.444821 0.876354 0.437373 0.883574 0.436019 0.901625 0.422478 0.904332 0.422478 0.910650 0.418416 0.915162 0.412322 0.915162 0.394042
4 0.772563 0.516588 0.774368 0.522004 0.779783 0.521327 0.793321 0.523358 0.796931 0.525389 0.797834 0.529452 0.792419 0.549086 0.792419 0.553825 0.796931 0.555856 0.814982 0.555179 0.853791 0.544347 0.888989 0.538930 0.904332 0.534191 0.911552 0.526743 0.909747 0.523358 0.895307 0.519973 0.872744 0.509817 0.833935 0.501693 0.800542 0.501693 0.782491 0.507786
4 0.952166 0.515234 0.952166 0.505755 0.947653 0.496953 0.944946 0.485443 0.944946 0.469194 0.935921 0.458362 0.928700 0.455653 0.899819 0.459039 0.866426 0.469871 0.856498 0.475965 0.846570 0.477996 0.833935 0.484089 0.829422 0.484766 0.814079 0.496953 0.814079 0.498984 0.817690 0.500339 0.836643 0.501016 0.858303 0.505078 0.888989 0.516588 0.905235 0.520650 0.917870 0.521327 0.924188 0.517942 0.939531 0.517265 0.943141 0.519296 0.947653 0.519296
5 0.361011 0.228842 0.353791 0.231550 0.350181 0.234936 0.340253 0.235613 0.335740 0.241706 0.330325 0.244414 0.327617 0.249831 0.310469 0.249831 0.297834 0.245768 0.289711 0.245768 0.253610 0.252539 0.231047 0.264049 0.221119 0.262018 0.214801 0.258632 0.208484 0.258632 0.203971 0.261341 0.194043 0.276236 0.174188 0.291808 0.152527 0.328368 0.153430 0.333785 0.163357 0.339201 0.165162 0.341909 0.157040 0.351388 0.146209 0.358158 0.141697 0.358835 0.136282 0.368991 0.138989 0.404875 0.141697 0.412999 0.150722 0.421124 0.156137 0.421124 0.157942 0.415708 0.163357 0.412322 0.163357 0.394042 0.168773 0.385240 0.175090 0.379147 0.193141 0.379147 0.202166 0.373731 0.210289 0.373731 0.222022 0.376439 0.225632 0.374408 0.229242 0.364929 0.234657 0.358835 0.251805 0.356127 0.254513 0.354096 0.259025 0.337170 0.264440 0.333785 0.273466 0.322952 0.279783 0.318890 0.282491 0.314150 0.289711 0.311442 0.298736 0.302640 0.309567 0.295870 0.313177 0.282329 0.317690 0.276236 0.328520 0.266080 0.335740 0.264049 0.336643 0.255924 0.332130 0.251185 0.333935 0.249831 0.342960 0.249831 0.344765 0.248477 0.353791 0.249154 0.357401 0.247800 0.362816 0.233582
5 0.618231 0.213270 0.616426 0.224103 0.621841 0.231550 0.636282 0.230873 0.645307 0.236967 0.648917 0.243060 0.653430 0.245768 0.658845 0.243060 0.666968 0.243060 0.670578 0.245091 0.670578 0.255924 0.655235 0.266080 0.650722 0.272173 0.654332 0.274882 0.668773 0.278267 0.677798 0.285037 0.680505 0.289100 0.695848 0.291131 0.703069 0.295870 0.703069 0.310088 0.701264 0.312119 0.692238 0.314827 0.686823 0.322275 0.687726 0.327014 0.703069 0.327014 0.709386 0.324983 0.713899 0.326337 0.715704 0.316858 0.721119 0.314150 0.745487 0.316181 0.752708 0.313473 0.768953 0.299932 0.778881 0.295193 0.785199 0.287745 0.798736 0.284360 0.804152 0.280298 0.803249 0.276236 0.794224 0.270819 0.768953 0.270819 0.752708 0.266757 0.752708 0.260664 0.759025 0.250508 0.759025 0.241029 0.755415 0.232227 0.747292 0.222072 0.743682 0.220041 0.731949 0.218009 0.728339 0.215301 0.725632 0.207854 0.721119 0.205146 0.712996 0.203114 0.699458 0.203114 0.677798 0.199052 0.666968 0.194990 0.657942 0.194313 0.641697 0.197021 0.626354 0.204469
5 0.563177 0.224103 0.563177 0.239675 0.559567 0.251862 0.559567 0.272173 0.553249 0.288422 0.554152 0.293839 0.556859 0.295870 0.569495 0.299255 0.598375 0.295193 0.614621 0.291131 0.637184 0.276236 0.648917 0.270819 0.649819 0.264049 0.648014 0.257955 0.641697 0.249831 0.621841 0.247123 0.612816 0.242383 0.601083 0.238998 0.592058 0.229519 0.583935 0.224780 0.573105 0.222749 0.565884 0.222749
5 0.490975 0.220718 0.481047 0.218009 0.467509 0.219364 0.447653 0.224103 0.443141 0.227488 0.442238 0.233582 0.444946 0.236967 0.444946 0.248477 0.439531 0.259309 0.439531 0.264049 0.442238 0.267434 0.453069 0.262695 0.467509 0.259309 0.476534 0.253893 0.483755 0.236290 0.493682 0.226134
5 0.920578 0.283006 0.905235 0.281652 0.886282 0.270819 0.860108 0.272850 0.843863 0.270819 0.836643 0.274204 0.834838 0.283683 0.841155 0.289777 0.841155 0.294516 0.797834 0.364252 0.796029 0.369668 0.796029 0.386594 0.797834 0.388626 0.810469 0.385240 0.814079 0.381178 0.814079 0.377793 0.818592 0.378470 0.824007 0.375085 0.830325 0.374408 0.846570 0.379147 0.857401 0.378470 0.879964 0.374408 0.891697 0.368314 0.908845 0.362221 0.924188 0.360867 0.935018 0.363575 0.939531 0.361544 0.944946 0.352065 0.938628 0.341232 0.935921 0.331077 0.940433 0.327691 0.944043 0.320244 0.944043 0.308057 0.935921 0.299932 0.926895 0.297901 0.923285 0.295193 0.924188 0.287068
5 0.996390 0.411645 0.991877 0.408937 0.986462 0.409614 0.967509 0.421124 0.962094 0.422478 0.942238 0.436019 0.930505 0.439404 0.926895 0.442789 0.923285 0.443466 0.915162 0.451591 0.926895 0.452268 0.935921 0.455653 0.942238 0.461070 0.946751 0.468517 0.951264 0.470548 0.969314 0.471903 0.975632 0.469871 0.981047 0.466486 0.983755 0.461070 0.991877 0.454976 0.992780 0.447529 0.996390 0.441435 1.000000 0.440081 1.000000 0.437373 0.998195 0.436696 1.000000 0.434665 1.000000 0.417062
5 0.982852 0.365606 0.978339 0.364252 0.975632 0.360867 0.967509 0.359513 0.950361 0.360190 0.947653 0.361544 0.941336 0.371022 0.940433 0.379824 0.930505 0.387949 0.930505 0.389980 0.935018 0.392688 0.930505 0.396073 0.928700 0.403521 0.919675 0.416385 0.912455 0.421801 0.907942 0.422478 0.902527 0.428571 0.898014 0.429248 0.888087 0.436019 0.877256 0.439404 0.875451 0.442789 0.871841 0.445498 0.869134 0.445498 0.865523 0.450237 0.861011 0.451591 0.857401 0.457007 0.852888 0.459039 0.850181 0.463101 0.851986 0.467163 0.866426 0.466486 0.879061 0.460393 0.905235 0.452268 0.935921 0.436696 0.959386 0.423155 0.974729 0.411645 0.991877 0.404198 1.000000 0.398781 1.000000 0.387271 0.993682 0.380501 0.992780 0.376439 0.985560 0.374408
5 0.995487 0.456330 0.986462 0.459039 0.982852 0.469194 0.978339 0.468517 0.970217 0.472580 0.958484 0.483412 0.950361 0.486121 0.950361 0.493568 0.954874 0.508463 0.954874 0.516588 0.952166 0.521327 0.935018 0.530129 0.914260 0.531483 0.911552 0.532837 0.908845 0.538253 0.908845 0.544347 0.916065 0.553148 0.922383 0.555856 0.934116 0.557211 0.938628 0.561950 0.937726 0.573460 0.939531 0.576845 0.937726 0.579553 0.936823 0.591740 0.931408 0.599865 0.938628 0.602573 0.945848 0.603250 0.957581 0.607989 0.969314 0.618822 0.982852 0.618822 0.985560 0.616114 0.987365 0.598510 0.993682 0.589032 1.000000 0.584292 1.000000 0.547055 0.994585 0.545024 0.989170 0.545701 0.985560 0.541638 0.994585 0.530806 0.998195 0.521327 1.000000 0.520650 1.000000 0.471903 0.997292 0.470548 1.000000 0.468517 1.000000 0.463101 0.997292 0.462424 0.997292 0.457684
5 0.990975 0.499661 0.988267 0.500339 0.986462 0.503724 0.984657 0.500339 0.981047 0.499661 0.981047 0.503724 0.977437 0.504401 0.980144 0.510494 0.974729 0.514557 0.965704 0.507109 0.968412 0.501016 0.962094 0.496953 0.961191 0.498984 0.964801 0.500339 0.964801 0.502370 0.962094 0.503724 0.960289 0.500339 0.958484 0.500339 0.957581 0.503724 0.964801 0.510494 0.960289 0.512525 0.957581 0.517942 0.953971 0.519296 0.952166 0.515911 0.949458 0.515911 0.947653 0.519296 0.944946 0.515911 0.942238 0.515911 0.939531 0.518619 0.937726 0.516588 0.934116 0.516588 0.930505 0.520650 0.931408 0.523358 0.935921 0.521327 0.936823 0.523358 0.935018 0.525389 0.937726 0.524035 0.944043 0.525389 0.951264 0.519973 0.952166 0.530129 0.958484 0.534191 0.961191 0.531483 0.963899 0.531483 0.968412 0.536222 0.965704 0.539607 0.964801 0.536222 0.962094 0.535545 0.961191 0.538253 0.964801 0.539607 0.964801 0.541638 0.960289 0.542993 0.958484 0.540961 0.957581 0.542993 0.955776 0.542316 0.953069 0.544347 0.953971 0.546378 0.957581 0.546378 0.957581 0.542993 0.959386 0.542316 0.960289 0.546378 0.965704 0.547732 0.965704 0.549763 0.960289 0.552471 0.960289 0.554502 0.963899 0.556534 0.958484 0.556534 0.960289 0.558565 0.958484 0.565335 0.960289 0.562627 0.962996 0.562627 0.964801 0.565335 0.961191 0.566689 0.956679 0.573460 0.953069 0.572783 0.957581 0.569397 0.956679 0.566689 0.953069 0.565335 0.953069 0.563304 0.957581 0.561273 0.957581 0.559242 0.953069 0.556534 0.956679 0.553825 0.956679 0.551794 0.953069 0.550440 0.952166 0.547055 0.946751 0.550440 0.943141 0.546378 0.939531 0.551117 0.936823 0.550440 0.940433 0.544347 0.937726 0.542993 0.935921 0.536899 0.937726 0.535545 0.937726 0.531483 0.940433 0.530806 0.940433 0.527420 0.938628 0.527420 0.938628 0.530806 0.936823 0.531483 0.933213 0.530129 0.933213 0.527420 0.931408 0.526743 0.924188 0.534191 0.921480 0.530806 0.916968 0.530806 0.916065 0.532160 0.911552 0.531483 0.907942 0.534868 0.905235 0.531483 0.900722 0.534868 0.896209 0.532160 0.894404 0.535545 0.890794 0.534191 0.889892 0.530806 0.884477 0.529452 0.885379 0.532837 0.879964 0.532160 0.878159 0.535545 0.875451 0.535545 0.874549 0.532160 0.871841 0.532160 0.870939 0.534191 0.874549 0.537576 0.872744 0.538930 0.869134 0.536222 0.868231 0.540284 0.863718 0.542316 0.856498 0.539607 0.849278 0.545024 0.837545 0.545701 0.830325 0.549763 0.825812 0.544347 0.826715 0.540284 0.824910 0.540284 0.816787 0.548409 0.818592 0.553148 0.809567 0.552471 0.812274 0.551117 0.812274 0.546378 0.814079 0.545701 0.805957 0.544347 0.805957 0.547055 0.801444 0.547732 0.798736 0.550440 0.794224 0.545701 0.798736 0.536899 0.796931 0.524035 0.799639 0.520650 0.797834 0.515911 0.801444 0.511848 0.804152 0.511848 0.805054 0.515234 0.801444 0.515911 0.801444 0.518619 0.804152 0.519296 0.804152 0.515911 0.806859 0.515234 0.808664 0.518619 0.805054 0.521327 0.808664 0.522004 0.811372 0.519973 0.811372 0.508463 0.814982 0.505755 0.813177 0.501016 0.815884 0.499661 0.815884 0.496953 0.813177 0.496276 0.811372 0.498984 0.805957 0.497630 0.799639 0.503047 0.793321 0.501693 0.787004 0.503724 0.786101 0.502370 0.788809 0.499661 0.788809 0.494245 0.792419 0.490183 0.792419 0.487475 0.788809 0.483412 0.770758 0.482735 0.768953 0.480704 0.771661 0.477996 0.765343 0.473257 0.764440 0.469871 0.759025 0.473934 0.759025 0.476642 0.763538 0.475965 0.767148 0.478673 0.767148 0.481381 0.764440 0.483412 0.752708 0.484766 0.750000 0.490860 0.750000 0.498984 0.745487 0.503047 0.732852 0.503047 0.723827 0.507109 0.713899 0.507786 0.707581 0.515234 0.696751 0.518619 0.693141 0.517942 0.689531 0.519296 0.685921 0.517265 0.681408 0.518619 0.679603 0.517265 0.668773 0.517265 0.657040 0.526743 0.656137 0.530129 0.649819 0.536222 0.648917 0.547055 0.663357 0.566012 0.666065 0.592417 0.671480 0.607312 0.664260 0.619499 0.665162 0.629655 0.670578 0.639810 0.680505 0.646581 0.682310 0.649966 0.681408 0.662830 0.677798 0.669601 0.676895 0.679079 0.674188 0.682464 0.671480 0.692620 0.672383 0.710223 0.678700 0.718348 0.688628 0.726473 0.703069 0.735951 0.721119 0.744076 0.725632 0.748138 0.723827 0.749492 0.723827 0.754232 0.726534 0.757617 0.728339 0.766418 0.734657 0.773866 0.740975 0.775897 0.760830 0.772512 0.771661 0.768450 0.779783 0.768450 0.780686 0.763033 0.799639 0.757617 0.803249 0.754232 0.810469 0.752200 0.816787 0.747461 0.824910 0.737305 0.822202 0.725118 0.825812 0.719702 0.822202 0.716994 0.818592 0.716994 0.814982 0.713609 0.814079 0.719025 0.815884 0.720379 0.810469 0.722410 0.801444 0.716317 0.800542 0.712932 0.810469 0.708869 0.814079 0.712255 0.816787 0.712255 0.826715 0.705484 0.825812 0.701422 0.828520 0.700068 0.834838 0.701422 0.827617 0.706838 0.829422 0.712932 0.828520 0.717671 0.833032 0.721733 0.840253 0.717671 0.842960 0.713609 0.842058 0.711578 0.839350 0.711578 0.837545 0.713609 0.835740 0.712255 0.837545 0.709546 0.835740 0.704807 0.844765 0.706161 0.854693 0.714963 0.856498 0.721733 0.861913 0.721056 0.870939 0.737982 0.875451 0.741368 0.878159 0.741368 0.882671 0.737982 0.883574 0.730535 0.880866 0.721056 0.866426 0.699391 0.854693 0.689235 0.858303 0.687204 0.865523 0.689235 0.867329 0.685173 0.876354 0.683142 0.884477 0.689912 0.885379 0.693974 0.908845 0.693974 0.917870 0.687204 0.917870 0.681787 0.911552 0.675017 0.907942 0.673663 0.907942 0.666892 0.920578 0.665538 0.924188 0.662830 0.923285 0.658768 0.927798 0.657414 0.928700 0.647935 0.926895 0.646581 0.928700 0.641165 0.939531 0.632363 0.945848 0.630332 0.947653 0.627624 0.952166 0.627624 0.954874 0.624915 0.959386 0.624238 0.965704 0.618822 0.964801 0.614083 0.961191 0.611374 0.963899 0.609343 0.970217 0.609343 0.972924 0.611374 0.969314 0.614083 0.969314 0.616114 0.972022 0.616114 0.972022 0.613406 0.975632 0.612729 0.978339 0.609343 0.981047 0.613406 0.977437 0.615437 0.980144 0.615437 0.983755 0.612729 0.983755 0.601896 0.981047 0.599865 0.983755 0.597833 0.983755 0.593094 0.987365 0.592417 0.984657 0.587678 0.988267 0.586324 0.990072 0.588355 0.988267 0.582938 0.983755 0.581584 0.983755 0.578876 0.988267 0.578199 0.990975 0.580230 0.996390 0.576845 0.996390 0.574814 0.992780 0.572783 0.995487 0.570074 0.992780 0.563304 1.000000 0.557888 1.000000 0.555179 0.997292 0.553825 0.996390 0.550440 0.992780 0.549086 0.991877 0.546378 0.983755 0.544347 0.982852 0.537576 0.984657 0.536222 0.984657 0.530806 0.987365 0.530129 0.984657 0.525389 0.988267 0.523358 0.988267 0.519973 0.984657 0.516588 0.988267 0.515234 0.989170 0.518619 0.990975 0.518619 0.989170 0.513202 0.990975 0.512525 0.991877 0.514557 0.995487 0.514557 0.995487 0.512525 0.991877 0.511171 0.991877 0.508463 0.996390 0.505078 0.991877 0.503047
