4 0.197653 0.468517 0.195848 0.470548 0.195848 0.480704 0.187726 0.487475 0.185018 0.492214 0.181408 0.493568 0.171480 0.513202 0.166968 0.528775 0.170578 0.535545 0.177798 0.540961 0.177798 0.545701 0.184116 0.549086 0.185921 0.552471 0.177798 0.560596 0.159747 0.566689 0.153430 0.576168 0.154332 0.581584 0.160650 0.592417 0.160650 0.614760 0.162455 0.622884 0.172383 0.646581 0.189531 0.668246 0.199458 0.675694 0.215704 0.692620 0.229242 0.701422 0.242780 0.704807 0.256318 0.711578 0.264440 0.711578 0.267148 0.705484 0.274368 0.703453 0.283394 0.697360 0.327617 0.696682 0.336643 0.703453 0.340253 0.704130 0.342960 0.707515 0.342058 0.715640 0.340253 0.716994 0.318592 0.720379 0.322202 0.723087 0.329422 0.723764 0.332130 0.729181 0.329422 0.734597 0.331227 0.747461 0.333032 0.749492 0.340253 0.751523 0.355596 0.749492 0.369134 0.742722 0.373646 0.742045 0.398917 0.723087 0.406137 0.714286 0.416065 0.691266 0.415162 0.683819 0.405235 0.670955 0.388989 0.670278 0.379964 0.667569 0.383574 0.663507 0.387184 0.644550 0.390794 0.639810 0.389892 0.632363 0.385379 0.628978 0.371841 0.625592 0.361913 0.626269 0.357401 0.624238 0.343863 0.623561 0.338448 0.620853 0.331227 0.620853 0.324910 0.618145 0.318592 0.618822 0.313177 0.615437 0.310469 0.607989 0.305957 0.605281 0.296931 0.605281 0.293321 0.607312 0.283394 0.607989 0.271661 0.602573 0.268051 0.593771 0.265343 0.594448 0.262635 0.599188 0.259025 0.599188 0.256318 0.596479 0.249097 0.597156 0.251805 0.593771 0.251805 0.586324 0.254513 0.580907 0.259928 0.577522 0.263538 0.577522 0.264440 0.574814 0.262635 0.572783 0.248195 0.567366 0.235560 0.557211 0.238267 0.551117 0.250000 0.545701 0.250903 0.540961 0.249097 0.530129 0.241877 0.524712 0.244585 0.524035 0.245487 0.519296 0.242780 0.517942 0.240975 0.524035 0.236462 0.518619 0.235560 0.502370 0.240975 0.498307 0.236462 0.494922 0.236462 0.470548 0.233755 0.467163 0.229242 0.465809 0.211191 0.465809
4 0.296029 0.439404 0.297834 0.446852 0.324910 0.451591 0.335740 0.456330 0.346570 0.463778 0.352888 0.463778 0.364621 0.469871 0.369134 0.469871 0.374549 0.473934 0.370939 0.479350 0.374549 0.482058 0.372744 0.486121 0.375451 0.490183 0.376354 0.498307 0.382671 0.498984 0.388087 0.497630 0.400722 0.486121 0.405235 0.487475 0.407942 0.466486 0.412455 0.462424 0.416968 0.465132 0.420578 0.465132 0.424188 0.458362 0.427798 0.455653 0.435018 0.459716 0.435018 0.463778 0.439531 0.466486 0.445848 0.461070 0.450361 0.463778 0.455776 0.463778 0.461191 0.458362 0.469314 0.456330 0.468412 0.453622 0.445848 0.453622 0.439531 0.451591 0.435921 0.424509 0.439531 0.422478 0.450361 0.423832 0.478339 0.422478 0.522563 0.423832 0.528881 0.427894 0.526173 0.440081 0.531588 0.443466 0.541516 0.439404 0.543321 0.440758 0.550542 0.439404 0.557762 0.443466 0.562274 0.443466 0.572202 0.437373 0.580325 0.436019 0.590253 0.436696 0.596570 0.429926 0.601986 0.429248 0.606498 0.430603 0.611011 0.434665 0.613718 0.434665 0.627256 0.444144 0.629964 0.442112 0.632671 0.443466 0.628159 0.446852 0.629964 0.450914 0.629061 0.456330 0.635379 0.462424 0.633574 0.465809 0.635379 0.469194 0.633574 0.475288 0.637184 0.476642 0.637184 0.479350 0.639892 0.480027 0.639892 0.476642 0.637184 0.474611 0.640794 0.471903 0.638989 0.466486 0.641697 0.463778 0.640794 0.459039 0.642599 0.454299 0.648014 0.458362 0.648014 0.460393 0.644404 0.462424 0.648014 0.465809 0.645307 0.471903 0.647112 0.472580 0.648014 0.469194 0.651625 0.468517 0.652527 0.472580 0.648917 0.473257 0.648917 0.475288 0.651625 0.475965 0.651625 0.473257 0.656137 0.472580 0.657942 0.470548 0.671480 0.482058 0.666065 0.486798 0.663357 0.484089 0.660650 0.484089 0.657040 0.488152 0.656137 0.485443 0.653430 0.484766 0.653430 0.487475 0.657040 0.488152 0.657942 0.491537 0.661552 0.490183 0.663357 0.492214 0.668773 0.492214 0.670578 0.489506 0.678700 0.494245 0.678700 0.498307 0.676895 0.499661 0.666968 0.497630 0.642599 0.498984 0.641697 0.488152 0.638989 0.482735 0.621841 0.483412 0.618231 0.486121 0.615523 0.485443 0.614621 0.487475 0.617329 0.493568 0.627256 0.500339 0.635379 0.501016 0.642599 0.505078 0.657040 0.507786 0.675993 0.508463 0.680505 0.512525 0.679603 0.517942 0.685018 0.527420 0.687726 0.527420 0.689531 0.525389 0.694946 0.527420 0.694946 0.525389 0.697653 0.524035 0.700361 0.528097 0.712996 0.532160 0.718412 0.536222 0.717509 0.541638 0.720217 0.544347 0.717509 0.546378 0.708484 0.547055 0.706679 0.549763 0.715704 0.557211 0.724729 0.555179 0.729242 0.551794 0.732852 0.551794 0.737365 0.557211 0.739170 0.556534 0.738267 0.553148 0.740072 0.551794 0.748195 0.557888 0.750903 0.552471 0.754513 0.550440 0.763538 0.549763 0.768051 0.551117 0.774368 0.549086 0.768953 0.547055 0.751805 0.547055 0.741877 0.545024 0.741877 0.543670 0.752708 0.542993 0.757220 0.540284 0.765343 0.542993 0.772563 0.540961 0.781588 0.542993 0.791516 0.542993 0.795126 0.541638 0.795126 0.532160 0.791516 0.528775 0.790614 0.516588 0.783394 0.499661 0.771661 0.482735 0.759025 0.470548 0.759025 0.467163 0.754513 0.462424 0.750903 0.450914 0.743682 0.440081 0.744585 0.434665 0.740072 0.429926 0.733755 0.415030 0.721119 0.406229 0.716606 0.404875 0.701264 0.404198 0.690433 0.401490 0.676895 0.402844 0.671480 0.399458 0.673285 0.396750 0.668773 0.395396 0.662455 0.396750 0.657040 0.395396 0.653430 0.400135 0.652527 0.396073 0.641697 0.394719 0.638087 0.401490 0.633574 0.403521 0.633574 0.404875 0.638087 0.404875 0.640794 0.408260 0.637184 0.410291 0.627256 0.411645 0.621841 0.408937 0.614621 0.408937 0.606498 0.404875 0.597473 0.404198 0.586643 0.400135 0.574910 0.390657 0.566787 0.390657 0.558664 0.388626 0.529783 0.389303 0.517148 0.392688 0.502708 0.393365 0.486462 0.390657 0.482852 0.385917 0.468412 0.382532 0.453971 0.383886 0.449458 0.386594 0.437726 0.388626 0.417870 0.388626 0.396209 0.386594 0.373646 0.391334 0.367329 0.395396 0.359206 0.404198 0.342960 0.414353 0.339350 0.420447 0.311372 0.427894
4 0.666065 0.582938 0.660650 0.594448 0.660650 0.601219 0.665162 0.606635 0.693141 0.616791 0.703069 0.622207 0.727437 0.624915 0.734657 0.622884 0.739170 0.612051 0.737365 0.603250 0.732852 0.595802 0.726534 0.591063 0.718412 0.580230 0.709386 0.573460 0.702166 0.572783 0.685921 0.578876 0.670578 0.579553
5 0.540614 0.329045 0.529783 0.316181 0.509928 0.304672 0.500000 0.301963 0.490072 0.303318 0.480144 0.297901 0.470217 0.295870 0.446751 0.295870 0.407040 0.305349 0.401625 0.312119 0.401625 0.322275 0.399819 0.323629 0.386282 0.322952 0.377256 0.325660 0.370939 0.329722 0.356498 0.350034 0.351986 0.360190 0.351986 0.369668 0.357401 0.373731 0.388989 0.371699 0.399819 0.376439 0.405235 0.377116 0.410650 0.375085 0.426895 0.361544 0.437726 0.355450 0.451264 0.352742 0.472022 0.339878 0.483755 0.340555 0.496390 0.343940 0.509025 0.343940 0.524368 0.337170 0.537906 0.333785
5 0.251805 0.418416 0.248195 0.419770 0.243682 0.425863 0.243682 0.431280 0.240975 0.433988 0.233755 0.431280 0.228339 0.431280 0.221119 0.434665 0.212094 0.442789 0.211191 0.450914 0.220217 0.460393 0.233755 0.463101 0.236462 0.467163 0.243682 0.470548 0.235560 0.485443 0.233755 0.503724 0.235560 0.518619 0.243682 0.528775 0.248195 0.530806 0.250000 0.540284 0.249097 0.544347 0.240975 0.548409 0.237365 0.557888 0.257220 0.573460 0.259025 0.579553 0.257220 0.592417 0.262635 0.595802 0.265343 0.600542 0.284296 0.609343 0.298736 0.605958 0.311372 0.600542 0.314079 0.596479 0.325812 0.588355 0.328520 0.580230 0.332130 0.576168 0.342058 0.571429 0.352888 0.561273 0.359206 0.545701 0.359206 0.536899 0.357401 0.532837 0.351083 0.528775 0.347473 0.522681 0.347473 0.507109 0.351083 0.494922 0.349278 0.477319 0.340253 0.463101 0.327617 0.452945 0.314982 0.448883 0.296029 0.448206 0.295126 0.449560 0.289711 0.441435 0.269856 0.431957 0.272563 0.429926 0.277076 0.429926 0.279783 0.427217 0.283394 0.428571 0.283394 0.427217 0.279783 0.426540 0.277978 0.419770
5 0.620939 0.554502 0.612816 0.558565 0.609206 0.570752 0.586643 0.583615 0.583935 0.600542 0.581227 0.603927 0.570397 0.601896 0.558664 0.597156 0.546029 0.597156 0.533394 0.599865 0.524368 0.605958 0.519856 0.613406 0.520758 0.624238 0.529783 0.639810 0.537004 0.642519 0.544224 0.650643 0.544224 0.658091 0.537906 0.664861 0.532491 0.666215 0.527978 0.670278 0.509025 0.674340 0.503610 0.680433 0.503610 0.687204 0.508123 0.697360 0.513538 0.702776 0.528881 0.704807 0.532491 0.706838 0.551444 0.708869 0.555054 0.710900 0.555957 0.712932 0.550542 0.726473 0.550542 0.735274 0.554152 0.744753 0.562274 0.750169 0.571300 0.754232 0.576715 0.754909 0.596570 0.753555 0.610108 0.749492 0.620036 0.740691 0.623646 0.740014 0.629964 0.747461 0.641697 0.754909 0.655235 0.758294 0.673285 0.754232 0.685018 0.747461 0.694946 0.732566 0.693141 0.721056 0.696751 0.718348 0.717509 0.718348 0.723827 0.712255 0.736462 0.704130 0.743682 0.701422 0.745487 0.692620 0.741877 0.681787 0.728339 0.669601 0.750000 0.662153 0.752708 0.654705 0.752708 0.644550 0.748195 0.633040 0.736462 0.625592 0.705776 0.622884 0.666065 0.607312 0.658845 0.595802 0.659747 0.588355 0.653430 0.572783 0.639892 0.561273 0.628159 0.555856
5 0.318592 0.699391 0.297834 0.696005 0.282491 0.696682 0.276173 0.698714 0.267148 0.705484 0.260830 0.716994 0.259025 0.728504 0.261733 0.732566 0.271661 0.737982 0.282491 0.738659 0.305957 0.729858 0.313177 0.725118 0.319495 0.716994 0.321300 0.701422
5 0.541516 0.647258 0.534296 0.641842 0.524368 0.641165 0.489170 0.651997 0.476534 0.658091 0.475632 0.664184 0.477437 0.670278 0.482852 0.675694 0.489170 0.678402 0.499097 0.678402 0.510830 0.673663 0.523466 0.670955 0.537004 0.664861 0.541516 0.660799 0.544224 0.654705
5 0.512635 0.706161 0.510830 0.708192 0.510830 0.718348 0.515343 0.736628 0.518051 0.740691 0.529783 0.742722 0.546931 0.740014 0.548736 0.737982 0.548736 0.727827 0.546931 0.719702 0.542419 0.712255 0.527978 0.707515
5 0.353791 0.751523 0.352888 0.756263 0.381769 0.778605 0.388087 0.780636 0.397112 0.780636 0.408845 0.773189 0.408845 0.767095 0.374549 0.744753 0.364621 0.745430
5 0.452166 0.760325 0.446751 0.761002 0.430505 0.773189 0.422383 0.781991 0.422383 0.786053 0.425090 0.788084 0.433213 0.790115 0.445848 0.790115 0.451264 0.788761 0.461191 0.781313 0.463899 0.775220 0.460289 0.767773
5 0.721119 0.763033 0.712094 0.754232 0.700361 0.753555 0.676895 0.764387 0.664260 0.768450 0.655235 0.773866 0.652527 0.779282 0.653430 0.785376 0.662455 0.790792 0.685921 0.788084 0.713899 0.775897 0.720217 0.771158
