0 0.564079 0.337847 0.556859 0.335816 0.546931 0.335816 0.537004 0.338524 0.513538 0.339201 0.481047 0.334462 0.439531 0.333108 0.410650 0.329722 0.385379 0.329722 0.370036 0.325660 0.357401 0.317536 0.342960 0.312119 0.310469 0.307380 0.268051 0.308057 0.243682 0.312119 0.219314 0.320244 0.216606 0.322952 0.196751 0.331754 0.188628 0.337170 0.184116 0.343263 0.176895 0.346649 0.139892 0.378470 0.128159 0.394719 0.101986 0.423155 0.083032 0.457684 0.058664 0.492214 0.055054 0.501693 0.054152 0.530806 0.062274 0.557888 0.085740 0.591740 0.105596 0.607989 0.120036 0.622884 0.130866 0.642519 0.131769 0.664184 0.137184 0.669601 0.145307 0.673663 0.156137 0.676371 0.220217 0.683142 0.267148 0.699391 0.278881 0.700745 0.289711 0.700068 0.303249 0.696682 0.319495 0.687204 0.342960 0.668246 0.357401 0.650643 0.365523 0.643873 0.416968 0.618145 0.427798 0.616114 0.466606 0.613406 0.503610 0.607312 0.547834 0.610020 0.555054 0.606635 0.563177 0.595802 0.570397 0.591063 0.577617 0.580907 0.608303 0.560596 0.607401 0.556534 0.599278 0.551794 0.594765 0.545701 0.595668 0.532837 0.593863 0.515911 0.595668 0.484766 0.591155 0.452268 0.592960 0.427217 0.588448 0.408937 0.583032 0.400135 0.579422 0.389303 0.586643 0.373053 0.586643 0.360867 0.574910 0.345295
4 0.740072 0.329045 0.731047 0.329045 0.724729 0.332431 0.712996 0.331077 0.708484 0.333108 0.704874 0.332431 0.697653 0.337847 0.691336 0.339878 0.670578 0.337170 0.666968 0.333108 0.671480 0.327014 0.671480 0.316181 0.664260 0.306026 0.654332 0.297901 0.620036 0.297901 0.603791 0.301286 0.598375 0.303995 0.587545 0.302640 0.582130 0.305349 0.571300 0.306703 0.559567 0.298578 0.555957 0.291131 0.553249 0.289100 0.549639 0.289100 0.540614 0.293162 0.520758 0.310765 0.507220 0.314150 0.491877 0.324306 0.485560 0.326337 0.481949 0.329045 0.481047 0.333785 0.461191 0.340555 0.462094 0.343263 0.466606 0.341909 0.469314 0.343940 0.474729 0.343263 0.476534 0.344617 0.498195 0.344617 0.511733 0.342586 0.517148 0.344617 0.546931 0.344617 0.553249 0.341909 0.547834 0.339878 0.547834 0.337170 0.558664 0.337170 0.557762 0.342586 0.559567 0.343263 0.561372 0.342586 0.561372 0.337847 0.564982 0.337170 0.570397 0.343263 0.583032 0.350034 0.587545 0.354773 0.587545 0.366283 0.589350 0.369668 0.586643 0.373053 0.583935 0.385240 0.580325 0.387949 0.580325 0.391334 0.585740 0.406906 0.588448 0.408260 0.588448 0.411645 0.592058 0.415708 0.593863 0.427217 0.592058 0.463778 0.593863 0.484089 0.596570 0.486121 0.594765 0.492214 0.597473 0.494245 0.594765 0.496276 0.592960 0.501693 0.594765 0.517265 0.592960 0.530129 0.599278 0.532837 0.600181 0.538930 0.593863 0.543670 0.592960 0.546378 0.593863 0.554502 0.591155 0.555856 0.592960 0.561273 0.591155 0.562627 0.590253 0.559919 0.586643 0.559242 0.586643 0.561950 0.591155 0.562627 0.590253 0.564658 0.592960 0.568720 0.583935 0.577522 0.578520 0.576845 0.574007 0.578876 0.573105 0.581584 0.569495 0.578199 0.565884 0.579553 0.563177 0.582261 0.563177 0.585647 0.565884 0.585647 0.568592 0.582938 0.570397 0.585647 0.574007 0.586324 0.568592 0.593094 0.564079 0.591740 0.560469 0.593771 0.549639 0.593771 0.546029 0.595802 0.546931 0.602573 0.551444 0.604604 0.554152 0.604604 0.555957 0.602573 0.558664 0.603250 0.555054 0.605958 0.555054 0.607989 0.550542 0.610020 0.554152 0.615437 0.548736 0.620853 0.546029 0.620176 0.544224 0.614760 0.547834 0.612051 0.546931 0.609343 0.549639 0.608666 0.549639 0.605958 0.547834 0.605958 0.546931 0.609343 0.541516 0.610697 0.527076 0.610020 0.525271 0.612051 0.523466 0.610020 0.517148 0.610697 0.511733 0.609343 0.499097 0.611374 0.499097 0.617468 0.501805 0.619499 0.498195 0.623561 0.493682 0.622207 0.490975 0.624238 0.484657 0.620176 0.487365 0.617468 0.489170 0.620853 0.490975 0.620853 0.490975 0.616791 0.487365 0.613406 0.482852 0.611374 0.479242 0.612729 0.475632 0.610697 0.466606 0.611374 0.468412 0.612729 0.467509 0.616791 0.462094 0.614760 0.461191 0.617468 0.455776 0.617468 0.454874 0.618822 0.450361 0.617468 0.447653 0.620176 0.442238 0.618145 0.435921 0.623561 0.433213 0.621530 0.429603 0.621530 0.427798 0.623561 0.425993 0.621530 0.422383 0.621530 0.416065 0.626269 0.414260 0.624915 0.404332 0.626269 0.398917 0.630332 0.398917 0.633040 0.395307 0.633717 0.390794 0.637779 0.389892 0.640487 0.371841 0.642519 0.367329 0.645227 0.367329 0.647258 0.362816 0.649289 0.359206 0.656060 0.352888 0.660799 0.352888 0.662830 0.362816 0.664184 0.371841 0.663507 0.379964 0.666892 0.384477 0.664184 0.389892 0.664861 0.393502 0.663507 0.403430 0.664861 0.408845 0.663507 0.413357 0.666215 0.414260 0.663507 0.419675 0.662153 0.420578 0.664184 0.425090 0.664861 0.426895 0.666892 0.431408 0.663507 0.438628 0.664861 0.440433 0.666892 0.435018 0.673663 0.432310 0.685850 0.437726 0.691266 0.439531 0.697360 0.423285 0.713609 0.422383 0.710900 0.418773 0.708869 0.420578 0.704130 0.416065 0.706161 0.413357 0.704130 0.408845 0.704807 0.405235 0.702776 0.395307 0.703453 0.391697 0.706161 0.388989 0.705484 0.387184 0.708192 0.384477 0.708192 0.379964 0.711578 0.370939 0.714286 0.364621 0.713609 0.356498 0.718348 0.342058 0.721056 0.342058 0.724441 0.337545 0.724441 0.331227 0.729181 0.322202 0.729181 0.314982 0.723764 0.310469 0.726473 0.301444 0.727150 0.294224 0.733243 0.285199 0.734597 0.273466 0.739336 0.262635 0.748815 0.254513 0.752200 0.254513 0.754232 0.251805 0.755586 0.250903 0.773866 0.257220 0.784699 0.258123 0.794854 0.267148 0.800948 0.270758 0.800948 0.279783 0.795531 0.283394 0.795531 0.290614 0.788084 0.303249 0.784699 0.305957 0.782668 0.311372 0.782668 0.318592 0.778605 0.323105 0.779959 0.324007 0.778605 0.321300 0.775220 0.326715 0.771158 0.331227 0.772512 0.331227 0.769804 0.334838 0.769127 0.342960 0.760325 0.340253 0.756940 0.342058 0.753555 0.342960 0.756940 0.348375 0.761002 0.351083 0.761002 0.352888 0.758971 0.355596 0.759648 0.349278 0.765741 0.346570 0.765741 0.343863 0.769127 0.343863 0.772512 0.347473 0.773866 0.351986 0.780636 0.355596 0.780636 0.357401 0.778605 0.362816 0.783345 0.360108 0.788084 0.363718 0.788761 0.363718 0.792823 0.360108 0.794854 0.362816 0.795531 0.365523 0.794177 0.370939 0.798240 0.364621 0.801625 0.352888 0.804333 0.341155 0.811781 0.322202 0.817197 0.318592 0.819905 0.305054 0.824645 0.301444 0.828030 0.286101 0.830061 0.278881 0.833446 0.272563 0.834800 0.267148 0.834123 0.265343 0.836154 0.255415 0.837508 0.247292 0.842248 0.244585 0.842248 0.245487 0.845633 0.241877 0.847664 0.242780 0.850372 0.251805 0.851726 0.291516 0.850372 0.295126 0.848341 0.306859 0.846310 0.312274 0.846987 0.314982 0.844956 0.316787 0.846310 0.319495 0.846310 0.321300 0.844279 0.326715 0.845633 0.326715 0.842248 0.331227 0.842925 0.338448 0.837508 0.342960 0.838863 0.367329 0.832092 0.369134 0.834123 0.376354 0.836154 0.378159 0.839540 0.388087 0.846987 0.391697 0.844279 0.397112 0.845633 0.399819 0.842925 0.408845 0.845633 0.406137 0.850372 0.411552 0.853758 0.419675 0.847664 0.425090 0.853081 0.429603 0.865944 0.435018 0.872038 0.454874 0.880840 0.458484 0.879485 0.463899 0.880840 0.478339 0.876100 0.483755 0.876777 0.494585 0.873392 0.495487 0.870684 0.505415 0.864590 0.511733 0.865267 0.518051 0.863236 0.541516 0.876100 0.548736 0.882194 0.555957 0.883548 0.560469 0.886256 0.577617 0.887610 0.602888 0.880162 0.622744 0.865267 0.630866 0.855789 0.632671 0.859174 0.646209 0.868653 0.655235 0.870684 0.668773 0.859851 0.686823 0.849018 0.694043 0.842925 0.695848 0.836831 0.700361 0.833446 0.709386 0.832092 0.712996 0.829384 0.717509 0.830061 0.722022 0.828707 0.724729 0.830061 0.724729 0.825999 0.730144 0.828030 0.732852 0.831415 0.733755 0.828707 0.730144 0.828030 0.731047 0.825999 0.728339 0.822613 0.738267 0.819905 0.740072 0.817197 0.741877 0.818551 0.740072 0.822613 0.741877 0.821259 0.744585 0.822613 0.741877 0.823968 0.739170 0.829384 0.740975 0.834123 0.738267 0.836154 0.738267 0.838863 0.733755 0.840894 0.736462 0.844956 0.734657 0.847664 0.734657 0.858497 0.740072 0.859851 0.753610 0.859174 0.755415 0.857820 0.760830 0.858497 0.779783 0.851049 0.790614 0.833446 0.794224 0.814489 0.805054 0.797563 0.807762 0.797563 0.814079 0.802302 0.817690 0.801625 0.821300 0.804333 0.838448 0.803656 0.829422 0.790115 0.835740 0.784699 0.839350 0.777251 0.845668 0.774543 0.851083 0.775897 0.855596 0.773189 0.855596 0.769804 0.849278 0.761002 0.833032 0.747461 0.857401 0.736628 0.885379 0.712255 0.892599 0.709546 0.907942 0.697360 0.932310 0.686527 0.941336 0.677725 0.941336 0.673663 0.939531 0.672309 0.923285 0.674340 0.919675 0.670278 0.928700 0.663507 0.938628 0.660799 0.943141 0.651997 0.944043 0.641842 0.932310 0.624238 0.916968 0.614760 0.909747 0.612729 0.903430 0.607989 0.901625 0.603927 0.913357 0.595802 0.915162 0.587001 0.918773 0.583615 0.935018 0.578876 0.929603 0.570752 0.915162 0.561273 0.915162 0.556534 0.917870 0.554502 0.917870 0.543670 0.911552 0.525389 0.906137 0.515911 0.890794 0.501016 0.872744 0.500339 0.870036 0.498307 0.870036 0.495599 0.876354 0.490860 0.884477 0.475288 0.884477 0.457684 0.873646 0.439404 0.853791 0.422478 0.851986 0.417739 0.853791 0.410968 0.850181 0.403521 0.839350 0.395396 0.826715 0.391334 0.809567 0.393365 0.806859 0.391334 0.803249 0.383209 0.796931 0.377116 0.796029 0.368991 0.789711 0.359513 0.774368 0.354096 0.767148 0.348680 0.764440 0.349357 0.755415 0.339201
5 0.768051 0.461747 0.758123 0.460393 0.754513 0.461747 0.720217 0.462424 0.692238 0.465132 0.675993 0.469871 0.674188 0.476642 0.676895 0.480027 0.680505 0.476642 0.691336 0.477319 0.703069 0.484089 0.718412 0.486798 0.724729 0.486121 0.735560 0.481381 0.748195 0.480027 0.753610 0.482058 0.756318 0.479350 0.755415 0.474611 0.757220 0.471225 0.766245 0.465809
5 0.605596 0.547732 0.606498 0.549763 0.613718 0.550440 0.618231 0.553148 0.657040 0.559242 0.676895 0.566689 0.694043 0.578199 0.705776 0.607989 0.713899 0.620853 0.720217 0.625592 0.734657 0.631686 0.745487 0.631686 0.751805 0.627624 0.754513 0.622884 0.753610 0.620853 0.744585 0.616114 0.737365 0.615437 0.732852 0.606635 0.735560 0.596479 0.739170 0.593771 0.749097 0.578876 0.750000 0.572106 0.753610 0.565335 0.753610 0.559242 0.750903 0.555856 0.733755 0.551794 0.686823 0.551794 0.633574 0.546378
5 0.548736 0.649289 0.540614 0.664184 0.540614 0.677725 0.548736 0.690589 0.562274 0.702099 0.574910 0.706161 0.579422 0.710223 0.598375 0.718348 0.609206 0.721733 0.619134 0.722410 0.628159 0.725796 0.665162 0.728504 0.672383 0.725118 0.674188 0.719702 0.666968 0.712255 0.586643 0.679756 0.572202 0.668246 0.569495 0.662830 0.570397 0.658091 0.573105 0.656060 0.583935 0.654028 0.591155 0.647935 0.591155 0.643196 0.588448 0.643873 0.584838 0.641165 0.572202 0.639133 0.556859 0.643873
5 0.592058 0.744753 0.585740 0.744753 0.571300 0.748815 0.546931 0.765741 0.533394 0.781991 0.530686 0.789438 0.524368 0.797563 0.517148 0.821936 0.518051 0.843602 0.522563 0.857820 0.527076 0.865267 0.536101 0.873392 0.548736 0.880840 0.556859 0.884225 0.567690 0.886256 0.582130 0.885579 0.592960 0.881517 0.601986 0.874069 0.611913 0.871361 0.624549 0.855112 0.623646 0.842925 0.634477 0.842248 0.638989 0.838863 0.638989 0.836154 0.635379 0.833446 0.631769 0.836154 0.627256 0.833446 0.624549 0.842248 0.619134 0.842248 0.619134 0.846310 0.618231 0.844956 0.606498 0.844956 0.601986 0.848341 0.598375 0.853758 0.601986 0.860528 0.601986 0.865267 0.592960 0.875423 0.575812 0.878131 0.573105 0.876777 0.568592 0.877454 0.561372 0.876100 0.555054 0.871361 0.547834 0.849695 0.548736 0.830061 0.566787 0.790792 0.570397 0.788084 0.579422 0.774543 0.594765 0.765064 0.595668 0.760325 0.600181 0.755586 0.600181 0.748138
5 0.440433 0.775897 0.436823 0.772512 0.424188 0.773866 0.419675 0.777251 0.398917 0.785376 0.379964 0.796209 0.358303 0.805687 0.314079 0.820582 0.297834 0.828030 0.258123 0.836831 0.249097 0.840217 0.243682 0.846310 0.239170 0.844956 0.239170 0.847664 0.242780 0.850372 0.245487 0.850372 0.247292 0.848341 0.250000 0.851726 0.272563 0.851049 0.299639 0.845633 0.326715 0.843602 0.356498 0.835477 0.370036 0.828707 0.413357 0.812458 0.429603 0.803656 0.435921 0.797563 0.437726 0.790115 0.442238 0.784022
5 0.940433 0.674340 0.931408 0.674340 0.927798 0.677725 0.925993 0.676371 0.915162 0.677725 0.913357 0.679756 0.906137 0.681787 0.904332 0.687204 0.900722 0.685850 0.892599 0.686527 0.877256 0.692620 0.873646 0.696682 0.853791 0.708192 0.841155 0.717671 0.814079 0.731212 0.812274 0.737305 0.827617 0.748138 0.834838 0.748815 0.862816 0.733920 0.874549 0.721733 0.888989 0.712255 0.894404 0.705484 0.904332 0.701422 0.924188 0.687881 0.933213 0.685850 0.940433 0.678402
5 0.775271 0.701422 0.767148 0.709546 0.765343 0.716994 0.765343 0.735951 0.773466 0.747461 0.797834 0.765064 0.817690 0.773189 0.838448 0.775897 0.851986 0.771158 0.843863 0.758294 0.820397 0.742722 0.798736 0.725118 0.789711 0.704807
5 0.771661 0.754909 0.752708 0.756263 0.749097 0.754232 0.742780 0.754909 0.742780 0.759648 0.746390 0.765741 0.761733 0.779282 0.756318 0.790115 0.754513 0.801625 0.750000 0.806364 0.749097 0.811104 0.743682 0.815166 0.737365 0.842248 0.734657 0.844279 0.732852 0.855112 0.733755 0.858497 0.738267 0.861205 0.761733 0.858497 0.781588 0.850372 0.791516 0.830061 0.793321 0.814489 0.797834 0.810427 0.804152 0.796209 0.818592 0.800271 0.822202 0.803656 0.834838 0.802979 0.834838 0.798240 0.821300 0.787407 0.821300 0.776574 0.814079 0.772512 0.807762 0.771835 0.788809 0.760325 0.785199 0.760325
5 0.821300 0.536222 0.813177 0.535545 0.809567 0.536899 0.800542 0.547055 0.795126 0.558565 0.760830 0.605281 0.752708 0.622207 0.755415 0.628301 0.763538 0.628978 0.768051 0.627624 0.780686 0.616791 0.796931 0.593094 0.804152 0.572106 0.815884 0.550440 0.825812 0.541638
5 0.715704 0.403521 0.712094 0.409614 0.712094 0.417062 0.722022 0.444144 0.722924 0.457007 0.729242 0.460393 0.754513 0.460393 0.766245 0.457007 0.769856 0.453622 0.773466 0.444821 0.774368 0.438727 0.771661 0.432634 0.763538 0.426540 0.753610 0.424509 0.741877 0.416385 0.732852 0.407583 0.723827 0.403521
5 0.623646 0.375085 0.624549 0.380501 0.629061 0.383209 0.659747 0.383209 0.720217 0.397427 0.728339 0.394042 0.731047 0.385917 0.731047 0.380501 0.729242 0.379147 0.722924 0.380501 0.717509 0.378470 0.704874 0.377793 0.677798 0.366283 0.668773 0.365606 0.654332 0.368314 0.631769 0.368314 0.626354 0.369668
5 0.742780 0.344617 0.738267 0.346649 0.733755 0.353419 0.731047 0.374408 0.741877 0.385240 0.749097 0.385917 0.764440 0.377116 0.764440 0.359513 0.762635 0.354096 0.756318 0.347326 0.749097 0.344617
3 0.284296 0.235613 0.275271 0.235613 0.266245 0.231550 0.259928 0.230873 0.251805 0.232905 0.245487 0.238998 0.231949 0.245768 0.215704 0.241706 0.187726 0.241029 0.157040 0.244414 0.134477 0.249154 0.096570 0.264049 0.079422 0.274204 0.063177 0.288422 0.047834 0.311442 0.043321 0.333108 0.044224 0.358835 0.047834 0.374408 0.054152 0.387949 0.054152 0.400812 0.038809 0.417062 0.022563 0.429248 0.000000 0.442789 0.000000 0.544347 0.006318 0.540961 0.045126 0.503724 0.060469 0.485443 0.064982 0.475965 0.073105 0.467840 0.079422 0.455653 0.083935 0.451591 0.087545 0.441435 0.092960 0.436696 0.095668 0.425186 0.101986 0.420447 0.109206 0.408937 0.116426 0.404198 0.131769 0.377793 0.138087 0.372376 0.143502 0.370345 0.157942 0.353419 0.190433 0.331754 0.201264 0.327691 0.222022 0.316181 0.236462 0.311442 0.240975 0.311442 0.259025 0.304672 0.281588 0.305349 0.293321 0.303318 0.312274 0.280298 0.313177 0.270142 0.304152 0.262695 0.300542 0.256601 0.288809 0.251185 0.287906 0.238998
