5 0.626354 0.340555 0.609206 0.353419 0.602888 0.364252 0.601083 0.374408 0.603791 0.383209 0.607401 0.387271 0.618231 0.389303 0.663357 0.391334 0.708484 0.399458 0.722022 0.405552 0.759928 0.415030 0.779783 0.428571 0.783394 0.433311 0.801444 0.447529 0.811372 0.459039 0.828520 0.472580 0.836643 0.491537 0.855596 0.522004 0.856498 0.530129 0.862816 0.543670 0.876354 0.559919 0.885379 0.563981 0.885379 0.568043 0.880866 0.574814 0.874549 0.578876 0.867329 0.587001 0.865523 0.599188 0.862816 0.603927 0.862816 0.608666 0.865523 0.612051 0.870939 0.613406 0.880866 0.612729 0.924188 0.578876 0.928700 0.577522 0.935921 0.572106 0.936823 0.564658 0.928700 0.556534 0.955776 0.545701 0.961191 0.541638 0.960289 0.534191 0.948556 0.518619 0.945848 0.511171 0.945848 0.504401 0.952166 0.496276 0.953971 0.486798 0.939531 0.465809 0.937726 0.459039 0.934116 0.454299 0.908845 0.434665 0.906137 0.429926 0.890794 0.419093 0.873646 0.402844 0.846570 0.385917 0.834838 0.373053 0.797834 0.352742 0.787906 0.350034 0.759928 0.350034 0.723827 0.343940 0.707581 0.343263 0.694043 0.339201 0.684116 0.333785 0.670578 0.330399 0.657040 0.330399
5 0.111011 0.407583 0.111011 0.412999 0.118231 0.421124 0.144404 0.440081 0.145307 0.442789 0.141697 0.446852 0.143502 0.450914 0.148917 0.454299 0.167870 0.457007 0.173285 0.461070 0.185921 0.464455 0.222924 0.463101 0.263538 0.457684 0.308664 0.437373 0.311372 0.434665 0.314079 0.423832 0.316787 0.420447 0.314079 0.416385 0.314982 0.411645 0.309567 0.412999 0.307762 0.411645 0.297834 0.410968 0.294224 0.412999 0.283394 0.412999 0.277076 0.417062 0.251805 0.426540 0.247292 0.431280 0.236462 0.433988 0.216606 0.422478 0.191336 0.412999 0.184116 0.415708 0.178700 0.424509 0.173285 0.424509 0.157942 0.418416 0.155235 0.415030 0.131769 0.406229 0.118231 0.403521
5 0.149819 0.468517 0.142599 0.473934 0.137184 0.486121 0.133574 0.516588 0.137184 0.527420 0.147112 0.540284 0.153430 0.556534 0.157942 0.579553 0.157040 0.592417 0.162455 0.593094 0.169675 0.587678 0.174188 0.578876 0.175090 0.547732 0.166968 0.499661 0.160650 0.477996 0.156137 0.469871
5 0.075812 0.500339 0.071300 0.504401 0.072202 0.513879 0.085740 0.534191 0.094765 0.553825 0.100181 0.557211 0.107401 0.553825 0.129061 0.534191 0.130866 0.528775 0.125451 0.523358 0.123646 0.518619 0.117329 0.515911 0.110108 0.509140 0.092058 0.501693
5 0.211191 0.542993 0.203971 0.542993 0.180505 0.553148 0.175993 0.559919 0.175090 0.575491 0.172383 0.578876 0.172383 0.583615 0.175090 0.583615 0.185018 0.576168 0.187726 0.572106 0.208484 0.555179 0.212996 0.549086 0.212996 0.544347
5 0.158845 0.583615 0.153430 0.584970 0.140794 0.596479 0.134477 0.605281 0.134477 0.612729 0.139892 0.612051 0.151625 0.603250 0.154332 0.603250 0.167870 0.591740
5 0.270758 0.496953 0.262635 0.492891 0.253610 0.492891 0.243682 0.495599 0.232852 0.501016 0.203069 0.524712 0.203971 0.532160 0.212996 0.534868 0.234657 0.530806 0.250903 0.524035 0.261733 0.513879 0.270758 0.499661
5 0.366426 0.503047 0.364621 0.504401 0.364621 0.509817 0.367329 0.515234 0.373646 0.522004 0.378159 0.530806 0.388087 0.540284 0.393502 0.550440 0.404332 0.561950 0.413357 0.575491 0.416065 0.582938 0.425090 0.589032 0.437726 0.589032 0.445848 0.580907 0.445848 0.572783 0.437726 0.549763 0.420578 0.524712 0.407942 0.513202 0.407942 0.508463 0.413357 0.501693 0.418773 0.498307 0.420578 0.492891 0.415162 0.492214 0.408845 0.493568 0.403430 0.498307 0.398014 0.499661 0.391697 0.498307
5 0.351083 0.496953 0.346570 0.491537 0.335740 0.488829 0.304152 0.492214 0.295126 0.495599 0.292419 0.498984 0.297834 0.504401 0.315884 0.507786 0.327617 0.507786 0.349278 0.501016
5 0.291516 0.500339 0.287004 0.498984 0.274368 0.500339 0.263538 0.511848 0.259928 0.517942 0.260830 0.521327 0.266245 0.522681 0.295126 0.517265 0.297834 0.513879 0.297834 0.510494
5 0.235560 0.464455 0.196751 0.465132 0.193141 0.467163 0.193141 0.471903 0.202166 0.487475 0.208484 0.504401 0.208484 0.511171 0.211191 0.513879 0.213899 0.513879 0.217509 0.511171 0.220217 0.502370 0.222022 0.501016 0.223827 0.501693 0.223827 0.496953 0.229242 0.489506 0.233755 0.486798 0.233755 0.477319 0.238267 0.467163
5 0.154332 0.458362 0.150722 0.462424 0.150722 0.467163 0.158845 0.473257 0.164260 0.475288 0.170578 0.474611 0.175993 0.470548 0.174188 0.463778 0.165162 0.459039
5 0.096570 0.649289 0.086643 0.656737 0.078520 0.671632 0.079422 0.679756 0.082130 0.682464 0.091155 0.685173 0.100181 0.685173 0.117329 0.679079 0.125451 0.674340 0.128159 0.668246 0.128159 0.664861 0.125451 0.662830 0.106498 0.657414
5 0.190433 0.645904 0.180505 0.653351 0.172383 0.664184 0.163357 0.691266 0.162455 0.701422 0.166968 0.704807 0.176895 0.706838 0.183213 0.706838 0.189531 0.704807 0.201264 0.706161 0.210289 0.700745 0.219314 0.685850 0.220217 0.660122 0.213899 0.655383 0.196751 0.650643
5 0.221119 0.683142 0.210289 0.699391 0.200361 0.706838 0.184116 0.706838 0.179603 0.709546 0.175993 0.731212 0.175993 0.746784 0.181408 0.756263 0.185921 0.756940 0.192238 0.752877 0.219314 0.723764 0.223827 0.713609 0.223827 0.692620
5 0.189531 0.641165 0.189531 0.645227 0.194043 0.649289 0.228339 0.662153 0.244585 0.664184 0.251805 0.667569 0.271661 0.667569 0.277978 0.663507 0.277076 0.659445 0.273466 0.657414 0.254513 0.655383 0.242780 0.641842 0.236462 0.639810 0.216606 0.627624 0.202166 0.627624 0.195848 0.632363
5 0.263538 0.672986 0.258123 0.677048 0.251805 0.691266 0.251805 0.740691 0.258123 0.779959 0.263538 0.784022 0.263538 0.792146 0.266245 0.798240 0.276173 0.802979 0.283394 0.798240 0.288809 0.780636 0.289711 0.716994 0.282491 0.691266 0.275271 0.677048 0.271661 0.673663
5 0.229242 0.664861 0.224729 0.669601 0.224729 0.706161 0.227437 0.724441 0.233755 0.733920 0.239170 0.752877 0.247292 0.767095 0.251805 0.779959 0.259928 0.790792 0.264440 0.793500 0.265343 0.788761 0.258123 0.772512 0.251805 0.729858 0.250903 0.697360 0.255415 0.672986 0.252708 0.670278 0.240975 0.670278 0.238267 0.666892 0.233755 0.664861
5 0.337545 0.658768 0.337545 0.662830 0.346570 0.664184 0.351986 0.668923 0.357401 0.679079 0.362816 0.680433 0.364621 0.689912 0.372744 0.696682 0.376354 0.702099 0.395307 0.716317 0.401625 0.718348 0.418773 0.717671 0.426895 0.714286 0.446751 0.701422 0.446751 0.696682 0.439531 0.693297 0.421480 0.691266 0.400722 0.685173 0.392599 0.679079 0.388087 0.672309 0.380866 0.666215 0.377256 0.666215 0.373646 0.662830 0.358303 0.657414 0.353791 0.658768 0.350181 0.657414 0.340253 0.657414
5 0.425090 0.605958 0.418773 0.603927 0.407942 0.603927 0.390794 0.610020 0.387184 0.616114 0.387184 0.627624 0.377256 0.633717 0.363718 0.649966 0.369134 0.656060 0.383574 0.662153 0.388989 0.662153 0.405235 0.654028 0.407040 0.649966 0.419675 0.638456 0.425993 0.627624 0.428700 0.610697
5 0.444946 0.705484 0.440433 0.705484 0.426895 0.716994 0.419675 0.719025 0.405235 0.720379 0.386282 0.716994 0.377256 0.721733 0.352888 0.739336 0.342058 0.750846 0.326715 0.758971 0.305054 0.779282 0.290614 0.789438 0.288809 0.798240 0.296029 0.799594 0.318592 0.796886 0.336643 0.786053 0.365523 0.772512 0.380866 0.759648 0.388087 0.756940 0.393502 0.752200 0.401625 0.749492 0.443141 0.715640 0.445848 0.709546
5 0.293321 0.719025 0.290614 0.721733 0.288809 0.733243 0.289711 0.765741 0.291516 0.769804 0.294224 0.769804 0.297834 0.773866 0.304152 0.774543 0.340253 0.747461 0.343863 0.739336 0.340253 0.735274 0.302347 0.721056
5 0.294224 0.696005 0.296029 0.702099 0.321300 0.709546 0.333935 0.710223 0.341155 0.706161 0.347473 0.706161 0.355596 0.708869 0.369134 0.708869 0.375451 0.705484 0.372744 0.697360 0.364621 0.691266 0.350181 0.683142 0.341155 0.681110 0.321300 0.681110 0.315884 0.682464 0.298736 0.690589
5 0.352888 0.548409 0.345668 0.546378 0.336643 0.546378 0.327617 0.549086 0.305054 0.549086 0.290614 0.553825 0.258123 0.579553 0.251805 0.589709 0.251805 0.593771 0.256318 0.599865 0.269856 0.605281 0.282491 0.616791 0.293321 0.620176 0.305054 0.620176 0.319495 0.617468 0.328520 0.614083 0.331227 0.611374 0.333935 0.612051 0.342960 0.608666 0.359206 0.596479 0.357401 0.591740 0.352888 0.592417 0.351083 0.591063 0.351986 0.580230 0.348375 0.576845 0.349278 0.572783 0.357401 0.569397 0.360108 0.563304 0.358303 0.552471
5 0.280686 0.412999 0.283394 0.414353 0.303249 0.412999 0.317690 0.418416 0.349278 0.410968 0.356498 0.405552 0.357401 0.397427 0.354693 0.395396 0.346570 0.394042 0.314982 0.393365 0.305054 0.394719 0.298736 0.396750 0.294224 0.400812 0.283394 0.406229 0.280686 0.408937
5 0.380866 0.341232 0.381769 0.347326 0.385379 0.350034 0.406137 0.357481 0.425993 0.360190 0.435921 0.359513 0.447653 0.343940 0.446751 0.340555 0.436823 0.337847 0.389892 0.337847 0.382671 0.339201
5 0.495487 0.301963 0.492780 0.302640 0.489170 0.310088 0.477437 0.320244 0.453069 0.337847 0.438628 0.357481 0.438628 0.370345 0.447653 0.377116 0.453971 0.377793 0.460289 0.373731 0.490975 0.339878 0.496390 0.329045 0.497292 0.312796
5 0.526173 0.312119 0.517148 0.314150 0.498195 0.329722 0.496390 0.338524 0.505415 0.352065 0.513538 0.351388 0.530686 0.345972 0.536101 0.342586 0.544224 0.331754 0.542419 0.323629
5 0.601986 0.287068 0.595668 0.285037 0.586643 0.288422 0.552347 0.314150 0.548736 0.314150 0.537906 0.307380 0.529783 0.307380 0.516245 0.313473 0.497292 0.329045 0.493682 0.342586 0.499097 0.349357 0.498195 0.354096 0.502708 0.358158 0.509928 0.352742 0.536101 0.343940 0.544224 0.335816 0.551444 0.335139 0.564079 0.337170 0.587545 0.356804 0.594765 0.358835 0.597473 0.358158 0.620939 0.329722 0.622744 0.324983 0.620939 0.318213 0.613718 0.315504 0.594765 0.317536 0.577617 0.328368 0.574910 0.328368 0.573105 0.326337 0.580325 0.316181 0.600181 0.299932 0.602888 0.293839
4 0.358303 0.523358 0.346570 0.520650 0.327617 0.519973 0.314079 0.516588 0.304152 0.518619 0.298736 0.517942 0.266245 0.524035 0.243682 0.533514 0.218412 0.553825 0.212094 0.563981 0.210289 0.574814 0.204874 0.586324 0.208484 0.603927 0.207581 0.616114 0.214801 0.624238 0.245487 0.642519 0.257220 0.652674 0.286101 0.659445 0.297834 0.657414 0.324910 0.657414 0.334838 0.656060 0.359206 0.648612 0.371841 0.639133 0.386282 0.614760 0.388087 0.605281 0.382671 0.598510 0.372744 0.591740 0.380866 0.569397 0.379964 0.557888 0.375451 0.548409 0.368231 0.543670 0.364621 0.536899 0.365523 0.528775
4 0.136282 0.532160 0.133574 0.532160 0.127256 0.536222 0.117329 0.546378 0.109206 0.551794 0.097473 0.563981 0.086643 0.581584 0.074007 0.591063 0.064079 0.594448 0.062274 0.596479 0.057762 0.610697 0.058664 0.620176 0.064079 0.630332 0.073105 0.636425 0.088448 0.639133 0.100181 0.638456 0.121841 0.631009 0.133574 0.621530 0.137184 0.603250 0.141697 0.596479 0.147112 0.592417 0.154332 0.578199 0.154332 0.566012 0.149819 0.548409 0.141697 0.534868
4 0.139892 0.532160 0.132671 0.532160 0.117329 0.545701 0.110108 0.549763 0.107401 0.555856 0.102888 0.557211 0.101986 0.559919 0.096570 0.563981 0.090253 0.577522 0.083935 0.584970 0.078520 0.588355 0.075812 0.592417 0.072202 0.591740 0.063177 0.595802 0.058664 0.609343 0.058664 0.619499 0.064079 0.630332 0.073105 0.636425 0.086643 0.639133 0.098375 0.638456 0.119134 0.631686 0.125451 0.625592 0.132671 0.623561 0.136282 0.603250 0.141697 0.595125 0.147112 0.592417 0.155235 0.576845 0.153430 0.555179 0.147112 0.540284
4 0.185018 0.471903 0.175090 0.474611 0.171480 0.477996 0.170578 0.483412 0.165162 0.485443 0.165162 0.497630 0.170578 0.515911 0.172383 0.540961 0.176895 0.550440 0.187726 0.546378 0.189531 0.538930 0.198556 0.530129 0.203069 0.522004 0.204874 0.513879 0.203971 0.500339 0.199458 0.486798
4 0.197653 0.585647 0.180505 0.584970 0.173285 0.589032 0.157040 0.601219 0.153430 0.605958 0.141697 0.611374 0.137184 0.617468 0.133574 0.631009 0.130866 0.633040 0.125451 0.633717 0.122744 0.640487 0.120036 0.638456 0.111913 0.639810 0.109206 0.641842 0.108303 0.647258 0.103791 0.649289 0.103791 0.651997 0.111011 0.656737 0.120939 0.657414 0.135379 0.662830 0.148917 0.664184 0.170578 0.663507 0.177798 0.656060 0.191336 0.635748 0.202166 0.624238 0.203069 0.597833 0.202166 0.591063
4 0.409747 0.654705 0.408845 0.660799 0.412455 0.668923 0.419675 0.675017 0.422383 0.680433 0.430505 0.687204 0.446751 0.694651 0.461191 0.708869 0.466606 0.711578 0.473827 0.712932 0.481047 0.712255 0.501805 0.700745 0.508123 0.699391 0.533394 0.699391 0.542419 0.695328 0.543321 0.689235 0.534296 0.681110 0.527076 0.677048 0.517148 0.675694 0.494585 0.655383 0.474729 0.643196 0.457581 0.636425 0.444946 0.634394 0.437726 0.635748 0.434116 0.638456 0.429603 0.638456 0.425090 0.640487
4 0.534296 0.703453 0.522563 0.700745 0.500903 0.702099 0.492780 0.706838 0.484657 0.716317 0.470217 0.727150 0.465704 0.737305 0.463899 0.750846 0.453971 0.775897 0.456679 0.784699 0.465704 0.785376 0.482852 0.780636 0.504513 0.770481 0.550542 0.755586 0.566787 0.747461 0.566787 0.731212 0.557762 0.721056
4 0.444043 0.720379 0.431408 0.726473 0.410650 0.745430 0.397112 0.752200 0.374549 0.767095 0.373646 0.772512 0.380866 0.777251 0.390794 0.788761 0.396209 0.791469 0.412455 0.795531 0.423285 0.795531 0.435921 0.788761 0.444946 0.781313 0.452166 0.771835 0.458484 0.758971 0.460289 0.750169 0.453069 0.729181 0.445848 0.723764
4 0.313177 0.715640 0.314079 0.722410 0.317690 0.722410 0.322202 0.725796 0.325812 0.725796 0.351083 0.735274 0.351986 0.743399 0.355596 0.743399 0.361011 0.736628 0.366426 0.737305 0.370939 0.734597 0.371841 0.737305 0.373646 0.737305 0.370939 0.733243 0.379061 0.727150 0.380866 0.723764 0.385379 0.724441 0.388989 0.722410 0.390794 0.727827 0.393502 0.728504 0.397112 0.725118 0.400722 0.725118 0.405235 0.721733 0.394404 0.719025 0.393502 0.716994 0.388989 0.716994 0.377256 0.709546 0.362816 0.710223 0.348375 0.706161 0.341155 0.706838 0.333935 0.710900 0.328520 0.710900
4 0.268953 0.459716 0.263538 0.476642 0.263538 0.483412 0.268953 0.488829 0.285199 0.492214 0.296029 0.492214 0.314079 0.488829 0.338448 0.487475 0.342058 0.488152 0.354693 0.499661 0.360108 0.501016 0.381769 0.499661 0.389892 0.495599 0.385379 0.477319 0.376354 0.459716 0.368231 0.452268 0.361913 0.450237 0.351083 0.449560 0.317690 0.442112 0.308664 0.442112 0.284296 0.448883 0.278881 0.452945 0.275271 0.453622
4 0.321300 0.421801 0.318592 0.423832 0.313177 0.440081 0.322202 0.444144 0.363718 0.451591 0.375451 0.459716 0.384477 0.475288 0.388087 0.475288 0.394404 0.467840 0.394404 0.461070 0.389892 0.446175 0.381769 0.443466 0.368231 0.435342 0.356498 0.423155 0.351986 0.421124 0.332130 0.419093
4 0.361011 0.397427 0.355596 0.410968 0.357401 0.420447 0.374549 0.436696 0.386282 0.442789 0.399819 0.444144 0.416968 0.439404 0.429603 0.438727 0.439531 0.434665 0.447653 0.425863 0.447653 0.416385 0.440433 0.405552 0.434116 0.402167 0.425993 0.400135 0.407942 0.400135 0.393502 0.391334 0.376354 0.391334
4 0.366426 0.352742 0.366426 0.357481 0.360108 0.363575 0.360108 0.368314 0.362816 0.373053 0.361011 0.381178 0.365523 0.381855 0.367329 0.391334 0.391697 0.392011 0.405235 0.399458 0.420578 0.400135 0.426895 0.398781 0.428700 0.396750 0.432310 0.384563 0.435018 0.388626 0.435018 0.394042 0.436823 0.394042 0.436823 0.376439 0.420578 0.360190 0.403430 0.357481 0.385379 0.350711 0.375451 0.350034
4 0.557762 0.337170 0.552347 0.335816 0.541516 0.336493 0.537906 0.341232 0.527978 0.347326 0.510830 0.353419 0.503610 0.361544 0.504513 0.390657 0.509025 0.399458 0.516245 0.406906 0.522563 0.406906 0.553249 0.399458 0.567690 0.398104 0.592058 0.391334 0.597473 0.387949 0.597473 0.382532 0.592960 0.370345 0.583935 0.354773 0.572202 0.343940 0.564982 0.341909
4 0.322202 0.346649 0.316787 0.354096 0.305054 0.362221 0.302347 0.368314 0.301444 0.379147 0.305957 0.385917 0.313177 0.389303 0.355596 0.392688 0.362816 0.390657 0.366426 0.387949 0.368231 0.383209 0.368231 0.376439 0.363718 0.368314 0.366426 0.358835 0.365523 0.353419 0.339350 0.345972
4 0.299639 0.361544 0.287004 0.361544 0.267148 0.367637 0.256318 0.376439 0.248195 0.387949 0.243682 0.391334 0.239170 0.400812 0.239170 0.415030 0.243682 0.420447 0.253610 0.421801 0.259928 0.419770 0.276173 0.407583 0.280686 0.406906 0.303249 0.392688 0.304152 0.387949 0.299639 0.376439 0.301444 0.363575
6 0.604693 0.390657 0.593863 0.392011 0.586643 0.394719 0.583935 0.397427 0.579422 0.396750 0.563177 0.399458 0.553249 0.404198 0.547834 0.403521 0.521661 0.407583 0.508123 0.415708 0.505415 0.420447 0.500903 0.420447 0.491877 0.423832 0.490975 0.427217 0.485560 0.429248 0.481047 0.435342 0.469314 0.437373 0.449458 0.455653 0.444043 0.466486 0.437726 0.470548 0.436823 0.475288 0.429603 0.485443 0.427798 0.496276 0.422383 0.503047 0.421480 0.522004 0.425993 0.525389 0.431408 0.534868 0.438628 0.538253 0.442238 0.537576 0.444043 0.539607 0.444946 0.561273 0.451264 0.568043 0.452166 0.584970 0.445848 0.593094 0.442238 0.595125 0.443141 0.605958 0.445848 0.615437 0.449458 0.617468 0.452166 0.622884 0.460289 0.629655 0.461191 0.632363 0.470217 0.639133 0.473827 0.639133 0.481047 0.643196 0.485560 0.648612 0.492780 0.649289 0.500903 0.656060 0.507220 0.657414 0.510830 0.662153 0.524368 0.665538 0.526173 0.666892 0.525271 0.669601 0.537004 0.672986 0.546931 0.679756 0.553249 0.681787 0.555957 0.686527 0.565884 0.688558 0.571300 0.694651 0.592960 0.697360 0.601083 0.710900 0.604693 0.712932 0.602888 0.716994 0.605596 0.716994 0.609206 0.711578 0.611913 0.710900 0.619134 0.719025 0.626354 0.721056 0.625451 0.725118 0.629061 0.725796 0.635379 0.719702 0.643502 0.724441 0.650722 0.721056 0.655235 0.722410 0.657942 0.719702 0.671480 0.721056 0.695848 0.717671 0.712996 0.704130 0.718412 0.704130 0.723827 0.702099 0.736462 0.702099 0.740975 0.697360 0.748195 0.696682 0.755415 0.691266 0.776173 0.687204 0.792419 0.673663 0.799639 0.670955 0.815884 0.658768 0.823105 0.656060 0.829422 0.647935 0.840253 0.639133 0.847473 0.626947 0.852888 0.622884 0.852888 0.619499 0.858303 0.611374 0.860108 0.595802 0.862816 0.592417 0.861913 0.587678 0.868231 0.578199 0.872744 0.576168 0.874549 0.570752 0.878159 0.570074 0.881769 0.566689 0.881769 0.563981 0.871841 0.563304 0.870036 0.566012 0.868231 0.563981 0.868231 0.556534 0.863718 0.552471 0.866426 0.548409 0.860108 0.540961 0.858303 0.532160 0.854693 0.531483 0.851986 0.528775 0.851083 0.517265 0.845668 0.509817 0.843863 0.501693 0.836643 0.498307 0.833032 0.484766 0.827617 0.473934 0.809567 0.459039 0.789711 0.438727 0.782491 0.434665 0.771661 0.423155 0.752708 0.416385 0.749097 0.413676 0.729242 0.409614 0.725632 0.406906 0.701264 0.399458 0.681408 0.397427 0.654332 0.391334
3 1.000000 0.582938 0.995487 0.581584 0.985560 0.582938 0.975632 0.575491 0.959386 0.576168 0.953069 0.572783 0.945848 0.572783 0.939531 0.574814 0.935018 0.579553 0.931408 0.580230 0.911552 0.594448 0.908845 0.594448 0.897112 0.606635 0.880866 0.618822 0.876354 0.619499 0.871841 0.623561 0.869134 0.622884 0.859206 0.626269 0.845668 0.639133 0.836643 0.650643 0.814982 0.664861 0.809567 0.670278 0.800542 0.673663 0.778881 0.689912 0.742780 0.704130 0.732852 0.715640 0.664260 0.724441 0.646209 0.729858 0.635379 0.730535 0.629964 0.733243 0.619134 0.734597 0.582130 0.747461 0.564982 0.751523 0.527978 0.765741 0.516245 0.768450 0.507220 0.773189 0.501805 0.773866 0.490975 0.779959 0.471119 0.786053 0.458484 0.794177 0.454874 0.793500 0.440433 0.797563 0.426895 0.804333 0.422383 0.805010 0.418773 0.808395 0.392599 0.815166 0.324910 0.841571 0.297834 0.850372 0.256318 0.868653 0.236462 0.874746 0.168773 0.900474 0.157942 0.903182 0.122744 0.918077 0.094765 0.927556 0.079422 0.935680 0.076715 0.940420 0.078520 0.951930 0.083032 0.954638 0.089350 0.955315 0.121841 0.947190 0.259928 0.903859 0.280686 0.896412 0.286101 0.893026 0.324910 0.882194 0.338448 0.876100 0.351083 0.873392 0.373646 0.865267 0.377256 0.861882 0.394404 0.858497 0.401625 0.855112 0.419675 0.850372 0.424188 0.846310 0.453971 0.839540 0.465704 0.835477 0.471119 0.829384 0.483755 0.828707 0.486462 0.830061 0.466606 0.842925 0.446751 0.850372 0.410650 0.871361 0.379964 0.886933 0.329422 0.907921 0.303249 0.922817 0.289711 0.927556 0.277978 0.934326 0.258123 0.942451 0.248195 0.949221 0.189531 0.973595 0.177798 0.981043 0.157040 0.988490 0.141697 0.996615 0.140794 1.000000 0.217509 1.000000 0.220217 0.997292 0.232852 0.993907 0.252708 0.984428 0.264440 0.981043 0.330325 0.952607 0.334838 0.951930 0.487365 0.885579 0.511733 0.873392 0.567690 0.850372 0.629061 0.819228 0.703971 0.773189 0.731047 0.761679 0.752708 0.758294 0.788809 0.760325 0.839350 0.759648 0.862816 0.756940 0.906137 0.746107 0.931408 0.734597 0.961191 0.713609 0.973827 0.700745 0.984657 0.685173 0.993682 0.656060 0.992780 0.643873 0.988267 0.638456 0.997292 0.621530 1.000000 0.620176
