0 0.913675 0.524038 0.895726 0.517788 0.882906 0.514904 0.860684 0.504808 0.843590 0.499038 0.818803 0.486058 0.791453 0.477404 0.783761 0.473558 0.779487 0.469712 0.772650 0.467788 0.764103 0.462500 0.737607 0.457212 0.712821 0.455769 0.709402 0.454327 0.703419 0.453846 0.684615 0.454327 0.681197 0.455288 0.664103 0.453365 0.643590 0.453365 0.623077 0.457212 0.603419 0.456250 0.597436 0.454327 0.577778 0.454327 0.571795 0.455769 0.564103 0.455769 0.557265 0.457692 0.533333 0.457692 0.528205 0.460096 0.505983 0.464904 0.501709 0.464904 0.497436 0.466827 0.473504 0.470192 0.458974 0.475481 0.439316 0.477404 0.427350 0.481731 0.404274 0.486058 0.395726 0.491346 0.386325 0.495192 0.381197 0.499519 0.374359 0.501923 0.366667 0.507692 0.350427 0.514904 0.338462 0.518269 0.333333 0.522115 0.322222 0.526442 0.317949 0.529808 0.309402 0.532212 0.303419 0.537019 0.296581 0.539904 0.294017 0.544231 0.285470 0.549038 0.268376 0.563462 0.243590 0.598077 0.241880 0.604327 0.245299 0.642308 0.243590 0.694712 0.252137 0.714904 0.258120 0.721635 0.258974 0.725000 0.264103 0.728365 0.270940 0.736058 0.280342 0.750481 0.284615 0.752404 0.288034 0.756250 0.302564 0.763462 0.332479 0.783654 0.356410 0.794231 0.376923 0.805769 0.404274 0.814904 0.420513 0.816346 0.445299 0.815865 0.447009 0.814904 0.452137 0.815865 0.455556 0.813942 0.471795 0.812500 0.498291 0.815385 0.509402 0.810096 0.513675 0.809135 0.517949 0.809615 0.524786 0.806731 0.556410 0.803365 0.566667 0.803365 0.579487 0.800962 0.588889 0.796635 0.596581 0.795673 0.605983 0.792308 0.619658 0.789423 0.629060 0.788942 0.637607 0.786058 0.647009 0.785096 0.650427 0.783173 0.674359 0.781250 0.685470 0.778365 0.689744 0.778846 0.716239 0.772596 0.721368 0.773077 0.743590 0.767308 0.751282 0.770192 0.756410 0.770192 0.759829 0.772115 0.771795 0.772115 0.781197 0.774519 0.800855 0.774038 0.807692 0.772596 0.813675 0.773558 0.831624 0.773077 0.837607 0.771635 0.849573 0.764904 0.852137 0.760577 0.865812 0.755769 0.868376 0.752404 0.873504 0.751442 0.878632 0.748558 0.885470 0.741827 0.892308 0.730288 0.899145 0.725000 0.900000 0.720673 0.913675 0.708654 0.917949 0.700481 0.929060 0.693750 0.941026 0.666346 0.946154 0.662019 0.947009 0.658654 0.952137 0.656250 0.954701 0.651442 0.959829 0.647115 0.959829 0.622115 0.954701 0.609135 0.951282 0.588462 0.942735 0.572596 0.938462 0.568750 0.935043 0.550962 0.929915 0.539904 0.922222 0.530288
4 0.567521 0.359135 0.558974 0.358173 0.547009 0.358654 0.545299 0.359615 0.531624 0.360096 0.522222 0.362019 0.517094 0.360096 0.513675 0.364904 0.500000 0.367308 0.496581 0.372596 0.490598 0.373077 0.486325 0.371154 0.482906 0.371635 0.474359 0.376442 0.465812 0.379327 0.459829 0.378846 0.455556 0.376923 0.450427 0.377885 0.441880 0.376442 0.427350 0.376442 0.421368 0.375000 0.416239 0.372115 0.400855 0.367788 0.396581 0.367788 0.389744 0.364904 0.370085 0.363942 0.365812 0.369231 0.367521 0.380288 0.364103 0.382692 0.361538 0.382692 0.357265 0.385096 0.322222 0.387981 0.318803 0.389904 0.313675 0.390385 0.301709 0.394712 0.282906 0.397596 0.279487 0.399038 0.274359 0.399038 0.270940 0.400481 0.267521 0.400000 0.255556 0.403365 0.251282 0.403365 0.247863 0.405769 0.236752 0.407212 0.212821 0.414423 0.197436 0.423077 0.194017 0.427885 0.183761 0.434135 0.176923 0.437019 0.174359 0.437019 0.162393 0.442788 0.134188 0.448558 0.108547 0.456250 0.071795 0.461538 0.058974 0.469712 0.052991 0.477885 0.040171 0.483173 0.036752 0.492788 0.032479 0.496635 0.024786 0.498558 0.013675 0.498558 0.005983 0.496154 0.000000 0.495673 0.000000 0.581731 0.003419 0.583654 0.000000 0.585577 0.000000 0.625481 0.003419 0.626923 0.006838 0.631731 0.020513 0.641346 0.035897 0.662019 0.058974 0.675000 0.064957 0.675481 0.071795 0.678365 0.092308 0.679808 0.094872 0.681250 0.100855 0.679808 0.111966 0.679808 0.131624 0.677885 0.141026 0.675962 0.150427 0.675962 0.169231 0.678365 0.173504 0.677404 0.184615 0.678365 0.188889 0.677404 0.225641 0.677885 0.228205 0.676442 0.233333 0.676442 0.240171 0.670673 0.241880 0.656250 0.241026 0.619231 0.237607 0.614423 0.238462 0.600962 0.245299 0.588462 0.249573 0.584135 0.250427 0.580288 0.256410 0.576442 0.258974 0.570673 0.275214 0.553365 0.279487 0.552404 0.282906 0.547115 0.288034 0.545673 0.288889 0.542788 0.300000 0.536538 0.305128 0.531250 0.311111 0.529808 0.337607 0.515865 0.341880 0.515385 0.366667 0.504327 0.381197 0.493750 0.388889 0.491346 0.394872 0.486538 0.404274 0.484135 0.409402 0.481250 0.435043 0.476442 0.439316 0.474519 0.450427 0.473558 0.462393 0.470192 0.481197 0.467308 0.494872 0.462981 0.515385 0.460096 0.535897 0.454327 0.561538 0.453846 0.582051 0.449038 0.592308 0.445192 0.595726 0.438942 0.600855 0.436058 0.608547 0.428365 0.612821 0.417308 0.613675 0.403846 0.603419 0.394231 0.599145 0.392308 0.593162 0.380769 0.587179 0.374038 0.572650 0.364904
6 0.932479 0.691346 0.930769 0.690865 0.923077 0.695192 0.919658 0.700481 0.915385 0.702404 0.906838 0.712500 0.905983 0.716827 0.900855 0.719712 0.892308 0.728846 0.889744 0.736538 0.881197 0.746635 0.860684 0.756250 0.857265 0.761058 0.853846 0.762019 0.840171 0.772596 0.830769 0.773558 0.825641 0.771635 0.813675 0.771635 0.810256 0.773558 0.805983 0.773558 0.802564 0.775000 0.783761 0.775962 0.757265 0.770673 0.730769 0.768750 0.709402 0.775481 0.703419 0.775962 0.693162 0.778846 0.659829 0.783173 0.648718 0.783654 0.634188 0.786538 0.622222 0.790385 0.602564 0.793269 0.587179 0.797115 0.581197 0.800000 0.560684 0.804327 0.529060 0.806731 0.509402 0.810096 0.497436 0.814904 0.485470 0.814423 0.479487 0.812500 0.462393 0.811058 0.458120 0.812981 0.445299 0.814423 0.440171 0.817308 0.440171 0.818750 0.453846 0.825962 0.467521 0.830769 0.486325 0.840865 0.493162 0.842788 0.512821 0.845192 0.524786 0.848558 0.536752 0.849519 0.552137 0.857692 0.586325 0.863942 0.622222 0.863942 0.641026 0.861058 0.666667 0.860096 0.670085 0.858173 0.672650 0.854327 0.671795 0.844712 0.677778 0.840385 0.684615 0.839904 0.689744 0.842308 0.695726 0.850481 0.705128 0.855288 0.718803 0.856731 0.744444 0.855769 0.749573 0.853365 0.762393 0.843269 0.771795 0.838942 0.804274 0.828846 0.819658 0.827404 0.827350 0.825000 0.830769 0.825000 0.833333 0.823077 0.853846 0.816346 0.861538 0.811538 0.868376 0.799519 0.876923 0.790385 0.903419 0.776442 0.910256 0.767788 0.916239 0.763942 0.920513 0.756731 0.927350 0.737019 0.931624 0.733173 0.930769 0.705769 0.933333 0.702404
3 0.915385 0.346154 0.899145 0.348077 0.882906 0.352885 0.858974 0.366827 0.845299 0.376923 0.829915 0.394231 0.822222 0.407692 0.818803 0.419231 0.817094 0.436538 0.823932 0.456250 0.829915 0.465865 0.835897 0.470192 0.838462 0.474038 0.858974 0.487500 0.883761 0.497115 0.900855 0.500481 0.915385 0.509135 0.933333 0.534135 0.937607 0.543750 0.940171 0.559615 0.952991 0.582692 0.954701 0.592308 0.958120 0.597596 0.958974 0.604808 0.964957 0.621154 0.964957 0.633173 0.967521 0.643269 0.965812 0.649519 0.962393 0.650962 0.959829 0.655769 0.953846 0.657692 0.952137 0.663942 0.947009 0.667308 0.943590 0.679327 0.940171 0.684135 0.937607 0.732692 0.930769 0.759135 0.923077 0.804808 0.923077 0.840385 0.927350 0.845673 0.935897 0.850962 0.939316 0.856250 0.949573 0.860577 0.963248 0.869712 0.980342 0.873077 1.000000 0.873077 1.000000 0.378846 0.997436 0.377885 0.989744 0.365385 0.976068 0.362019 0.958974 0.353846 0.943590 0.349038 0.924786 0.346154
2 0.397436 0.000000 0.397436 0.001442 0.390598 0.005288 0.388889 0.013462 0.385470 0.017308 0.406838 0.165865 0.419658 0.236058 0.423077 0.278846 0.426496 0.295192 0.434188 0.300481 0.441026 0.301923 0.498291 0.300481 0.502564 0.298558 0.524786 0.300000 0.540171 0.299038 0.560684 0.299519 0.611111 0.282212 0.624786 0.279327 0.637607 0.279808 0.646154 0.282212 0.654701 0.287019 0.662393 0.287981 0.668376 0.279808 0.670940 0.271635 0.672650 0.252404 0.676068 0.248077 0.680342 0.221635 0.683761 0.216346 0.710256 0.096154 0.717094 0.076442 0.720513 0.048558 0.726496 0.031250 0.726496 0.016346 0.720513 0.011058 0.717949 0.004327 0.712821 0.003365 0.710256 0.000000 0.619658 0.000000 0.621368 0.037981 0.615385 0.042308 0.597436 0.042788 0.587179 0.036538 0.587179 0.017788 0.584615 0.000000
5 0.717949 0.317308 0.713675 0.314423 0.704274 0.311538 0.644444 0.284615 0.632479 0.281250 0.618803 0.282212 0.595726 0.288462 0.561538 0.302885 0.548718 0.306731 0.517949 0.322596 0.508547 0.330288 0.504274 0.346154 0.500000 0.353846 0.500855 0.364904 0.509402 0.364904 0.529915 0.359615 0.554701 0.359135 0.563248 0.357212 0.576068 0.348077 0.581197 0.346154 0.605983 0.347596 0.629915 0.340865 0.684615 0.334615 0.713675 0.325962 0.718803 0.322115
5 0.104274 0.482212 0.100000 0.483173 0.088034 0.482692 0.082906 0.485096 0.076068 0.486058 0.063248 0.492308 0.058974 0.496635 0.040171 0.504327 0.031624 0.503846 0.029060 0.505288 0.022222 0.502404 0.017094 0.502885 0.014530 0.501442 0.000000 0.500481 0.000000 0.563462 0.004274 0.565385 0.013675 0.573558 0.024786 0.592308 0.029060 0.594712 0.029060 0.600000 0.026496 0.600962 0.023077 0.607212 0.018803 0.610577 0.018803 0.619712 0.022222 0.623077 0.026496 0.624519 0.078632 0.631250 0.089744 0.631250 0.094017 0.630288 0.096581 0.627404 0.099145 0.627404 0.103419 0.624519 0.108547 0.623077 0.111111 0.616346 0.108547 0.610577 0.096581 0.606731 0.088034 0.601442 0.084615 0.601442 0.079487 0.598077 0.079487 0.595192 0.084615 0.597115 0.087179 0.595192 0.091453 0.596635 0.095726 0.594231 0.107692 0.594231 0.115385 0.591346 0.117949 0.592788 0.123077 0.591346 0.125641 0.592308 0.128205 0.591827 0.126496 0.584135 0.123932 0.583173 0.123077 0.579327 0.119658 0.578846 0.085470 0.548558 0.078632 0.545192 0.076923 0.540385 0.072650 0.540385 0.068376 0.538942 0.062393 0.534135 0.064103 0.531731 0.067521 0.532692 0.073504 0.532212 0.081197 0.534135 0.091453 0.532212 0.096581 0.526442 0.104274 0.522596 0.109402 0.518750 0.110256 0.516346 0.123932 0.508173 0.126496 0.503846 0.124786 0.491827 0.115385 0.485577
5 0.196581 0.501442 0.188034 0.504327 0.184615 0.509135 0.183761 0.513462 0.187179 0.520673 0.194872 0.529327 0.183761 0.532212 0.179487 0.538462 0.180342 0.546154 0.185470 0.549519 0.187179 0.552404 0.200000 0.558654 0.236752 0.569712 0.248718 0.571154 0.255556 0.569231 0.264103 0.563462 0.269231 0.552885 0.278632 0.550000 0.288034 0.545192 0.296581 0.536058 0.311111 0.529327 0.317094 0.524519 0.318803 0.520673 0.316239 0.519231 0.298291 0.521635 0.275214 0.527885 0.269231 0.531731 0.252137 0.535577 0.237607 0.529327 0.232479 0.521154 0.220513 0.512981 0.215385 0.506250 0.205128 0.501442
5 0.323077 0.401442 0.312821 0.398558 0.298291 0.401923 0.294017 0.405288 0.287179 0.404327 0.280342 0.401442 0.262393 0.404327 0.257265 0.407692 0.255556 0.412019 0.255556 0.425000 0.258120 0.428365 0.282906 0.436538 0.292308 0.437019 0.300855 0.439423 0.310256 0.439423 0.317949 0.437019 0.325641 0.432212 0.330769 0.425481 0.325641 0.403846
5 0.603419 0.396154 0.599145 0.393750 0.594017 0.392788 0.585470 0.393269 0.571795 0.397115 0.546154 0.407212 0.526496 0.419231 0.526496 0.424038 0.533333 0.429327 0.542735 0.431250 0.560684 0.431731 0.569231 0.430288 0.587179 0.421154 0.606838 0.406250 0.607692 0.400481
4 0.680342 0.415865 0.673504 0.422115 0.673504 0.428365 0.680342 0.431731 0.682906 0.435096 0.705128 0.450481 0.712821 0.452885 0.739316 0.454327 0.756410 0.456731 0.769231 0.461058 0.775214 0.464423 0.776068 0.466346 0.794017 0.470192 0.799145 0.468750 0.801709 0.471154 0.797436 0.473077 0.798291 0.475481 0.804274 0.475000 0.806838 0.475962 0.814530 0.482212 0.820513 0.483173 0.827350 0.482212 0.825641 0.471154 0.823077 0.471154 0.818803 0.468269 0.814530 0.469231 0.812821 0.467788 0.811111 0.453846 0.808547 0.453846 0.806838 0.456731 0.803419 0.453365 0.798291 0.454808 0.794017 0.439904 0.785470 0.433654 0.782906 0.429327 0.781197 0.416346 0.776068 0.407692 0.763248 0.403365 0.741880 0.403846 0.727350 0.406731 0.717094 0.410577 0.695726 0.412019 0.688889 0.413462 0.685470 0.415385
