4 0.182906 0.403365 0.170940 0.401923 0.163248 0.403365 0.158120 0.406250 0.153846 0.414904 0.147009 0.420673 0.123932 0.429327 0.098291 0.434615 0.092308 0.437981 0.094017 0.457212 0.100000 0.467308 0.111111 0.475481 0.130769 0.483173 0.146154 0.485096 0.178632 0.484135 0.217094 0.468269 0.226496 0.458654 0.230769 0.445673 0.230769 0.436538 0.226496 0.426442 0.213675 0.415385 0.199145 0.408173
4 0.242735 0.316346 0.227350 0.324038 0.212821 0.336058 0.204274 0.348077 0.204274 0.354327 0.205983 0.356250 0.220513 0.363942 0.266667 0.382212 0.286325 0.385577 0.310256 0.386058 0.313675 0.387019 0.323932 0.385577 0.332479 0.380288 0.335043 0.364423 0.340171 0.357692 0.349573 0.337981 0.346154 0.335096 0.341026 0.336538 0.330769 0.325481 0.322222 0.324038 0.310256 0.317788 0.294872 0.313942 0.290598 0.313942 0.288034 0.312500 0.281197 0.312019 0.278632 0.312981 0.266667 0.312019
4 0.471795 0.219231 0.464103 0.224519 0.452991 0.228846 0.441880 0.239423 0.438462 0.247115 0.438462 0.257212 0.441880 0.263942 0.458120 0.279327 0.483761 0.291346 0.489744 0.292788 0.512821 0.293269 0.523932 0.296154 0.532479 0.295673 0.580342 0.268750 0.582051 0.262981 0.577778 0.255769 0.572650 0.250481 0.548718 0.236538 0.527350 0.229327 0.506838 0.225000 0.488034 0.223077 0.482906 0.221154 0.476923 0.220673 0.475214 0.219231
4 0.618803 0.341346 0.605128 0.357692 0.603419 0.363462 0.603419 0.378846 0.611111 0.391827 0.625641 0.404808 0.637607 0.409615 0.641880 0.412981 0.654701 0.413942 0.670085 0.411058 0.689744 0.411058 0.707692 0.408654 0.723932 0.408654 0.735897 0.410096 0.744444 0.409615 0.766667 0.398558 0.776923 0.390385 0.782051 0.382212 0.782051 0.369712 0.777778 0.358173 0.766667 0.344231 0.741880 0.332692 0.717094 0.326442 0.702564 0.324038 0.673504 0.324038 0.648718 0.328846
4 0.488889 0.562019 0.470085 0.562019 0.449573 0.563942 0.430769 0.567788 0.420513 0.571635 0.399145 0.584135 0.387179 0.595673 0.382906 0.603846 0.382051 0.616827 0.383761 0.624519 0.391453 0.636058 0.399145 0.643269 0.406838 0.648077 0.422222 0.654808 0.448718 0.661058 0.469231 0.663462 0.493162 0.662019 0.517949 0.656250 0.525641 0.653365 0.529915 0.647596 0.527350 0.636058 0.521368 0.623558 0.519658 0.608654 0.520513 0.604327 0.526496 0.596154 0.533333 0.591827 0.534188 0.588942 0.539316 0.584135 0.538462 0.579808 0.528205 0.572115 0.514530 0.566827
4 0.594872 0.569712 0.587179 0.570673 0.554701 0.578846 0.540171 0.585577 0.526496 0.596154 0.520513 0.603846 0.518803 0.611538 0.520513 0.623558 0.527350 0.638942 0.534188 0.647115 0.541880 0.653846 0.556410 0.662981 0.571795 0.669712 0.583761 0.672596 0.602564 0.675481 0.624786 0.675962 0.646154 0.671635 0.669231 0.664904 0.687179 0.655288 0.690598 0.647115 0.691453 0.637019 0.685470 0.598558 0.682051 0.590385 0.670940 0.585096 0.635043 0.577885 0.606838 0.569712
4 0.852137 0.638942 0.836752 0.640865 0.821368 0.644712 0.804274 0.653846 0.778632 0.687500 0.773504 0.697596 0.773504 0.708654 0.776068 0.716346 0.779487 0.718269 0.782906 0.718269 0.787179 0.721154 0.790598 0.720673 0.796581 0.727404 0.802564 0.728846 0.821368 0.739904 0.836752 0.742308 0.874359 0.742308 0.889744 0.740385 0.901709 0.737500 0.912821 0.733654 0.925641 0.725000 0.932479 0.716827 0.935897 0.709135 0.937607 0.685096 0.932479 0.671635 0.927350 0.665385 0.915385 0.656250 0.892308 0.645673 0.881197 0.642308 0.869231 0.639904
4 0.576068 0.510577 0.562393 0.533654 0.562393 0.545192 0.570940 0.551923 0.602564 0.565865 0.621368 0.571635 0.626496 0.574519 0.658974 0.581731 0.684615 0.586058 0.693162 0.586058 0.702564 0.582212 0.711111 0.571154 0.717949 0.566827 0.735897 0.564904 0.735897 0.559615 0.730769 0.552885 0.709402 0.544231 0.688889 0.539423 0.686325 0.539904 0.681197 0.537019 0.661538 0.534135 0.658120 0.532692 0.654701 0.533173 0.643590 0.529808 0.636752 0.529808 0.631624 0.527404 0.623077 0.525962 0.618803 0.522596 0.608547 0.519231 0.593162 0.511538 0.584615 0.509135 0.580342 0.509135
4 0.988889 0.575000 0.986325 0.574519 0.986325 0.576923 0.988034 0.578365 0.988889 0.585096 0.993162 0.589904 0.993162 0.596154 0.985470 0.600481 0.977778 0.601442 0.960684 0.606250 0.954701 0.611538 0.921368 0.624519 0.913675 0.625962 0.903419 0.629808 0.900855 0.636058 0.901709 0.642788 0.906838 0.649519 0.916239 0.652885 0.932479 0.652404 0.955556 0.648077 0.969231 0.642308 0.983761 0.629327 0.989744 0.619712 0.994872 0.615385 0.995726 0.611538 1.000000 0.608654 1.000000 0.581731 0.994017 0.579327
4 0.379487 0.432692 0.373504 0.431731 0.358120 0.431731 0.345299 0.434135 0.330769 0.438942 0.314530 0.446635 0.305983 0.452885 0.294872 0.465865 0.298291 0.483173 0.305983 0.495192 0.311111 0.493269 0.346154 0.462981 0.377778 0.440385 0.382906 0.435577
4 0.431624 0.389904 0.431624 0.384615 0.422222 0.376923 0.405128 0.371154 0.393162 0.372596 0.388889 0.375000 0.379487 0.376923 0.349573 0.377885 0.337607 0.381250 0.335897 0.384135 0.337607 0.387500 0.341026 0.388462 0.369231 0.390865 0.382906 0.394712 0.402564 0.403846 0.407692 0.409615 0.411966 0.408654 0.419658 0.403846 0.429060 0.395192
4 0.817094 0.604327 0.814530 0.604327 0.805983 0.610577 0.800855 0.618750 0.800855 0.635096 0.802564 0.638942 0.809402 0.642788 0.813675 0.643269 0.838462 0.639423 0.848718 0.633173 0.847863 0.626442 0.843590 0.624038 0.834188 0.614423
6 0.647009 0.178846 0.631624 0.175481 0.623932 0.171635 0.613675 0.169712 0.605983 0.166827 0.574359 0.165385 0.538462 0.169231 0.479487 0.171635 0.452991 0.175962 0.450427 0.177404 0.417094 0.179808 0.393162 0.183654 0.387179 0.181250 0.362393 0.184135 0.354701 0.183654 0.335043 0.185577 0.311966 0.185577 0.248718 0.192788 0.227350 0.193750 0.192308 0.198077 0.172650 0.199038 0.162393 0.200962 0.117949 0.203365 0.055556 0.210096 0.021368 0.215865 0.009402 0.216346 0.000000 0.218269 0.000000 0.317308 0.002564 0.320192 0.003419 0.328365 0.015385 0.363462 0.029915 0.387500 0.030769 0.392788 0.041026 0.405288 0.047009 0.408173 0.048718 0.411538 0.054701 0.416346 0.052137 0.434135 0.053846 0.451442 0.063248 0.477885 0.086325 0.514904 0.088034 0.521154 0.084615 0.526923 0.078632 0.531731 0.076068 0.536058 0.070940 0.539423 0.063248 0.549038 0.059829 0.559135 0.063248 0.584135 0.066667 0.591346 0.069231 0.593269 0.079487 0.595673 0.107692 0.596635 0.110256 0.597596 0.128205 0.597596 0.146154 0.595673 0.178632 0.596154 0.188034 0.594231 0.195726 0.586538 0.197436 0.582212 0.205983 0.577885 0.211966 0.571635 0.213675 0.566827 0.221368 0.562019 0.229060 0.550962 0.237607 0.546154 0.249573 0.535577 0.251282 0.524519 0.255556 0.522115 0.255556 0.520192 0.251282 0.518750 0.251282 0.516827 0.255556 0.515385 0.261538 0.515865 0.266667 0.514423 0.263248 0.510096 0.254701 0.509615 0.252991 0.511058 0.250427 0.507212 0.245299 0.505769 0.240171 0.506731 0.227350 0.504808 0.224786 0.506250 0.217949 0.501442 0.205983 0.503846 0.203419 0.502404 0.200000 0.495192 0.195726 0.495192 0.191453 0.498077 0.193162 0.499038 0.193162 0.502404 0.179487 0.506731 0.175214 0.510096 0.159829 0.510096 0.145299 0.501923 0.148718 0.499519 0.148718 0.497115 0.141880 0.494231 0.145299 0.491346 0.145299 0.489423 0.143590 0.488462 0.138462 0.489423 0.129915 0.486058 0.127350 0.482212 0.119658 0.478846 0.115385 0.478365 0.104274 0.471154 0.091453 0.455288 0.092308 0.450962 0.085470 0.439904 0.088034 0.430769 0.081197 0.428365 0.075214 0.424519 0.074359 0.420673 0.071795 0.418750 0.065812 0.417308 0.052991 0.408654 0.056410 0.400481 0.060684 0.398558 0.065812 0.398077 0.067521 0.395673 0.072650 0.393269 0.076923 0.393269 0.076923 0.390865 0.072650 0.390865 0.071795 0.389423 0.073504 0.387981 0.076068 0.387981 0.080342 0.381250 0.078632 0.376442 0.081197 0.373077 0.077778 0.370192 0.081197 0.364904 0.079487 0.361538 0.084615 0.358173 0.092308 0.359615 0.092308 0.352885 0.095726 0.350481 0.098291 0.350481 0.098291 0.349038 0.093162 0.347115 0.093162 0.345673 0.094872 0.344712 0.100000 0.345192 0.103419 0.343750 0.107692 0.344231 0.114530 0.342308 0.123077 0.343750 0.125641 0.342308 0.123077 0.333654 0.128205 0.327885 0.129060 0.323558 0.138462 0.324519 0.141880 0.321154 0.147009 0.320673 0.152137 0.322115 0.148718 0.325481 0.150427 0.327885 0.158974 0.327404 0.161538 0.324519 0.164957 0.327885 0.175214 0.327404 0.176068 0.324519 0.171795 0.323077 0.174359 0.315385 0.179487 0.317788 0.180342 0.320673 0.176923 0.321635 0.179487 0.327885 0.188889 0.330288 0.187179 0.334135 0.192308 0.335577 0.192308 0.338462 0.194017 0.338462 0.195726 0.335096 0.200855 0.335577 0.203419 0.343750 0.205128 0.344231 0.206838 0.339904 0.217949 0.330769 0.217949 0.327885 0.222222 0.324038 0.229915 0.319712 0.242735 0.314904 0.246154 0.308173 0.252991 0.309615 0.260684 0.307692 0.280342 0.307692 0.287179 0.305769 0.297436 0.307692 0.304274 0.310577 0.306838 0.313942 0.310256 0.314423 0.309402 0.310577 0.311111 0.306731 0.314530 0.304808 0.319658 0.306250 0.325641 0.304327 0.328205 0.300000 0.327350 0.296154 0.315385 0.294712 0.312821 0.293269 0.314530 0.287500 0.313675 0.281731 0.315385 0.280769 0.312821 0.276923 0.312821 0.267308 0.317949 0.263462 0.321368 0.265865 0.322222 0.272115 0.328205 0.270192 0.328205 0.266827 0.330769 0.265385 0.334188 0.267788 0.338462 0.267308 0.338462 0.271635 0.340171 0.272115 0.342735 0.271635 0.346154 0.266827 0.354701 0.266827 0.360684 0.271635 0.369231 0.268750 0.370940 0.270192 0.379487 0.270673 0.381197 0.271635 0.380342 0.275962 0.382906 0.278365 0.382906 0.280769 0.388034 0.282692 0.390598 0.288462 0.394017 0.289423 0.397436 0.287981 0.405128 0.280288 0.404274 0.273558 0.400000 0.275962 0.396581 0.275481 0.394872 0.276923 0.390598 0.275481 0.392308 0.272115 0.391453 0.266346 0.396581 0.261538 0.404274 0.262019 0.411111 0.259615 0.416239 0.262981 0.424786 0.265865 0.429915 0.260096 0.436752 0.255769 0.439316 0.244712 0.445299 0.236538 0.447009 0.230769 0.474359 0.219231 0.482906 0.222115 0.489744 0.222115 0.496581 0.225000 0.503419 0.224519 0.512821 0.226923 0.529060 0.228846 0.535897 0.230769 0.542735 0.235096 0.552137 0.237019 0.562393 0.244231 0.568376 0.245673 0.570940 0.250000 0.577778 0.252885 0.578632 0.256731 0.585470 0.259615 0.586325 0.263942 0.599145 0.266346 0.608547 0.266346 0.611111 0.265385 0.616239 0.266346 0.619658 0.265385 0.623932 0.266346 0.639316 0.261538 0.676923 0.260577 0.680342 0.258654 0.683761 0.252885 0.678632 0.229808 0.677778 0.216827 0.672650 0.204808 0.663248 0.191827 0.655556 0.184135
6 0.590598 0.268750 0.578632 0.274519 0.575214 0.279808 0.566667 0.280769 0.561538 0.282692 0.554701 0.288462 0.548718 0.291346 0.546154 0.295192 0.532479 0.301923 0.529915 0.311058 0.520513 0.313462 0.516239 0.316827 0.514530 0.326442 0.512821 0.327404 0.507692 0.327404 0.503419 0.329327 0.495726 0.339423 0.486325 0.345673 0.477778 0.356250 0.470085 0.361058 0.467521 0.364423 0.467521 0.373077 0.465812 0.374038 0.458120 0.373077 0.452991 0.375481 0.448718 0.381250 0.451282 0.388462 0.449573 0.388942 0.443590 0.386538 0.434188 0.391827 0.429915 0.399038 0.417094 0.407692 0.413675 0.412500 0.407692 0.415865 0.405128 0.420673 0.397436 0.428846 0.391453 0.431731 0.389744 0.435577 0.376923 0.441827 0.373504 0.446154 0.372650 0.450481 0.359829 0.454327 0.329060 0.478846 0.327350 0.482212 0.319658 0.486058 0.317949 0.488942 0.314530 0.489904 0.311111 0.498077 0.305128 0.501923 0.302564 0.505769 0.297436 0.508173 0.295726 0.513942 0.285470 0.515865 0.275214 0.526442 0.266667 0.528846 0.258120 0.534615 0.256410 0.537500 0.251282 0.539423 0.247863 0.544712 0.239316 0.547115 0.230769 0.558173 0.223077 0.562500 0.218803 0.566827 0.215385 0.574038 0.208547 0.577885 0.202564 0.584615 0.200855 0.590865 0.197436 0.591346 0.188034 0.598077 0.185470 0.607692 0.182051 0.610096 0.181197 0.623077 0.189744 0.632212 0.205128 0.638942 0.224786 0.642788 0.228205 0.642308 0.235897 0.644712 0.241026 0.644712 0.243590 0.646154 0.283761 0.646635 0.286325 0.645673 0.302564 0.644712 0.309402 0.647115 0.379487 0.686058 0.396581 0.691827 0.400000 0.694712 0.412821 0.699038 0.415385 0.700962 0.434188 0.706250 0.439316 0.709135 0.465812 0.715865 0.470085 0.718750 0.489744 0.722596 0.494017 0.725000 0.511111 0.726442 0.529060 0.729808 0.578632 0.757692 0.590598 0.762019 0.594872 0.765385 0.633333 0.779808 0.652991 0.784135 0.658120 0.787019 0.661538 0.786538 0.665812 0.788462 0.682051 0.790385 0.697436 0.794231 0.701709 0.793750 0.704274 0.795192 0.708547 0.795192 0.712821 0.798558 0.712821 0.811058 0.717094 0.812981 0.720513 0.819231 0.722222 0.819231 0.723932 0.815865 0.728205 0.813462 0.734188 0.817788 0.733333 0.824519 0.735043 0.827404 0.748718 0.833654 0.758120 0.839904 0.758974 0.841827 0.767521 0.843750 0.783761 0.843750 0.801709 0.839423 0.810256 0.844231 0.814530 0.850000 0.818803 0.850962 0.829060 0.859615 0.852991 0.871635 0.860684 0.874519 0.870940 0.876442 0.876923 0.881250 0.881197 0.880769 0.891453 0.883654 0.896581 0.882692 0.904274 0.884615 0.909402 0.884135 0.911966 0.882692 0.919658 0.882212 0.923077 0.880769 0.924786 0.877404 0.928205 0.877404 0.936752 0.874519 0.942735 0.864904 0.951282 0.862019 0.958974 0.857212 0.969231 0.844231 0.975214 0.841827 0.984615 0.829327 0.991453 0.825000 0.996581 0.817308 1.000000 0.815865 1.000000 0.649519 0.987179 0.647596 0.982051 0.649519 0.970085 0.649038 0.966667 0.654808 0.938462 0.657692 0.938462 0.662500 0.935897 0.665385 0.939316 0.687019 0.937607 0.716827 0.935043 0.719712 0.929915 0.720673 0.929060 0.725000 0.923932 0.725962 0.922222 0.733173 0.911966 0.735577 0.907692 0.737981 0.905983 0.741827 0.896581 0.744231 0.895726 0.748077 0.892308 0.747596 0.889744 0.749038 0.876923 0.749038 0.866667 0.750481 0.831624 0.750000 0.821368 0.747115 0.817949 0.744231 0.814530 0.745673 0.809402 0.743750 0.806838 0.745192 0.805128 0.743269 0.800000 0.741827 0.794872 0.741827 0.788889 0.735577 0.775214 0.731731 0.772650 0.732212 0.768376 0.727404 0.764957 0.728365 0.763248 0.730769 0.752137 0.724038 0.747009 0.727404 0.746154 0.721154 0.734188 0.718750 0.709402 0.718750 0.705128 0.716346 0.698291 0.718269 0.695726 0.716827 0.694872 0.712500 0.688889 0.709135 0.685470 0.711058 0.682051 0.709135 0.680342 0.705769 0.682051 0.704808 0.684615 0.706731 0.688034 0.705769 0.687179 0.697596 0.678632 0.693750 0.678632 0.688942 0.673504 0.686058 0.672650 0.681250 0.664957 0.676442 0.662393 0.673077 0.657265 0.674038 0.657265 0.676923 0.653846 0.680769 0.642735 0.678846 0.639316 0.680288 0.626496 0.680288 0.623077 0.682212 0.614530 0.682212 0.607692 0.684135 0.603419 0.684135 0.600000 0.681731 0.596581 0.682212 0.594017 0.680769 0.582906 0.679327 0.576068 0.672115 0.557265 0.669712 0.552991 0.666346 0.548718 0.665865 0.544444 0.662019 0.544444 0.658173 0.541026 0.658654 0.538462 0.657212 0.532479 0.656731 0.516239 0.658173 0.513675 0.662981 0.510256 0.661538 0.505128 0.662500 0.503419 0.661058 0.500855 0.661058 0.497436 0.664423 0.488034 0.664423 0.479487 0.667788 0.474359 0.665865 0.465812 0.667788 0.461538 0.667788 0.458974 0.666346 0.455556 0.667308 0.452137 0.663942 0.441026 0.663462 0.435897 0.658173 0.424786 0.656731 0.421368 0.655288 0.415385 0.655288 0.407692 0.652885 0.406838 0.648558 0.403419 0.644231 0.397436 0.640865 0.391453 0.639423 0.387179 0.627885 0.378632 0.620673 0.378632 0.613942 0.382051 0.609135 0.384615 0.595673 0.391453 0.592308 0.392308 0.588462 0.398291 0.584615 0.399145 0.580769 0.401709 0.579327 0.410256 0.577885 0.417094 0.571635 0.420513 0.571635 0.429060 0.567788 0.431624 0.563942 0.436752 0.564423 0.447863 0.562981 0.472650 0.562019 0.479487 0.560577 0.498291 0.562019 0.522222 0.562019 0.529060 0.561058 0.529060 0.559615 0.523932 0.557212 0.520513 0.552404 0.521368 0.549038 0.515385 0.546154 0.511966 0.546154 0.509402 0.547596 0.506838 0.539423 0.504274 0.537500 0.503419 0.533654 0.500000 0.531250 0.494017 0.532692 0.486325 0.532692 0.483761 0.534135 0.482051 0.537981 0.479487 0.536058 0.473504 0.536538 0.467521 0.528365 0.465812 0.523077 0.466667 0.517788 0.464103 0.517788 0.458120 0.514423 0.455556 0.510096 0.452991 0.496635 0.453846 0.477885 0.458974 0.475000 0.463248 0.470192 0.466667 0.470673 0.470940 0.468269 0.482051 0.466827 0.484615 0.462019 0.490598 0.460577 0.494017 0.456731 0.498291 0.457692 0.502564 0.454327 0.509402 0.453365 0.544444 0.451923 0.547009 0.446154 0.556410 0.444231 0.567521 0.448077 0.572650 0.446154 0.576923 0.446635 0.581197 0.444231 0.582906 0.440385 0.591453 0.436538 0.597436 0.436538 0.603419 0.431250 0.614530 0.429808 0.619658 0.426923 0.624786 0.425962 0.626496 0.423558 0.624786 0.408173 0.611966 0.403365 0.608547 0.392308 0.601709 0.387981 0.600855 0.377404 0.596581 0.369231 0.600000 0.366346 0.600855 0.361058 0.607692 0.356250 0.610256 0.345673 0.622222 0.342308 0.625641 0.336058 0.630769 0.334135 0.630769 0.332212 0.628205 0.332692 0.626496 0.329808 0.641026 0.329327 0.647009 0.327885 0.670085 0.325962 0.672650 0.320192 0.681197 0.313942 0.684615 0.314904 0.698291 0.314423 0.702564 0.320673 0.705983 0.321635 0.705128 0.325962 0.711966 0.325962 0.711111 0.322115 0.712821 0.321154 0.714530 0.322115 0.713675 0.325962 0.719658 0.327404 0.801709 0.329327 0.804274 0.330769 0.802564 0.334615 0.799145 0.331250 0.796581 0.331731 0.794872 0.334135 0.790598 0.331731 0.787179 0.336058 0.785470 0.335577 0.784615 0.332692 0.782051 0.332692 0.781197 0.336058 0.784615 0.337500 0.777778 0.340385 0.772650 0.340865 0.773504 0.342308 0.782051 0.343269 0.787179 0.342308 0.794872 0.342308 0.797436 0.343269 0.806838 0.342788 0.808547 0.340385 0.805128 0.337500 0.808547 0.336538 0.810256 0.337019 0.811111 0.342308 0.814530 0.344231 0.825641 0.343750 0.831624 0.344712 0.840171 0.343269 0.847009 0.344231 0.858120 0.341346 0.857265 0.337981 0.852991 0.338462 0.849573 0.330769 0.846154 0.330288 0.838462 0.326442 0.834188 0.325962 0.833333 0.322596 0.820513 0.316346 0.818803 0.313942 0.814530 0.313942 0.811111 0.312019 0.800855 0.311538 0.798291 0.310096 0.797436 0.306250 0.794872 0.304327 0.782906 0.300481 0.779487 0.298077 0.775214 0.300962 0.771795 0.297115 0.759829 0.293750 0.756410 0.290385 0.752137 0.289904 0.741026 0.282692 0.729915 0.280769 0.721368 0.277885 0.716239 0.279327 0.711966 0.278365 0.709402 0.275481 0.705983 0.275481 0.699145 0.271635 0.689744 0.269712 0.686325 0.266827 0.682051 0.267308 0.678632 0.265865 0.636752 0.265385 0.622222 0.269231
