4 0.711640 0.270833 0.703042 0.270089 0.693452 0.270089 0.680886 0.271081 0.661045 0.274802 0.642196 0.280754 0.634921 0.284970 0.631944 0.287946 0.625992 0.291667 0.623677 0.295635 0.619378 0.298611 0.613757 0.305804 0.609127 0.316964 0.608135 0.327877 0.608466 0.342758 0.610780 0.349206 0.618386 0.359127 0.623016 0.361855 0.627315 0.366319 0.634259 0.371528 0.646825 0.376984 0.658399 0.384177 0.672619 0.390129 0.681878 0.392857 0.686508 0.392857 0.689484 0.391865 0.716270 0.390873 0.723876 0.389385 0.734127 0.386161 0.737103 0.384425 0.746362 0.381448 0.752646 0.376984 0.756614 0.375744 0.763558 0.370040 0.767196 0.364087 0.772487 0.357639 0.780754 0.342014 0.781746 0.337302 0.784392 0.330605 0.784722 0.315724 0.781746 0.307044 0.775794 0.298363 0.770503 0.294891 0.764550 0.288690 0.757275 0.283482 0.748677 0.280506 0.744709 0.278522 0.739749 0.277778 0.732474 0.274802 0.721230 0.273810 0.716601 0.271825
4 0.476852 0.254216 0.469246 0.259425 0.464947 0.264385 0.461640 0.266865 0.458003 0.272817 0.455026 0.276290 0.453042 0.281002 0.450728 0.283978 0.448743 0.289187 0.446759 0.291915 0.445437 0.298859 0.445437 0.307540 0.446098 0.310764 0.448743 0.314236 0.450066 0.318700 0.452050 0.320933 0.454034 0.325645 0.457672 0.329365 0.462632 0.332093 0.464616 0.334573 0.469907 0.338790 0.476852 0.342510 0.484788 0.344990 0.486772 0.346478 0.494378 0.348214 0.499669 0.350198 0.504630 0.351190 0.509921 0.350942 0.516865 0.352183 0.525132 0.354663 0.541997 0.355159 0.555556 0.353423 0.561508 0.353423 0.565807 0.351935 0.576720 0.349950 0.581349 0.346726 0.590939 0.342262 0.599868 0.334573 0.604828 0.326885 0.609127 0.316220 0.610780 0.307044 0.612765 0.302579 0.613426 0.292907 0.610450 0.282738 0.604828 0.274802 0.593254 0.265129 0.588294 0.259177 0.576389 0.251240 0.560516 0.245784 0.553241 0.244792 0.548942 0.244792 0.544974 0.243552 0.533399 0.243056 0.526124 0.242063 0.513228 0.242560 0.507275 0.243552 0.499339 0.246528 0.494048 0.247520 0.489749 0.249256 0.486111 0.250000
4 0.436839 0.305556 0.427579 0.298115 0.423611 0.296379 0.417328 0.291171 0.411045 0.288194 0.404762 0.283730 0.401124 0.282242 0.386574 0.279762 0.376323 0.279762 0.364418 0.281746 0.353836 0.282738 0.346892 0.284474 0.333333 0.285466 0.330026 0.286706 0.323082 0.291667 0.320767 0.295387 0.318452 0.297371 0.314815 0.298611 0.308862 0.303571 0.304894 0.305804 0.297950 0.312500 0.292659 0.319940 0.290344 0.321925 0.285384 0.337302 0.285714 0.342510 0.288360 0.347222 0.290344 0.354911 0.292328 0.357887 0.295966 0.360615 0.298280 0.365079 0.305886 0.373264 0.318122 0.378968 0.324074 0.379216 0.326389 0.378720 0.331680 0.373016 0.333003 0.369792 0.338624 0.365575 0.341601 0.364583 0.343254 0.361607 0.345899 0.359871 0.353175 0.359623 0.357804 0.361855 0.359788 0.365823 0.360780 0.373016 0.362103 0.374504 0.364087 0.375248 0.384259 0.375248 0.391865 0.373760 0.397817 0.371032 0.401124 0.368552 0.405423 0.367312 0.409392 0.363591 0.412698 0.362847 0.415013 0.361111 0.422619 0.358383 0.429894 0.352431 0.434193 0.350446 0.438823 0.345734 0.442791 0.343750 0.445437 0.341270 0.449074 0.333333 0.449405 0.326389 0.448743 0.322421 0.444444 0.313740 0.440146 0.310268
4 0.182209 0.369544 0.166005 0.370536 0.161706 0.371776 0.157407 0.372272 0.153770 0.374008 0.150794 0.374256 0.147156 0.375496 0.141865 0.375992 0.139881 0.377232 0.137566 0.380456 0.135251 0.386409 0.132606 0.389137 0.127315 0.392857 0.125331 0.398562 0.123347 0.400546 0.121032 0.405258 0.118386 0.407738 0.117394 0.410962 0.111111 0.420883 0.109458 0.426339 0.106812 0.431052 0.106151 0.434772 0.106151 0.453621 0.106812 0.458085 0.109127 0.461806 0.110450 0.467262 0.114418 0.472222 0.117063 0.474206 0.119378 0.478423 0.129960 0.487351 0.133929 0.488343 0.135582 0.489831 0.138228 0.490823 0.145833 0.495536 0.158069 0.498760 0.176587 0.500744 0.186508 0.500496 0.192460 0.499752 0.202712 0.497024 0.211640 0.493304 0.217923 0.491815 0.233466 0.483383 0.235450 0.481895 0.237765 0.478671 0.241733 0.475446 0.250000 0.465278 0.252646 0.457589 0.256283 0.453373 0.259590 0.447421 0.261905 0.440972 0.261905 0.421627 0.261243 0.415427 0.256944 0.397817 0.254299 0.393849 0.245701 0.385169 0.236111 0.378968 0.228175 0.375744
4 0.117394 0.524306 0.111442 0.525546 0.107804 0.528026 0.102844 0.528770 0.100860 0.530010 0.095899 0.531002 0.087302 0.535466 0.083995 0.539187 0.079034 0.541667 0.075066 0.545635 0.072421 0.546875 0.064153 0.554812 0.062169 0.559028 0.058201 0.564236 0.056217 0.569196 0.054894 0.576637 0.055556 0.585317 0.058201 0.591518 0.062169 0.596726 0.063823 0.600694 0.066138 0.602431 0.081019 0.618304 0.085648 0.624504 0.095569 0.634425 0.102513 0.639881 0.111442 0.644841 0.126653 0.651538 0.135582 0.654018 0.144841 0.655754 0.156085 0.655506 0.165675 0.653274 0.170966 0.651290 0.174272 0.649306 0.179233 0.648313 0.184854 0.645337 0.189153 0.641865 0.194444 0.640377 0.201058 0.635665 0.207341 0.628224 0.212302 0.624008 0.217262 0.615823 0.220899 0.602431 0.223876 0.600198 0.225198 0.595982 0.228175 0.591518 0.229497 0.583829 0.229167 0.579117 0.226521 0.574901 0.224537 0.567708 0.222553 0.564732 0.219577 0.562004 0.216601 0.556796 0.205357 0.547619 0.199405 0.544147 0.195106 0.542411 0.192791 0.540675 0.189815 0.539931 0.186177 0.536706 0.180225 0.533730 0.167659 0.530010 0.157738 0.525794 0.153108 0.524802 0.142526 0.524306 0.135582 0.523065 0.127315 0.523065 0.122685 0.524058
4 0.172619 0.657738 0.159392 0.658978 0.149471 0.661210 0.133598 0.667659 0.127315 0.669147 0.123677 0.671627 0.118056 0.673363 0.110450 0.678075 0.102844 0.684276 0.101852 0.685764 0.096230 0.689732 0.094907 0.691716 0.092262 0.700397 0.089286 0.704365 0.086971 0.709573 0.084325 0.725446 0.085979 0.732391 0.088955 0.736855 0.089616 0.740079 0.095899 0.755456 0.102183 0.764385 0.108135 0.770089 0.111111 0.774058 0.117394 0.779266 0.124339 0.782490 0.126653 0.784226 0.131614 0.785714 0.134259 0.787946 0.145172 0.791171 0.149140 0.793155 0.156415 0.795635 0.168651 0.797123 0.185185 0.797123 0.204034 0.793651 0.212963 0.790179 0.217262 0.789187 0.228175 0.782738 0.235450 0.780010 0.240079 0.775794 0.248677 0.770089 0.260251 0.756696 0.262235 0.752480 0.264881 0.749008 0.267857 0.737351 0.270172 0.733383 0.270833 0.727679 0.269180 0.721230 0.265542 0.716270 0.260251 0.705357 0.254630 0.699901 0.251984 0.695437 0.250000 0.689484 0.246032 0.681548 0.240079 0.673115 0.225529 0.665923 0.221561 0.664931 0.214947 0.662202 0.208995 0.660962 0.198413 0.660466 0.181878 0.657986
0 0.631283 0.375248 0.627646 0.375000 0.622685 0.373760 0.615741 0.374008 0.612103 0.373264 0.599868 0.373264 0.591601 0.369792 0.588294 0.369544 0.584987 0.368552 0.580688 0.368552 0.576389 0.366071 0.569114 0.364335 0.564484 0.362599 0.553902 0.362351 0.545966 0.360863 0.530423 0.360863 0.522156 0.362103 0.516204 0.361607 0.513889 0.362599 0.508929 0.363095 0.506283 0.364087 0.503307 0.363839 0.498677 0.362351 0.491402 0.363095 0.485780 0.362599 0.482143 0.364335 0.477844 0.364831 0.474868 0.366815 0.470238 0.366815 0.466601 0.368304 0.462632 0.368800 0.460648 0.369792 0.458333 0.372272 0.455357 0.372024 0.449735 0.374504 0.438823 0.376240 0.435185 0.378472 0.431217 0.379216 0.427249 0.381696 0.422950 0.381944 0.419974 0.383681 0.415013 0.385169 0.412037 0.387401 0.407738 0.387897 0.403770 0.391121 0.398479 0.392609 0.396164 0.396081 0.392196 0.394593 0.384259 0.393601 0.377976 0.391617 0.370040 0.392361 0.366071 0.394345 0.361442 0.395585 0.358135 0.397817 0.352844 0.399058 0.349537 0.401290 0.345899 0.402034 0.341931 0.405754 0.336971 0.406250 0.333333 0.407986 0.329365 0.408482 0.322090 0.410466 0.319444 0.412946 0.313492 0.414683 0.310185 0.417659 0.306878 0.419147 0.302579 0.422371 0.298280 0.423859 0.294312 0.427579 0.290344 0.429067 0.279762 0.437996 0.274471 0.440972 0.272817 0.443700 0.266865 0.447173 0.264220 0.452133 0.260913 0.454365 0.259259 0.456349 0.257275 0.462054 0.256944 0.465278 0.257937 0.482143 0.258929 0.485367 0.258598 0.495288 0.253968 0.508929 0.253307 0.513393 0.250661 0.516865 0.250331 0.520833 0.248677 0.524802 0.248347 0.538442 0.247354 0.543403 0.243717 0.553075 0.244378 0.557540 0.243717 0.559028 0.244048 0.566468 0.242394 0.576389 0.239418 0.580357 0.237434 0.592262 0.237434 0.600694 0.234458 0.612351 0.234127 0.623264 0.240410 0.634673 0.241733 0.642113 0.241733 0.647321 0.240410 0.651538 0.240410 0.655010 0.242394 0.658482 0.242725 0.661954 0.245040 0.668899 0.248347 0.671627 0.249339 0.673363 0.251323 0.686012 0.256283 0.691220 0.260251 0.700397 0.263889 0.702381 0.265542 0.704365 0.266204 0.708829 0.272487 0.717262 0.279762 0.724702 0.281415 0.727679 0.282407 0.733631 0.288029 0.739335 0.290675 0.744544 0.291005 0.748016 0.295966 0.750992 0.297619 0.756448 0.300595 0.759425 0.305225 0.766121 0.307870 0.779018 0.311177 0.783234 0.311508 0.786458 0.314153 0.793403 0.320437 0.798115 0.322090 0.802331 0.327050 0.805556 0.328704 0.810764 0.330688 0.812004 0.334987 0.812996 0.336971 0.814980 0.337963 0.817956 0.342262 0.819692 0.345899 0.823661 0.353836 0.827877 0.357804 0.827877 0.360780 0.829117 0.364749 0.829117 0.370370 0.831349 0.380622 0.832093 0.384259 0.834821 0.388228 0.835565 0.392857 0.839782 0.401455 0.842262 0.407077 0.843006 0.412698 0.842758 0.416005 0.843502 0.421296 0.843254 0.423280 0.843750 0.426587 0.843254 0.436508 0.843254 0.438492 0.843750 0.451389 0.843502 0.456680 0.843998 0.459325 0.843502 0.460979 0.843998 0.466931 0.843750 0.468915 0.844246 0.480820 0.843998 0.489418 0.842758 0.495370 0.842758 0.516534 0.840774 0.522817 0.839038 0.526124 0.837302 0.530423 0.836806 0.536706 0.834573 0.539683 0.835069 0.544643 0.834573 0.549934 0.835069 0.560185 0.832589 0.565146 0.828869 0.572751 0.828125 0.583333 0.824901 0.591601 0.821181 0.596230 0.820685 0.599537 0.819444 0.604828 0.818948 0.608135 0.817460 0.611442 0.814484 0.615741 0.813244 0.620040 0.812748 0.624339 0.811260 0.625661 0.810268 0.627315 0.807292 0.631283 0.804563 0.635913 0.802579 0.641534 0.797619 0.648810 0.795387 0.666997 0.782986 0.674603 0.779266 0.680556 0.774306 0.686508 0.772569 0.690146 0.769345 0.696098 0.766865 0.711640 0.764385 0.716270 0.763145 0.720238 0.758681 0.726521 0.756448 0.735119 0.750496 0.741733 0.749008 0.744378 0.747520 0.745370 0.744792 0.748677 0.742063 0.751323 0.735367 0.757606 0.732143 0.759590 0.728671 0.764220 0.725198 0.766204 0.720734 0.772156 0.716270 0.773479 0.712550 0.777116 0.709325 0.779762 0.704365 0.781085 0.696429 0.783730 0.689980 0.789683 0.686508 0.791997 0.682292 0.796627 0.678571 0.798611 0.673363 0.803571 0.669643 0.805886 0.663938 0.808862 0.661706 0.808532 0.658730 0.810185 0.658234 0.811177 0.655754 0.811177 0.650794 0.813823 0.639633 0.814153 0.634921 0.816799 0.631448 0.819444 0.622768 0.819444 0.610367 0.817791 0.607391 0.817460 0.603423 0.815476 0.599206 0.816138 0.581349 0.817460 0.577381 0.817460 0.573909 0.815476 0.567956 0.815476 0.564484 0.813823 0.561260 0.812500 0.555308 0.809193 0.547619 0.805225 0.543899 0.803241 0.537450 0.804563 0.530010 0.804233 0.517857 0.802579 0.516121 0.797950 0.513641 0.794643 0.502232 0.788360 0.497520 0.787037 0.493552 0.784722 0.493056 0.783399 0.492063 0.782077 0.486855 0.780423 0.484871 0.775132 0.482887 0.773479 0.481647 0.772156 0.478175 0.768188 0.475198 0.765212 0.468502 0.759259 0.463542 0.754960 0.455853 0.749669 0.452877 0.747685 0.449901 0.743386 0.446925 0.740741 0.439732 0.739087 0.438740 0.734127 0.437500 0.730159 0.435268 0.726521 0.434276 0.724206 0.431796 0.721230 0.431052 0.719907 0.429315 0.718585 0.425099 0.716931 0.423363 0.705357 0.420635 0.703373 0.419147 0.701720 0.415675 0.697751 0.413690 0.693783 0.408730 0.686839 0.406746 0.679894 0.402034 0.678571 0.399802 0.673611 0.398562 0.669312 0.393105 0.666997 0.392857 0.658730 0.390129 0.653770 0.385665 0.643519 0.380952 0.638558 0.377480
4 0.218585 0.794147 0.218585 0.795635 0.220238 0.798611 0.232143 0.811260 0.235450 0.812004 0.239749 0.814236 0.245701 0.815972 0.256944 0.821677 0.259590 0.823661 0.263889 0.825149 0.275132 0.827381 0.279762 0.829613 0.283730 0.833333 0.288029 0.838790 0.289683 0.842758 0.289683 0.845486 0.292989 0.850694 0.298280 0.855159 0.304563 0.858135 0.309193 0.858631 0.314484 0.858135 0.322090 0.859127 0.327050 0.860615 0.332011 0.863095 0.337302 0.866815 0.341270 0.868552 0.345899 0.873512 0.349206 0.875496 0.350529 0.875496 0.352513 0.874504 0.381283 0.854167 0.385913 0.854415 0.399471 0.859375 0.404431 0.861855 0.407407 0.862351 0.411706 0.861111 0.416667 0.856895 0.420635 0.856399 0.429563 0.859375 0.431878 0.860863 0.437500 0.862103 0.443452 0.861855 0.445437 0.860863 0.448082 0.858135 0.450728 0.857143 0.452712 0.859623 0.460317 0.863591 0.471561 0.872768 0.480820 0.875000 0.485450 0.877728 0.486772 0.879464 0.489087 0.885417 0.492063 0.889633 0.494048 0.890873 0.499339 0.891369 0.507275 0.890625 0.518849 0.890625 0.521495 0.891121 0.525132 0.893105 0.531746 0.895337 0.535053 0.895089 0.539683 0.892361 0.548280 0.882688 0.552579 0.881696 0.560185 0.878472 0.565476 0.874008 0.567460 0.869792 0.568783 0.868552 0.571429 0.870536 0.573413 0.873264 0.580026 0.877976 0.587632 0.877480 0.592923 0.874256 0.598545 0.872768 0.599537 0.870040 0.600860 0.869048 0.603175 0.868800 0.607474 0.865575 0.606812 0.860863 0.600860 0.851438 0.601190 0.846478 0.602183 0.845734 0.605489 0.844990 0.610780 0.844990 0.617725 0.847470 0.619709 0.847470 0.628638 0.842014 0.631283 0.837550 0.634590 0.835069 0.638889 0.835317 0.641534 0.837054 0.643849 0.842510 0.647156 0.845486 0.650463 0.850446 0.655423 0.853671 0.658399 0.858135 0.671627 0.862103 0.677249 0.864831 0.681217 0.864831 0.682209 0.864087 0.683532 0.860367 0.684193 0.851190 0.681217 0.845238 0.680556 0.841766 0.685516 0.837798 0.690146 0.836310 0.695767 0.837054 0.698082 0.838790 0.700066 0.841518 0.702050 0.841518 0.704696 0.840278 0.708664 0.840278 0.715939 0.843254 0.720899 0.844246 0.724206 0.845982 0.728836 0.850198 0.732143 0.849950 0.734788 0.847966 0.743056 0.844246 0.748347 0.843006 0.751653 0.841518 0.756614 0.835565 0.757606 0.830357 0.760913 0.821925 0.760582 0.817212 0.757606 0.812748 0.756614 0.810020 0.753968 0.807044 0.754630 0.799355 0.756614 0.795883 0.756614 0.794643 0.752646 0.792659 0.750331 0.790675 0.748016 0.783978 0.744048 0.779762 0.741402 0.775298 0.739418 0.774306 0.735780 0.774058 0.732474 0.776042 0.728505 0.776290 0.724868 0.778274 0.721561 0.778274 0.718254 0.774802 0.717262 0.771329 0.715939 0.770833 0.713294 0.772569 0.705357 0.772321 0.697090 0.773810 0.692130 0.776786 0.682209 0.779514 0.676918 0.781994 0.673942 0.782490 0.672619 0.783482 0.670635 0.787202 0.664683 0.790923 0.661376 0.794395 0.655754 0.797123 0.650132 0.798115 0.641534 0.805308 0.634921 0.808780 0.631614 0.811508 0.626984 0.812500 0.623347 0.814732 0.619709 0.815476 0.614418 0.818948 0.608135 0.821181 0.603505 0.821925 0.599206 0.824157 0.592593 0.825645 0.587302 0.827629 0.584656 0.828125 0.580357 0.827629 0.575728 0.829613 0.570106 0.830357 0.565146 0.832341 0.561839 0.834821 0.552249 0.837302 0.541336 0.838046 0.536376 0.840030 0.529101 0.839782 0.524471 0.841022 0.521495 0.842758 0.514550 0.843502 0.494048 0.844494 0.490741 0.845238 0.485119 0.844990 0.477844 0.845982 0.469246 0.845982 0.466270 0.846726 0.460648 0.846974 0.448082 0.845238 0.444444 0.845734 0.438492 0.845486 0.436177 0.846230 0.430886 0.845734 0.427910 0.846478 0.424603 0.845486 0.418981 0.845734 0.417659 0.845238 0.411045 0.845238 0.408730 0.844742 0.404431 0.844990 0.396495 0.843750 0.390873 0.842262 0.388228 0.839782 0.376653 0.836558 0.373016 0.835069 0.369048 0.834821 0.362434 0.833333 0.356812 0.830357 0.344907 0.827133 0.341931 0.823909 0.335317 0.819444 0.333664 0.817212 0.325066 0.810764 0.323082 0.807044 0.320106 0.804315 0.318122 0.801339 0.312169 0.796627 0.305886 0.787202 0.302579 0.770337 0.297619 0.763393 0.295635 0.759177 0.291336 0.755456 0.286706 0.746280 0.284392 0.742808 0.281746 0.740327 0.276124 0.731151 0.274802 0.731895 0.273810 0.735863 0.273810 0.739831 0.270833 0.744296 0.269841 0.748264 0.266865 0.750496 0.264550 0.757440 0.259921 0.762153 0.257275 0.765873 0.252976 0.769097 0.250661 0.772321 0.247685 0.774554 0.244378 0.776042 0.242725 0.778770 0.240079 0.781002 0.235450 0.781994 0.224537 0.790179 0.220569 0.790427
4 0.766534 0.374752 0.758929 0.376240 0.754630 0.379960 0.748016 0.384177 0.744378 0.385665 0.740079 0.389137 0.735119 0.390873 0.721230 0.391865 0.713294 0.394841 0.709656 0.393601 0.705357 0.394345 0.703042 0.396577 0.702050 0.400298 0.698082 0.402282 0.696429 0.402282 0.693452 0.400794 0.692460 0.402282 0.692460 0.404266 0.693783 0.405010 0.697421 0.405010 0.701058 0.405754 0.703373 0.407738 0.704365 0.411954 0.705357 0.413194 0.709987 0.415179 0.711971 0.415427 0.713624 0.416667 0.714286 0.419643 0.718254 0.420883 0.721892 0.423115 0.725198 0.427331 0.732474 0.430060 0.735780 0.430060 0.739749 0.435764 0.747685 0.439732 0.748677 0.443452 0.754960 0.451389 0.756944 0.452877 0.760913 0.454365 0.762566 0.455853 0.763228 0.458333 0.766534 0.462798 0.767526 0.466766 0.770833 0.468998 0.774471 0.469990 0.775794 0.470982 0.775794 0.474454 0.782407 0.479415 0.783069 0.482143 0.788360 0.485863 0.790344 0.491319 0.796958 0.495040 0.797288 0.498264 0.799603 0.505208 0.804894 0.509673 0.806548 0.513145 0.808201 0.514881 0.808862 0.516865 0.808862 0.525794 0.805886 0.532490 0.805556 0.537202 0.806548 0.539187 0.808532 0.540923 0.807540 0.544643 0.811508 0.547371 0.812500 0.549107 0.812831 0.552579 0.815146 0.557292 0.814815 0.560516 0.818783 0.564484 0.820767 0.577133 0.820106 0.591270 0.818452 0.594990 0.821429 0.606151 0.820767 0.609375 0.820437 0.630952 0.819114 0.634921 0.818783 0.638889 0.815476 0.642857 0.811508 0.657242 0.811508 0.662698 0.813492 0.666419 0.812831 0.677331 0.814484 0.678819 0.817791 0.679315 0.822090 0.682540 0.835979 0.682788 0.841270 0.681300 0.845238 0.677083 0.845899 0.672619 0.844907 0.667659 0.844907 0.662698 0.846892 0.661210 0.849868 0.659970 0.854497 0.656498 0.861442 0.654018 0.862103 0.652530 0.864749 0.651042 0.869378 0.652034 0.873677 0.651786 0.886905 0.647073 0.891534 0.643105 0.897817 0.639385 0.901124 0.634425 0.900463 0.626984 0.898479 0.624256 0.897817 0.618800 0.894841 0.614583 0.894511 0.610615 0.891204 0.600446 0.889550 0.590030 0.886574 0.584325 0.886905 0.580109 0.882606 0.571181 0.882937 0.564732 0.884590 0.561012 0.884921 0.551835 0.882937 0.546131 0.877976 0.537202 0.877315 0.533482 0.875661 0.531002 0.874339 0.526042 0.873016 0.523810 0.865741 0.518353 0.858135 0.516369 0.852844 0.515625 0.848545 0.513145 0.849868 0.509921 0.849206 0.508681 0.847884 0.508185 0.847553 0.505952 0.852183 0.498512 0.851852 0.486607 0.850860 0.484375 0.845569 0.482391 0.842593 0.478671 0.845899 0.475942 0.849206 0.476438 0.855159 0.471478 0.865079 0.466518 0.864418 0.464286 0.862103 0.464038 0.858466 0.461062 0.854167 0.459077 0.855820 0.453125 0.855489 0.447669 0.853175 0.444444 0.851190 0.438740 0.849206 0.437252 0.845238 0.436012 0.841931 0.433036 0.838955 0.431548 0.822751 0.427827 0.821759 0.427083 0.820767 0.424107 0.813492 0.420635 0.810847 0.417659 0.802579 0.412946 0.798942 0.412202 0.787368 0.405754 0.781415 0.404514 0.780093 0.403770 0.780093 0.399306 0.779101 0.397321 0.775794 0.397321 0.774802 0.396081 0.779101 0.392113 0.787368 0.390377 0.788690 0.389137 0.788690 0.387897 0.785384 0.384177 0.779101 0.381696 0.775463 0.381200 0.769180 0.375248
3 0.791005 0.392609 0.787037 0.396825 0.785384 0.399802 0.787368 0.403770 0.791336 0.405258 0.795635 0.406002 0.799272 0.407738 0.802910 0.407986 0.806548 0.411706 0.811177 0.413938 0.813161 0.417659 0.816799 0.420883 0.822090 0.422867 0.826389 0.423115 0.829365 0.427331 0.832672 0.429563 0.842262 0.431052 0.843915 0.433036 0.852513 0.438740 0.855489 0.442212 0.858135 0.446429 0.859127 0.453621 0.861111 0.456349 0.865741 0.459573 0.867725 0.462798 0.868056 0.466766 0.866071 0.469742 0.860780 0.473214 0.857474 0.477927 0.857143 0.479167 0.858135 0.482639 0.856151 0.485863 0.856151 0.487351 0.857474 0.490823 0.858135 0.498512 0.853505 0.502976 0.851852 0.510169 0.853175 0.513393 0.866402 0.516865 0.873016 0.521825 0.879630 0.534226 0.883267 0.544643 0.886243 0.548859 0.887566 0.552083 0.887897 0.560516 0.887235 0.563740 0.884921 0.567708 0.885913 0.572421 0.888558 0.576637 0.890873 0.589782 0.895503 0.601438 0.897156 0.607887 0.899471 0.611607 0.899802 0.615575 0.902116 0.622768 0.904431 0.626488 0.905754 0.649058 0.908399 0.662946 0.908399 0.666667 0.913029 0.688492 0.915344 0.716022 0.917659 0.722222 0.917989 0.729415 0.919974 0.737351 0.923611 0.792907 0.925926 0.806548 0.927249 0.810268 0.931878 0.818452 0.938823 0.825397 0.943783 0.827877 0.951720 0.828869 0.954696 0.826637 0.955357 0.824901 0.955688 0.813244 0.954696 0.807044 0.953373 0.771081 0.952381 0.767609 0.952712 0.762897 0.951058 0.752480 0.951058 0.740079 0.947090 0.709325 0.944444 0.661954 0.943122 0.657986 0.941468 0.638393 0.939153 0.627976 0.939815 0.621032 0.939153 0.619544 0.937169 0.583333 0.935516 0.571429 0.933862 0.548363 0.931217 0.536706 0.929233 0.520833 0.925265 0.511905 0.921627 0.497768 0.915344 0.486359 0.908069 0.477431 0.905093 0.470238 0.900463 0.466022 0.897156 0.460317 0.888558 0.452133 0.880622 0.442708 0.869709 0.434772 0.866733 0.431300 0.859788 0.426587 0.855820 0.422619 0.846561 0.415427 0.835648 0.408482 0.825066 0.404762 0.820437 0.402530 0.818452 0.400794 0.814484 0.399802 0.810516 0.396825 0.806878 0.395833 0.802910 0.393849 0.799272 0.392857
