5 0.519180 0.310764 0.518849 0.305308 0.517526 0.300099 0.516534 0.298115 0.514220 0.296131 0.501653 0.293403 0.498347 0.293651 0.478505 0.287698 0.475860 0.286210 0.464286 0.281994 0.452712 0.279762 0.440146 0.275794 0.434854 0.271577 0.429894 0.268849 0.427579 0.265873 0.421296 0.263145 0.419643 0.260169 0.415675 0.260417 0.412698 0.257192 0.410384 0.256696 0.407077 0.254216 0.404762 0.251240 0.400132 0.251488 0.398148 0.250496 0.395833 0.250496 0.392857 0.252480 0.388228 0.251488 0.385582 0.253224 0.383598 0.253224 0.381614 0.251984 0.380291 0.251984 0.377646 0.253224 0.374339 0.253224 0.373347 0.252232 0.372685 0.255456 0.369378 0.254712 0.366071 0.257192 0.362434 0.257688 0.361442 0.259425 0.357474 0.259177 0.355489 0.261409 0.351852 0.263145 0.348545 0.266369 0.347884 0.267857 0.343915 0.270585 0.340278 0.276786 0.335317 0.280010 0.331680 0.281250 0.327381 0.284226 0.325728 0.287698 0.322751 0.288194 0.315146 0.292163 0.312831 0.292163 0.310847 0.290675 0.308201 0.293403 0.304894 0.294643 0.301918 0.299355 0.295635 0.300347 0.286706 0.302827 0.281415 0.301835 0.280093 0.300595 0.280093 0.298115 0.281746 0.296379 0.285714 0.295635 0.286706 0.294395 0.289021 0.295883 0.292989 0.295635 0.295635 0.292163 0.295304 0.286954 0.296296 0.285962 0.296627 0.281498 0.297619 0.279762 0.296296 0.278770 0.293981 0.278770 0.291336 0.279514 0.292659 0.282490 0.291336 0.284474 0.289683 0.284722 0.288360 0.283482 0.286376 0.283482 0.288360 0.285218 0.288360 0.289187 0.286376 0.289435 0.285714 0.291915 0.284722 0.292907 0.283069 0.292907 0.281746 0.290675 0.282407 0.289435 0.284722 0.288442 0.285053 0.286706 0.281746 0.284970 0.280423 0.282986 0.278770 0.282738 0.275794 0.284722 0.273810 0.284970 0.272817 0.285714 0.272487 0.287450 0.271495 0.288442 0.270172 0.287946 0.269511 0.286458 0.267857 0.285962 0.259590 0.286210 0.256283 0.288442 0.252315 0.287946 0.250661 0.289931 0.247024 0.290179 0.243717 0.292163 0.242063 0.291171 0.239749 0.290923 0.237103 0.292659 0.234458 0.292907 0.232804 0.295387 0.230159 0.293651 0.227844 0.293651 0.225529 0.296627 0.222553 0.296627 0.221230 0.294891 0.219907 0.294891 0.217923 0.296131 0.214947 0.296379 0.214286 0.299355 0.212963 0.300347 0.211310 0.299355 0.209987 0.297371 0.207341 0.297867 0.205357 0.299851 0.202381 0.298115 0.200397 0.298115 0.195437 0.302083 0.195437 0.303819 0.198082 0.306052 0.198743 0.307788 0.207011 0.312500 0.207341 0.314236 0.210648 0.316468 0.211640 0.318948 0.213294 0.319940 0.215278 0.320188 0.217262 0.321677 0.221230 0.322421 0.225860 0.326637 0.227844 0.327381 0.232804 0.327381 0.236442 0.326141 0.240079 0.325893 0.247024 0.327133 0.255291 0.329613 0.259921 0.333333 0.262897 0.334077 0.278770 0.348958 0.282738 0.355407 0.287037 0.358383 0.289683 0.359375 0.304894 0.359623 0.321759 0.358631 0.325728 0.357887 0.331349 0.358383 0.334656 0.357639 0.338294 0.359623 0.341601 0.360119 0.342923 0.362351 0.343915 0.366567 0.346230 0.369544 0.349868 0.371528 0.354167 0.372272 0.360119 0.371032 0.366071 0.371032 0.373016 0.366815 0.376653 0.368304 0.379630 0.370784 0.382275 0.371032 0.382937 0.370536 0.382937 0.367063 0.380291 0.366567 0.379299 0.365823 0.379299 0.364335 0.380622 0.363343 0.382275 0.363095 0.382937 0.360367 0.384259 0.359375 0.386243 0.359375 0.387235 0.360119 0.387897 0.362599 0.388889 0.362599 0.389881 0.361607 0.389881 0.360119 0.387566 0.358135 0.387897 0.356647 0.389550 0.356399 0.390873 0.358383 0.393519 0.358631 0.395503 0.356399 0.396825 0.356399 0.397487 0.358383 0.395503 0.359375 0.395503 0.362103 0.397487 0.362103 0.397817 0.360119 0.398810 0.359375 0.401124 0.359375 0.402447 0.360367 0.403108 0.362599 0.405754 0.364087 0.406085 0.366815 0.403439 0.368304 0.403439 0.370536 0.405754 0.370784 0.406415 0.368800 0.407407 0.368056 0.409722 0.369048 0.409722 0.370288 0.406746 0.371776 0.406746 0.374008 0.405754 0.374752 0.403439 0.374752 0.402447 0.376488 0.402778 0.378472 0.404431 0.378968 0.405754 0.380208 0.405423 0.382440 0.403108 0.383681 0.403108 0.385913 0.405754 0.387153 0.406415 0.390377 0.409061 0.392113 0.409061 0.393601 0.407407 0.395337 0.408069 0.397569 0.409722 0.397073 0.409722 0.396081 0.411045 0.394841 0.412698 0.394841 0.414352 0.394097 0.414683 0.392361 0.416005 0.391121 0.417989 0.391369 0.419312 0.392609 0.419974 0.392361 0.419643 0.388889 0.421958 0.386409 0.422288 0.382937 0.423611 0.381448 0.423611 0.380208 0.422288 0.379216 0.422288 0.376240 0.420635 0.372768 0.421296 0.371032 0.420635 0.365575 0.422288 0.361855 0.421958 0.357391 0.424272 0.356647 0.426918 0.357143 0.429233 0.358879 0.434524 0.359623 0.443452 0.359127 0.458333 0.355159 0.469246 0.353423 0.475198 0.351190 0.478175 0.351438 0.482143 0.350198 0.484458 0.346230 0.486111 0.344990 0.491733 0.344246 0.497354 0.342510 0.507275 0.335317 0.511243 0.328621 0.513228 0.322173 0.515542 0.318948 0.516865 0.313988
5 0.606812 0.390129 0.602183 0.389633 0.593585 0.390625 0.583664 0.390377 0.580026 0.388641 0.571759 0.387897 0.568452 0.389633 0.564815 0.389137 0.561177 0.391121 0.549272 0.391865 0.540675 0.395833 0.539352 0.398065 0.533730 0.401290 0.530093 0.406746 0.525794 0.408978 0.524140 0.416915 0.523810 0.423363 0.522817 0.426339 0.520172 0.431052 0.519180 0.436012 0.516865 0.438740 0.514550 0.448165 0.513228 0.450149 0.509921 0.452133 0.507937 0.454365 0.507606 0.459077 0.511243 0.466518 0.514550 0.468998 0.516865 0.474950 0.519511 0.476935 0.523479 0.483135 0.525132 0.484623 0.528770 0.484623 0.530093 0.485615 0.530423 0.489831 0.532407 0.496528 0.533730 0.498512 0.536045 0.499504 0.539352 0.500000 0.545304 0.499752 0.562500 0.500496 0.571759 0.501984 0.577381 0.501736 0.584325 0.502232 0.591931 0.499752 0.596561 0.500000 0.607474 0.498760 0.608796 0.497768 0.608135 0.492560 0.601190 0.488343 0.598876 0.482887 0.601521 0.480407 0.605820 0.472718 0.611442 0.450893 0.614418 0.446429 0.620701 0.443700 0.626984 0.438988 0.639881 0.438740 0.641534 0.437500 0.641865 0.435020 0.639220 0.428075 0.636243 0.425099 0.634590 0.422371 0.630291 0.419147 0.628638 0.416419 0.626323 0.414435 0.624008 0.409474 0.620040 0.406002 0.617063 0.405010 0.615410 0.403770 0.614749 0.401786 0.611772 0.400298 0.609458 0.392113
5 0.337963 0.489087 0.337963 0.491071 0.339286 0.492808 0.340939 0.498512 0.343585 0.500496 0.348876 0.502480 0.353836 0.502480 0.356812 0.503720 0.360780 0.509921 0.361772 0.514137 0.365410 0.517857 0.369378 0.517361 0.373677 0.519345 0.374339 0.520833 0.373677 0.525794 0.376323 0.531002 0.378638 0.533482 0.378638 0.535218 0.377315 0.535962 0.377315 0.542163 0.379299 0.544643 0.383267 0.545635 0.386574 0.545387 0.389550 0.540923 0.388889 0.536706 0.390212 0.534226 0.390212 0.531498 0.389220 0.528770 0.390542 0.525794 0.389550 0.523810 0.387566 0.522569 0.387235 0.520585 0.390212 0.517609 0.389550 0.514881 0.389881 0.509177 0.388558 0.506200 0.388558 0.498016 0.389550 0.491567 0.392196 0.488591 0.396495 0.488839 0.401124 0.492560 0.405754 0.508433 0.408730 0.511409 0.412368 0.511409 0.416005 0.508681 0.419312 0.507688 0.420966 0.504464 0.423280 0.502232 0.430556 0.501736 0.432540 0.502232 0.435185 0.505456 0.434524 0.515377 0.435185 0.520337 0.436177 0.522073 0.438823 0.523313 0.445437 0.522321 0.464286 0.521825 0.475198 0.520337 0.477513 0.518105 0.477513 0.508929 0.479167 0.503224 0.484788 0.497768 0.486442 0.493552 0.486442 0.490079 0.483796 0.486607 0.480820 0.485119 0.478505 0.484623 0.474206 0.484871 0.459656 0.484127 0.456019 0.482639 0.454034 0.480407 0.452381 0.474950 0.449074 0.469990 0.436508 0.462550 0.424272 0.457589 0.416336 0.459325 0.412698 0.461558 0.406415 0.463790 0.403108 0.466518 0.394511 0.469494 0.392857 0.470734 0.391865 0.469990 0.390873 0.466518 0.390873 0.461558 0.392196 0.458333 0.390212 0.453373 0.389220 0.452381 0.385251 0.450645 0.380952 0.451637 0.377646 0.448909 0.376323 0.449405 0.374008 0.452629 0.364749 0.455357 0.360450 0.458333 0.358796 0.461062 0.352844 0.465278 0.352183 0.467510 0.353505 0.470982 0.351852 0.476190 0.350198 0.477927 0.344577 0.480903 0.342923 0.484623
5 0.277447 0.595238 0.271164 0.596230 0.272487 0.598958 0.272487 0.607143 0.270833 0.608383 0.267196 0.608631 0.256283 0.606895 0.252315 0.604663 0.250000 0.604911 0.247354 0.607391 0.244378 0.607143 0.243056 0.610863 0.243056 0.617063 0.244378 0.622768 0.248677 0.625000 0.250000 0.627232 0.250661 0.631696 0.253968 0.635665 0.255291 0.639137 0.251323 0.641865 0.248347 0.642609 0.232143 0.642609 0.224537 0.645585 0.219907 0.649306 0.217262 0.654762 0.212302 0.657738 0.209325 0.661954 0.208003 0.665179 0.208333 0.674107 0.210317 0.677827 0.211310 0.682044 0.209325 0.684524 0.207341 0.685764 0.197090 0.689980 0.195767 0.693204 0.195767 0.695685 0.197751 0.701141 0.204365 0.708829 0.216601 0.719990 0.220238 0.725198 0.222553 0.726935 0.225860 0.730903 0.227844 0.734375 0.230489 0.736607 0.232804 0.740575 0.235780 0.743056 0.239418 0.743800 0.247685 0.739583 0.250000 0.735367 0.253968 0.730903 0.256614 0.720734 0.256283 0.712798 0.257275 0.705109 0.258929 0.703621 0.260913 0.703621 0.263228 0.705605 0.263889 0.709077 0.262566 0.711806 0.262897 0.715526 0.264220 0.718254 0.267196 0.718502 0.271495 0.717262 0.274802 0.713294 0.279101 0.711062 0.282407 0.705605 0.291336 0.700893 0.294312 0.696925 0.294312 0.694444 0.295304 0.693204 0.305225 0.695437 0.309193 0.697421 0.314815 0.701637 0.317791 0.705605 0.318122 0.708333 0.314815 0.708333 0.313161 0.712550 0.310516 0.716270 0.302579 0.721230 0.301918 0.722966 0.298611 0.724702 0.294643 0.731399 0.286045 0.736855 0.283399 0.739335 0.278770 0.746776 0.269841 0.752480 0.265542 0.758433 0.264550 0.764881 0.265873 0.767113 0.273810 0.772073 0.278439 0.773313 0.280423 0.773313 0.286706 0.771825 0.291667 0.767361 0.294643 0.766617 0.296296 0.765377 0.298942 0.760169 0.303902 0.756448 0.305556 0.752728 0.307209 0.751488 0.310185 0.750744 0.311839 0.749256 0.314153 0.742560 0.318122 0.741071 0.319775 0.739831 0.320767 0.737103 0.322090 0.735863 0.325728 0.735615 0.328373 0.733879 0.330026 0.732143 0.330357 0.730407 0.332011 0.728175 0.337632 0.724950 0.339286 0.722222 0.341931 0.720238 0.345238 0.714534 0.352844 0.709077 0.354828 0.706349 0.357143 0.704613 0.359458 0.701389 0.359458 0.696925 0.358135 0.694940 0.354497 0.692956 0.353175 0.692956 0.349868 0.695437 0.346561 0.696925 0.344907 0.696677 0.343254 0.693948 0.341931 0.688244 0.342262 0.673115 0.341270 0.671875 0.338624 0.671379 0.334987 0.672371 0.330688 0.671875 0.328704 0.670139 0.328042 0.667907 0.328373 0.658234 0.330357 0.656994 0.341601 0.655258 0.342923 0.654018 0.344907 0.649554 0.349206 0.646329 0.350198 0.644345 0.350198 0.642361 0.346561 0.641369 0.344577 0.639881 0.341601 0.635417 0.337632 0.633185 0.334656 0.629960 0.333664 0.627480 0.329365 0.626240 0.318783 0.617808 0.315146 0.615823 0.312169 0.613343 0.310516 0.610863 0.305556 0.610367 0.298280 0.607887 0.296296 0.605655 0.294643 0.601935 0.291336 0.598710 0.288360 0.597470 0.287368 0.595982
5 0.635251 0.490327 0.631614 0.493800 0.629630 0.498016 0.628968 0.502728 0.627646 0.505208 0.628307 0.510417 0.626323 0.516865 0.622024 0.519345 0.620040 0.519841 0.617725 0.519593 0.615079 0.518353 0.611442 0.518849 0.608135 0.517361 0.606812 0.517361 0.602844 0.519841 0.602183 0.521081 0.603505 0.529018 0.607474 0.533482 0.609788 0.545387 0.612103 0.548363 0.613426 0.553075 0.615741 0.556796 0.618717 0.564732 0.619048 0.567956 0.621032 0.572421 0.621032 0.576141 0.623677 0.580853 0.624008 0.587302 0.622685 0.589782 0.616733 0.593254 0.612765 0.594742 0.610450 0.596478 0.608466 0.599454 0.603836 0.602927 0.601852 0.607639 0.601190 0.611855 0.603175 0.615823 0.610119 0.621032 0.615410 0.622024 0.622354 0.622272 0.626323 0.625248 0.628638 0.625992 0.630622 0.627480 0.635582 0.626488 0.639550 0.629464 0.643849 0.635665 0.648148 0.637401 0.655093 0.637897 0.662698 0.631944 0.665675 0.627976 0.671296 0.624504 0.673942 0.619792 0.678902 0.616071 0.680886 0.613343 0.685185 0.609871 0.687169 0.607391 0.688492 0.601190 0.688492 0.593750 0.687169 0.587054 0.684193 0.583581 0.682870 0.579861 0.682540 0.567460 0.683862 0.556796 0.687500 0.552331 0.688161 0.548859 0.690146 0.545635 0.690476 0.543651 0.689484 0.539187 0.688161 0.536706 0.683862 0.534474 0.681548 0.532738 0.680886 0.531250 0.674272 0.527034 0.668320 0.517609 0.658730 0.511161 0.657407 0.502480 0.656085 0.499504 0.652778 0.497520 0.648810 0.496776 0.646164 0.495288 0.643188 0.495040 0.639220 0.490575
5 0.633267 0.416419 0.633929 0.420387 0.640542 0.424603 0.641865 0.428075 0.645833 0.431052 0.648479 0.437004 0.653770 0.439236 0.658399 0.442956 0.668320 0.443452 0.673280 0.444940 0.675595 0.446925 0.678902 0.451885 0.681548 0.453373 0.685185 0.453621 0.690146 0.449901 0.705357 0.446429 0.708664 0.446429 0.712632 0.445188 0.717923 0.445188 0.722222 0.442212 0.724868 0.441716 0.726852 0.442956 0.727183 0.447421 0.728836 0.449901 0.731812 0.450149 0.733135 0.449405 0.734458 0.445188 0.736111 0.443948 0.740410 0.443204 0.742725 0.443948 0.747685 0.444196 0.750992 0.446181 0.752646 0.448165 0.756283 0.449901 0.758598 0.452381 0.763228 0.453373 0.770833 0.453869 0.778439 0.455853 0.782407 0.460317 0.787368 0.460317 0.794312 0.456597 0.803241 0.448413 0.804563 0.445437 0.807540 0.442956 0.813161 0.436012 0.814815 0.432540 0.814815 0.430804 0.813823 0.429563 0.808201 0.427083 0.802249 0.426835 0.793981 0.424603 0.787368 0.423611 0.783730 0.423859 0.775794 0.421131 0.772817 0.419395 0.772156 0.416419 0.771164 0.415923 0.767526 0.416171 0.763889 0.414683 0.752315 0.413938 0.747024 0.412450 0.741071 0.411954 0.733135 0.409722 0.727513 0.409722 0.719907 0.410962 0.718915 0.411954 0.718915 0.413442 0.720238 0.416419 0.716931 0.420883 0.713624 0.419395 0.708664 0.419643 0.705357 0.418651 0.693783 0.409970 0.690476 0.409474 0.681217 0.412202 0.677579 0.413938 0.670966 0.415179 0.658399 0.415179 0.654101 0.413194 0.645172 0.413194 0.636243 0.414435 0.634259 0.415179
5 0.657738 0.272569 0.656415 0.276290 0.656746 0.279514 0.657738 0.280258 0.662368 0.280258 0.664683 0.281002 0.670304 0.281250 0.672288 0.283234 0.673942 0.286706 0.680886 0.290179 0.685185 0.290179 0.690146 0.288442 0.701720 0.288194 0.710317 0.290179 0.716270 0.292907 0.722553 0.299107 0.727844 0.308284 0.735780 0.314236 0.740079 0.314484 0.748347 0.307788 0.756614 0.299355 0.756614 0.296131 0.754960 0.291419 0.748347 0.283730 0.742725 0.278770 0.740741 0.275794 0.733135 0.270089 0.723214 0.264633 0.716601 0.258929 0.709656 0.255208 0.706019 0.255952 0.700066 0.259921 0.697090 0.262649 0.692130 0.270089 0.686839 0.274058 0.681878 0.276290 0.677579 0.274802 0.666667 0.274306 0.662698 0.273065
5 0.757606 0.587054 0.757275 0.588790 0.758267 0.592014 0.763228 0.596230 0.765873 0.599950 0.775794 0.605407 0.786376 0.608631 0.795966 0.607639 0.801918 0.606399 0.806548 0.604415 0.809854 0.602183 0.812500 0.598958 0.812831 0.594990 0.811177 0.590774 0.808862 0.587302 0.803902 0.582093 0.797950 0.578125 0.786376 0.573909 0.778108 0.572917 0.769180 0.575645 0.763889 0.579613
5 0.565476 0.564236 0.562831 0.566716 0.556217 0.576637 0.555225 0.579365 0.555225 0.584325 0.560185 0.591766 0.567130 0.596974 0.572090 0.599950 0.575066 0.600694 0.589616 0.600198 0.595569 0.599206 0.601521 0.597470 0.607143 0.594742 0.610450 0.592262 0.614418 0.585813 0.615410 0.582341 0.615410 0.579117 0.611772 0.573413 0.607143 0.569196 0.599537 0.565476 0.583995 0.561260 0.579034 0.561260 0.571429 0.562252
5 0.396495 0.597470 0.392857 0.599950 0.390542 0.602431 0.388228 0.607887 0.387897 0.615823 0.390212 0.622520 0.392196 0.625496 0.395833 0.628472 0.399471 0.630456 0.411376 0.633681 0.422288 0.633929 0.426587 0.633185 0.428902 0.632192 0.433862 0.627232 0.433862 0.621032 0.432870 0.617560 0.430886 0.615575 0.428571 0.611359 0.426587 0.602431 0.420304 0.597718 0.412698 0.595486 0.408730 0.594990 0.404431 0.595238
4 0.454034 0.227927 0.446759 0.237103 0.441138 0.251488 0.438823 0.264385 0.438823 0.268353 0.440807 0.272817 0.442791 0.274306 0.450397 0.277282 0.469577 0.282242 0.486772 0.289187 0.492725 0.290179 0.499669 0.292411 0.504630 0.292907 0.513228 0.294891 0.518519 0.299107 0.521164 0.309028 0.524140 0.311260 0.562169 0.311756 0.568783 0.310764 0.579034 0.307540 0.583333 0.305556 0.590939 0.303571 0.592923 0.302331 0.595238 0.298859 0.603505 0.294147 0.608135 0.293155 0.612103 0.291419 0.616071 0.290923 0.626984 0.286706 0.627646 0.282738 0.625992 0.281002 0.624669 0.276290 0.627976 0.267609 0.626653 0.259425 0.620370 0.249256 0.617063 0.239335 0.615079 0.235863 0.607143 0.227927 0.599537 0.222470 0.595569 0.220486 0.587632 0.218750 0.576058 0.217758 0.564153 0.214534 0.559524 0.212302 0.550265 0.211062 0.538029 0.210813 0.522487 0.212798 0.516865 0.212798 0.513228 0.214534 0.509590 0.214534 0.505952 0.216518 0.501323 0.216270 0.498347 0.217262 0.478175 0.218006 0.461310 0.223958
4 0.517526 0.344990 0.514881 0.351438 0.512566 0.361607 0.511905 0.369544 0.514881 0.376736 0.515542 0.388889 0.516865 0.392361 0.518519 0.394345 0.525132 0.396825 0.529762 0.397321 0.540675 0.391865 0.560185 0.388393 0.563823 0.386657 0.573082 0.384921 0.576389 0.384921 0.580357 0.386905 0.583664 0.387153 0.587963 0.388641 0.596561 0.388145 0.602844 0.387153 0.612103 0.388145 0.625000 0.383681 0.633598 0.377480 0.635582 0.375248 0.638558 0.375248 0.640212 0.375992 0.642857 0.379960 0.645833 0.380456 0.647156 0.381448 0.646495 0.385169 0.647817 0.388145 0.654101 0.393353 0.655423 0.398810 0.654762 0.404266 0.657738 0.409474 0.664683 0.412946 0.670304 0.412946 0.675595 0.410714 0.688823 0.407242 0.694444 0.407242 0.699735 0.408482 0.701058 0.409474 0.702381 0.412698 0.704696 0.414931 0.708995 0.415179 0.711310 0.413194 0.714286 0.408482 0.718254 0.404762 0.719577 0.397073 0.720238 0.381944 0.719246 0.367560 0.717923 0.362103 0.716931 0.360615 0.711971 0.356647 0.709325 0.348462 0.706349 0.344990 0.701720 0.341766 0.698082 0.337302 0.697421 0.333333 0.698743 0.329117 0.701389 0.326389 0.701058 0.322421 0.696098 0.318452 0.690476 0.315724 0.686177 0.312252 0.680886 0.312004 0.674272 0.314236 0.673280 0.313988 0.663360 0.306052 0.659392 0.305308 0.655754 0.300843 0.647817 0.298115 0.639220 0.296875 0.634921 0.296875 0.626653 0.298859 0.618717 0.297123 0.602844 0.297123 0.600529 0.298363 0.598545 0.301835 0.591931 0.305308 0.588294 0.306052 0.583003 0.308284 0.579696 0.308780 0.568783 0.312996 0.563823 0.313740 0.559854 0.316716 0.553241 0.319196 0.547288 0.320685 0.544643 0.322421 0.541997 0.326141 0.533399 0.330109 0.529762 0.330853 0.525794 0.333581 0.526786 0.336558 0.526455 0.338294 0.522487 0.342262 0.518849 0.343750
6 0.190146 0.349950 0.187169 0.352183 0.185185 0.356151 0.181217 0.358631 0.179894 0.360863 0.177910 0.374256 0.173611 0.384177 0.173611 0.389881 0.174934 0.393105 0.175265 0.396825 0.170635 0.404266 0.166336 0.408730 0.163690 0.416419 0.163029 0.436508 0.165675 0.447173 0.167989 0.452629 0.170635 0.455109 0.170966 0.464038 0.169312 0.481895 0.165013 0.490575 0.163029 0.497520 0.159392 0.501240 0.156746 0.509673 0.156085 0.518105 0.156415 0.533234 0.155423 0.535962 0.150794 0.541171 0.150463 0.542411 0.150794 0.546131 0.155754 0.552827 0.165344 0.561012 0.175265 0.565972 0.185185 0.573165 0.188161 0.576637 0.196098 0.588790 0.203704 0.595486 0.212302 0.607639 0.217262 0.612847 0.218915 0.615575 0.221561 0.625496 0.224868 0.630952 0.227844 0.634177 0.236442 0.639881 0.243717 0.640873 0.247354 0.640625 0.249669 0.639385 0.250331 0.637649 0.250331 0.633185 0.249008 0.626984 0.246693 0.624504 0.244048 0.623760 0.242063 0.622272 0.240741 0.619544 0.241071 0.610863 0.244378 0.602431 0.247685 0.600446 0.250000 0.600446 0.254960 0.602183 0.258929 0.602183 0.263889 0.597718 0.264881 0.595982 0.267857 0.594246 0.287698 0.594246 0.293981 0.595238 0.295635 0.596974 0.295966 0.599950 0.297950 0.605159 0.303571 0.608383 0.317791 0.611607 0.322421 0.616319 0.326720 0.618552 0.329034 0.623760 0.334987 0.625744 0.338294 0.628720 0.340939 0.629464 0.342593 0.630704 0.345899 0.635665 0.349537 0.635913 0.354828 0.638145 0.357143 0.639633 0.358796 0.642609 0.360119 0.643601 0.364749 0.643849 0.367394 0.646577 0.374339 0.650050 0.377315 0.652282 0.381614 0.652530 0.384921 0.654266 0.387566 0.653522 0.389220 0.654266 0.389220 0.655258 0.387897 0.656002 0.385251 0.655754 0.382937 0.656498 0.376984 0.656002 0.374339 0.656994 0.367394 0.657738 0.366071 0.658482 0.367394 0.662450 0.365410 0.663938 0.361442 0.663938 0.358466 0.661954 0.359127 0.658234 0.357804 0.656994 0.355820 0.657242 0.354167 0.658482 0.351521 0.663442 0.348545 0.665675 0.349206 0.669643 0.345899 0.674107 0.345569 0.682292 0.346230 0.683036 0.349206 0.683284 0.350198 0.682788 0.351521 0.679315 0.353836 0.678323 0.356151 0.676339 0.359788 0.674851 0.360450 0.673115 0.359458 0.670139 0.361772 0.668403 0.365079 0.668403 0.366402 0.669147 0.366733 0.670883 0.365410 0.673115 0.365741 0.674355 0.369048 0.678819 0.371362 0.680308 0.372685 0.682044 0.373347 0.678323 0.375331 0.674851 0.375331 0.671379 0.374339 0.669891 0.375331 0.663194 0.380291 0.660962 0.384590 0.660714 0.385582 0.659970 0.390873 0.659722 0.392196 0.657738 0.393849 0.657738 0.399471 0.661706 0.404431 0.660962 0.407738 0.662698 0.409061 0.662698 0.411706 0.661458 0.412698 0.661706 0.416005 0.664435 0.417328 0.664683 0.421296 0.667411 0.423942 0.671131 0.427910 0.670883 0.431548 0.672371 0.435185 0.672867 0.437500 0.675347 0.438823 0.678819 0.439815 0.679315 0.443783 0.678075 0.445106 0.681300 0.447751 0.683780 0.452381 0.684524 0.454696 0.685764 0.458995 0.686260 0.462302 0.687500 0.467262 0.687252 0.468254 0.685268 0.468585 0.681052 0.465608 0.674603 0.462632 0.673115 0.454365 0.672619 0.452381 0.670883 0.452381 0.668899 0.453704 0.666667 0.453704 0.664187 0.450397 0.661706 0.452381 0.659722 0.452050 0.657738 0.450397 0.657738 0.449405 0.659970 0.446759 0.660714 0.443783 0.663690 0.439815 0.660714 0.436839 0.660218 0.435185 0.658730 0.435185 0.654266 0.436839 0.651042 0.437169 0.646825 0.438823 0.642113 0.443452 0.640377 0.451389 0.640377 0.456349 0.634425 0.454034 0.631200 0.454365 0.626984 0.451389 0.623264 0.452381 0.619792 0.451720 0.616319 0.450728 0.615575 0.447751 0.616071 0.446098 0.618056 0.446098 0.620040 0.449405 0.622520 0.449405 0.623512 0.445437 0.627728 0.445437 0.634921 0.443783 0.636409 0.443122 0.636161 0.440146 0.631448 0.438823 0.631200 0.438161 0.639385 0.436839 0.641121 0.431217 0.641865 0.427249 0.641865 0.420966 0.640873 0.417659 0.641121 0.415013 0.642361 0.412368 0.646577 0.408399 0.643849 0.405754 0.639137 0.405754 0.634177 0.404762 0.633185 0.396495 0.630704 0.392196 0.627728 0.385913 0.616815 0.385251 0.611607 0.387897 0.607887 0.388889 0.603671 0.391204 0.599950 0.391865 0.597470 0.391865 0.594246 0.390542 0.591022 0.385251 0.587302 0.381944 0.587054 0.380952 0.586310 0.379960 0.583581 0.376653 0.580853 0.376323 0.578869 0.378638 0.576637 0.378638 0.575645 0.376984 0.575149 0.367725 0.575149 0.362103 0.574157 0.354828 0.567708 0.351190 0.561012 0.345899 0.557788 0.342262 0.545635 0.337632 0.543899 0.334987 0.540427 0.334656 0.537450 0.330357 0.531746 0.329365 0.526786 0.329365 0.518105 0.330688 0.517113 0.334656 0.516865 0.338294 0.515625 0.341931 0.515377 0.343915 0.513889 0.342262 0.506696 0.340278 0.502480 0.336640 0.498016 0.334987 0.493552 0.334987 0.485863 0.337632 0.482143 0.336971 0.478423 0.335979 0.476935 0.331680 0.474206 0.317791 0.474206 0.315146 0.473462 0.313823 0.472470 0.312500 0.469990 0.310847 0.468750 0.306548 0.467758 0.302579 0.465774 0.298611 0.466022 0.295304 0.465030 0.293320 0.463046 0.289683 0.454613 0.289683 0.447669 0.291336 0.444444 0.291005 0.440476 0.289683 0.438244 0.285053 0.434772 0.283399 0.432540 0.281085 0.424355 0.280754 0.420387 0.278770 0.416667 0.278770 0.408730 0.281415 0.404266 0.280754 0.399554 0.281746 0.394345 0.281746 0.377232 0.283399 0.375992 0.295304 0.375496 0.298280 0.377480 0.297950 0.380456 0.298611 0.380952 0.303902 0.380456 0.301257 0.377480 0.306217 0.375992 0.310847 0.376240 0.313161 0.377728 0.313823 0.378968 0.315146 0.378968 0.317130 0.376984 0.324074 0.374752 0.325728 0.373512 0.325728 0.369792 0.328042 0.365823 0.328042 0.361855 0.327050 0.360863 0.323743 0.360119 0.317791 0.360863 0.313823 0.360615 0.310185 0.362599 0.305556 0.362103 0.303241 0.362847 0.299934 0.362351 0.295304 0.362847 0.291005 0.362599 0.283730 0.361111 0.281746 0.359375 0.280423 0.355159 0.275132 0.350694 0.272156 0.345734 0.269180 0.343750 0.264220 0.342014 0.244378 0.342262 0.235780 0.343254 0.224868 0.348462 0.220899 0.349454 0.216601 0.348958 0.209656 0.346974 0.204365 0.346478 0.196429 0.347470
6 0.704696 0.308284 0.701389 0.311508 0.699074 0.311756 0.697421 0.311012 0.697421 0.314732 0.701058 0.318452 0.702050 0.320933 0.702050 0.327133 0.700397 0.330357 0.699735 0.335317 0.700397 0.338046 0.703373 0.342758 0.707341 0.345238 0.710648 0.349702 0.714286 0.356895 0.717593 0.359623 0.718585 0.361607 0.721230 0.375992 0.721230 0.387401 0.719246 0.399802 0.719907 0.402778 0.720899 0.404018 0.726190 0.406250 0.739087 0.407738 0.747354 0.409722 0.759590 0.411210 0.763889 0.412450 0.770833 0.413442 0.775132 0.415923 0.777778 0.419395 0.780423 0.420883 0.802910 0.424603 0.810847 0.426587 0.813823 0.427827 0.815146 0.429067 0.815807 0.430556 0.815476 0.434524 0.811508 0.438740 0.809524 0.443452 0.805225 0.446925 0.803241 0.451389 0.796627 0.455109 0.795635 0.458333 0.791997 0.461558 0.790675 0.464286 0.791005 0.474454 0.793320 0.478175 0.793651 0.482143 0.795304 0.487847 0.793981 0.497768 0.790013 0.502232 0.788360 0.506696 0.781415 0.510169 0.778770 0.513889 0.775463 0.513393 0.773479 0.515625 0.770833 0.517113 0.770503 0.518353 0.772156 0.519841 0.772487 0.521825 0.769180 0.524802 0.769180 0.528274 0.771164 0.529514 0.771164 0.533234 0.773148 0.536458 0.772817 0.541915 0.774471 0.546131 0.778439 0.547867 0.780754 0.552083 0.780754 0.554812 0.778770 0.556052 0.778439 0.557292 0.781085 0.558036 0.781746 0.562252 0.784061 0.563988 0.783730 0.564980 0.781415 0.566220 0.781746 0.569444 0.782738 0.570188 0.784392 0.570188 0.785384 0.569444 0.786045 0.567460 0.787037 0.566964 0.788029 0.567708 0.787698 0.571925 0.791336 0.574405 0.794974 0.574901 0.798611 0.577133 0.802249 0.577629 0.805886 0.579117 0.810185 0.579613 0.812169 0.580605 0.811508 0.588542 0.813823 0.593998 0.822421 0.593998 0.830026 0.592510 0.838624 0.592014 0.847884 0.588542 0.849868 0.587302 0.850860 0.585565 0.853505 0.584821 0.855159 0.582589 0.858466 0.580605 0.859458 0.579117 0.868056 0.573413 0.872354 0.568700 0.874339 0.565228 0.874008 0.559772 0.874669 0.556548 0.873677 0.554812 0.870370 0.553075 0.868386 0.548363 0.866071 0.546875 0.863757 0.546875 0.861111 0.547867 0.859127 0.546875 0.854828 0.546131 0.853505 0.545139 0.853505 0.544395 0.854828 0.542907 0.858135 0.541419 0.862103 0.535714 0.863757 0.534474 0.865410 0.533978 0.869048 0.531250 0.876323 0.528770 0.881944 0.525050 0.885913 0.521081 0.886574 0.516369 0.885582 0.512897 0.883929 0.512153 0.880622 0.513393 0.877646 0.512401 0.872685 0.508185 0.868056 0.506200 0.867394 0.504960 0.867063 0.492808 0.868717 0.490823 0.873677 0.489335 0.876653 0.486111 0.887566 0.484375 0.890873 0.483135 0.892196 0.482143 0.892857 0.478671 0.896164 0.476190 0.897487 0.470982 0.900794 0.465030 0.902116 0.459573 0.902447 0.452381 0.904762 0.444444 0.904101 0.439732 0.902116 0.436012 0.902116 0.432292 0.903770 0.427579 0.903439 0.422867 0.901124 0.418899 0.897156 0.415923 0.884921 0.409970 0.876653 0.404018 0.874339 0.399058 0.870370 0.394345 0.868386 0.389137 0.865741 0.384921 0.862765 0.382440 0.861111 0.379960 0.852513 0.372768 0.854167 0.369296 0.857143 0.367063 0.859458 0.363095 0.859788 0.360615 0.857804 0.356647 0.854167 0.354663 0.843915 0.353175 0.837963 0.349454 0.832011 0.333085 0.826720 0.322917 0.819775 0.317212 0.814153 0.315476 0.807209 0.315476 0.799272 0.316964 0.794643 0.318700 0.791336 0.318948 0.787368 0.320437 0.785714 0.320437 0.775463 0.317212 0.768519 0.313740 0.763558 0.312500 0.758929 0.312500 0.753307 0.314236 0.747685 0.317956 0.742063 0.317460 0.735780 0.317708 0.733135 0.316716 0.728175 0.317460 0.726521 0.316964 0.724206 0.314732 0.722222 0.315724 0.720569 0.315724 0.718585 0.312500 0.714286 0.309524 0.709325 0.309524 0.708003 0.308532
3 0.994709 0.585565 0.989087 0.586558 0.982143 0.589782 0.977513 0.590278 0.974206 0.592262 0.971230 0.592262 0.968915 0.593502 0.958333 0.595982 0.952712 0.597966 0.950728 0.599454 0.947421 0.598958 0.943783 0.601190 0.938161 0.601935 0.927579 0.606151 0.923280 0.606399 0.919643 0.608135 0.916997 0.608135 0.913360 0.609375 0.904762 0.610615 0.900794 0.612103 0.891534 0.613343 0.888558 0.614831 0.884590 0.614335 0.880952 0.616071 0.876653 0.616071 0.874008 0.617063 0.862765 0.618552 0.855820 0.620288 0.845569 0.621032 0.841931 0.622024 0.828704 0.621776 0.826058 0.622272 0.824074 0.621776 0.809193 0.621776 0.803902 0.621032 0.798942 0.621032 0.795304 0.620040 0.785714 0.619792 0.756614 0.623016 0.742725 0.622272 0.739418 0.623512 0.735780 0.623512 0.729167 0.627728 0.723876 0.626984 0.720899 0.628224 0.718915 0.630208 0.715608 0.638889 0.714947 0.642857 0.712632 0.645833 0.711971 0.650546 0.708333 0.653770 0.705357 0.653770 0.702050 0.654762 0.697421 0.654762 0.690476 0.653026 0.684854 0.654018 0.682209 0.652778 0.677910 0.652530 0.673611 0.655506 0.671627 0.653770 0.670635 0.651042 0.668981 0.650794 0.665675 0.654018 0.665675 0.657986 0.663029 0.662698 0.649471 0.670883 0.646164 0.672123 0.640212 0.678323 0.630952 0.686012 0.627646 0.686756 0.625992 0.688244 0.621693 0.689980 0.620040 0.693452 0.620040 0.701637 0.623677 0.705853 0.626653 0.715030 0.631614 0.722966 0.634921 0.732143 0.637897 0.733383 0.638889 0.735863 0.641534 0.736359 0.645833 0.738839 0.654101 0.741567 0.656415 0.743800 0.658069 0.747768 0.662037 0.749504 0.673942 0.758433 0.678571 0.760417 0.681548 0.763393 0.684854 0.763641 0.689153 0.765625 0.693783 0.765625 0.696759 0.766369 0.702050 0.766121 0.703704 0.766617 0.717593 0.766865 0.724868 0.769593 0.727844 0.771329 0.744709 0.770585 0.747024 0.769841 0.753307 0.769841 0.761574 0.768353 0.772156 0.767361 0.775463 0.765873 0.790675 0.763393 0.794643 0.761409 0.807870 0.757937 0.821098 0.752976 0.824735 0.751240 0.831019 0.746528 0.842262 0.741319 0.847222 0.737351 0.854497 0.733135 0.857474 0.730159 0.866071 0.725446 0.869378 0.721974 0.877646 0.716766 0.889881 0.707589 0.895833 0.704613 0.900132 0.701637 0.905423 0.696925 0.912698 0.694692 0.915344 0.692956 0.916336 0.690972 0.917659 0.689980 0.928241 0.685268 0.936508 0.679315 0.941799 0.677827 0.947751 0.673115 0.950397 0.672619 0.962963 0.665675 0.975529 0.660218 0.978175 0.657738 0.994048 0.653770 0.997354 0.646329 0.998347 0.629216 0.998347 0.613095 1.000000 0.612599 1.000000 0.609623 0.998347 0.609375 0.998347 0.606399 1.000000 0.606151 1.000000 0.594246 0.998677 0.594246 0.997354 0.592758 0.997024 0.588046
